Time,Amplitude
0.0,0.07620956992848163
1.953125e-05,0.2666644185700179
3.90625e-05,0.332865522827266
5.859375e-05,0.22855269204817147
7.8125e-05,0.19776875637006172
9.765625e-05,0.15395740485924306
0.0001171875,-0.04183808283407703
0.00013671875,-0.29501430062441547
0.00015625,-0.36323111680188924
0.00017578125,-0.30285320609955946
0.0001953125,-0.4733236945091355
0.00021484375,-0.48808253266304913
0.000234375,-0.28720908535982326
0.00025390625,-0.3983455768026841
0.0002734375,-0.46387076974458485
0.00029296875,-0.4859725303718484
0.0003125,-0.8164157008577116
0.00033203125,-1.0191017259415551
0.0003515625,-0.792032458916827
0.00037109375,-0.3542583468978624
0.000390625,-0.1226269051347103
0.00041015625,-0.0678328444805086
0.0004296875,0.17680919579051124
0.00044921875,0.4188931856666679
0.00046875,0.40232735433784356
0.00048828125,0.3606378857116494
0.0005078125,0.4621281109219494
0.00052734375,0.47934888210592874
0.000546875,0.29322193701790883
0.00056640625,0.31300593108258246
0.0005859375,0.7214762571796898
0.00060546875,0.8510097102372051
0.000625,0.4190004590245423
0.00064453125,0.1617036473477968
0.0006640625,0.32484024571229997
0.00068359375,0.28217761426191607
0.000703125,-0.12758084930987304
0.00072265625,-0.46330200314352366
0.0007421875,-0.548206980137745
0.00076171875,-0.486491979925415
0.00078125,-0.4883032413379276
0.00080078125,-0.6247592411446916
0.0008203125,-0.5723188386768754
0.00083984375,-0.3305829146367843
0.000859375,-0.3594503678707315
0.00087890625,-0.5565835103438744
0.0008984375,-0.3652468866570424
0.00091796875,-0.10547914920528159
0.0009375,-0.27034300859828464
0.00095703125,-0.3279471316813163
0.0009765625,-0.1936475209201264
0.00099609375,-0.22071922739859526
0.001015625,-0.30758612114152073
0.00103515625,-0.5379281363010666
0.0010546875,-0.5176980468224689
0.00107421875,-0.20600857305978992
0.00109375,-0.35164802871228534
0.00111328125,-0.5298675616335057
0.0011328125,-0.5479245808615814
0.00115234375,-0.5919712520696896
0.001171875,-0.2394749250882316
0.00119140625,-0.20706265976349478
0.0012109375,-0.5678380286765512
0.00123046875,-0.43430493485982136
0.00125,-0.21523199411273472
0.00126953125,-0.14999938997925602
0.0012890625,-0.20154928196006944
0.00130859375,-0.31825450444086933
0.001328125,-0.23532707507880188
0.00134765625,-0.3861853920904702
0.0013671875,-0.5545672461784766
0.00138671875,-0.3591368077499548
0.00140625,-0.17268840957055762
0.00142578125,-0.018364462153015453
0.0014453125,-0.08559985705905077
0.00146484375,-0.21827898889917519
0.001484375,-0.15309471455776996
0.00150390625,-0.2769015195056259
0.0015234375,-0.3174755857463754
0.00154296875,-0.22040937092976154
0.0015625,-0.3603163035452547
0.00158203125,-0.3515567316697409
0.0016015625,-0.2273837153639817
0.00162109375,-0.35825162582577913
0.001640625,-0.49576793963124055
0.00166015625,-0.549437929680648
0.0016796875,-0.4618178491030368
0.00169921875,-0.20702784053416878
0.00171875,-0.2242256156045726
0.00173828125,-0.3549663217925172
0.0017578125,-0.3003436393997208
0.00177734375,-0.18765656288123006
0.001796875,0.037790727796718174
0.00181640625,0.14110095673653958
0.0018359375,0.25723010111333344
0.00185546875,0.5845532303915892
0.001875,0.5308318172235651
0.00189453125,0.21149984478367595
0.0019140625,0.11479062569894899
0.00193359375,0.18889989817942104
0.001953125,0.34807155622399705
0.00197265625,0.331119410709339
0.0019921875,0.17267468299174513
0.00201171875,0.1799497148715229
0.00203125,0.08031103776253176
0.00205078125,-0.09330219738307688
0.0020703125,0.14636587181909427
0.00208984375,0.3480718084898986
0.002109375,-0.012575101199648664
0.00212890625,-0.30278246399275993
0.0021484375,-0.16027801249426382
0.00216796875,-0.02338738932135951
0.0021875,-0.05957265569134175
0.00220703125,-0.19340674829869842
0.0022265625,-0.24583930255004288
0.00224609375,-0.18222869301850353
0.002265625,-0.12493423170376952
0.00228515625,0.0806034183757178
0.0023046875,0.20706028579050362
0.00232421875,0.08756241094244686
0.00234375,0.1368876335256471
0.00236328125,0.34107068448593864
0.0023828125,0.47712745699183456
0.00240234375,0.4324926458443517
0.002421875,0.2916667619247254
0.00244140625,0.40827195959148627
0.0024609375,0.4638099893034189
0.00248046875,0.23733312291482023
0.0025,0.23100334529007746
0.00251953125,0.33558397826615244
0.0025390625,0.44320960186309877
0.00255859375,0.810070569443541
0.002578125,0.9442998315371018
0.00259765625,0.6875638351684368
0.0026171875,0.6640358705836743
0.00263671875,0.8310144548435513
0.00265625,0.8586820995601844
0.00267578125,0.7797202932865385
0.0026953125,0.6630398146063834
0.00271484375,0.7308718332168106
0.002734375,0.8389051106185762
0.00275390625,0.7453292220646344
0.0027734375,0.6314209811485967
0.00279296875,0.43825005267600936
0.0028125,0.41544553464476824
0.00283203125,0.6068096574871221
0.0028515625,0.4073638167592024
0.00287109375,-0.033008032840858084
0.002890625,-0.28001712472920387
0.00291015625,-0.16846396704066047
0.0029296875,-0.049312014500904805
0.00294921875,-0.36261728199738097
0.00296875,-0.5179179337905653
0.00298828125,-0.29760199146908445
0.0030078125,-0.12093493400017577
0.00302734375,-0.14839680763223762
0.003046875,-0.326971046150053
0.00306640625,-0.29224139491908463
0.0030859375,-0.19104659492494197
0.00310546875,-0.21382632353603903
0.003125,-0.11482974542545417
0.00314453125,-0.0063670305904202605
0.0031640625,0.10633297398101682
0.00318359375,0.24257755004571863
0.003203125,0.25130074189866447
0.00322265625,0.19825487752477028
0.0032421875,0.19434450426917216
0.00326171875,0.2489142349720436
0.00328125,0.04935743689070643
0.00330078125,-0.35036222760047936
0.0033203125,-0.19710246443187415
0.00333984375,0.3767271014561041
0.003359375,0.47902565138959935
0.00337890625,0.07937644352806314
0.0033984375,-0.08631382263559606
0.00341796875,0.35810582337699914
0.0034375,0.6128313251873532
0.00345703125,0.2979562686868948
0.0034765625,0.3548695795484913
0.00349609375,0.6603135582444802
0.003515625,0.5630172311294188
0.00353515625,0.40334617775894627
0.0035546875,0.2518871984425375
0.00357421875,0.0438842290952126
0.00359375,-0.004522038875210402
0.00361328125,-0.03896314387137559
0.0036328125,-0.1620772203442478
0.00365234375,-0.21672353537073538
0.003671875,-0.1688557087881122
0.00369140625,-0.10032725793067876
0.0037109375,-0.21352845655007596
0.00373046875,-0.4423651200419066
0.00375,-0.4025107935682244
0.00376953125,-0.16296857024514422
0.0037890625,-0.05133187776544097
0.00380859375,-0.07390751952721906
0.003828125,-0.11708920213825559
0.00384765625,-0.1845528591159397
0.0038671875,-0.1261285329864936
0.00388671875,0.1865134908551005
0.00390625,0.34318919895285704
0.00392578125,0.19427253072926237
0.0039453125,0.1081806771895032
0.00396484375,0.1132652957115369
0.003984375,0.09100001695223794
0.00400390625,0.10202414194517581
0.0040234375,0.2554118009600477
0.00404296875,0.49323181911013325
0.0040625,0.4971070839924018
0.00408203125,0.273673197758711
0.0041015625,0.2229915114956185
0.00412109375,0.32261129251101356
0.004140625,0.31169490096001623
0.00416015625,0.26057652768158823
0.0041796875,0.23594039973634967
0.00419921875,0.1341278927873521
0.00421875,-0.05889440562057981
0.00423828125,-0.14478571122896586
0.0042578125,-0.04005223294993112
0.00427734375,0.14253844959878742
0.004296875,0.23221080294448415
0.00431640625,0.2519767529390011
0.0043359375,0.4518504181958257
0.00435546875,0.44493790563537305
0.004375,0.1421902339519198
0.00439453125,0.14272164144324995
0.0044140625,0.3148276833288752
0.00443359375,0.32173451113448304
0.004453125,0.08007364013283974
0.00447265625,-0.004973489214695245
0.0044921875,0.38753862821432417
0.00451171875,0.6629741322650523
0.00453125,0.7725979123704829
0.00455078125,0.9917335105335513
0.0045703125,0.987600003269161
0.00458984375,0.8109277419263181
0.004609375,0.9547041575416692
0.00462890625,1.2128631785321284
0.0046484375,0.9852547783930534
0.00466796875,0.5860608640952503
0.0046875,0.584499815827959
0.00470703125,0.766913924220703
0.0047265625,0.7042090781311677
0.00474609375,0.5134362604615521
0.004765625,0.5894470925310291
0.00478515625,0.6374123422515413
0.0048046875,0.37084964956362354
0.00482421875,0.2664686902623625
0.00484375,0.27294097019410624
0.00486328125,0.10840055703589116
0.0048828125,0.06392325667682022
0.00490234375,0.13501147503823513
0.004921875,0.19115123871402678
0.00494140625,0.22587381982171525
0.0049609375,0.11754583764855865
0.00498046875,-0.0037239411341668865
0.005,0.06247036200369419
0.00501953125,0.2634624833297273
0.0050390625,0.3421796054645037
0.00505859375,0.23073568004028008
0.005078125,0.2327672465646211
0.00509765625,0.2997469514847068
0.0051171875,0.21866095229067534
0.00513671875,0.12085504696536477
0.00515625,0.1126812738350598
0.00517578125,0.19620099385551976
0.0051953125,0.24092909550706765
0.00521484375,0.3080760947122758
0.005234375,0.5496952940094431
0.00525390625,0.5238049804321595
0.0052734375,0.1730272691649598
0.00529296875,0.22506739577620327
0.0053125,0.6420789761887238
0.00533203125,0.7563107650974681
0.0053515625,0.4928019757666654
0.00537109375,0.1486697472168947
0.005390625,0.02240893641603657
0.00541015625,0.19490164455887052
0.0054296875,0.3381496196503444
0.00544921875,0.37773925450681234
0.00546875,0.49061462564768055
0.00548828125,0.5382615127233736
0.0055078125,0.5044048551071041
0.00552734375,0.46440579507657553
0.005546875,0.539405457837018
0.00556640625,0.8412799266445424
0.0055859375,0.6852609063753673
0.00560546875,-0.0038176480559966586
0.005625,-0.22992008696246433
0.00564453125,-0.11209590971920842
0.0056640625,-0.14025562374516234
0.00568359375,-0.031007485323974304
0.005703125,0.07208153514538018
0.00572265625,-0.11871821329996167
0.0057421875,-0.3600862403908316
0.00576171875,-0.4593828950005008
0.00578125,-0.2354684283272444
0.00580078125,0.07113508968305413
0.0058203125,-0.16192996895531903
0.00583984375,-0.4867000512998418
0.005859375,-0.5027942853212466
0.00587890625,-0.5340778678041551
0.0058984375,-0.4922827664434777
0.00591796875,-0.5487436996893844
0.0059375,-0.539470343794125
0.00595703125,-0.09176261622061659
0.0059765625,0.16698821086551455
0.00599609375,0.07283011693275747
0.006015625,-0.09001911623389396
0.00603515625,-0.34752441715367466
0.0060546875,-0.3551726061434955
0.00607421875,-0.1379504046907274
0.00609375,-0.16658824613966655
0.00611328125,-0.2193543729998722
0.0061328125,-0.04105287089035642
0.00615234375,-0.0076195726453097
0.006171875,-0.261104036984174
0.00619140625,-0.3801082120989072
0.0062109375,-0.2565373132909804
0.00623046875,-0.2844508941283347
0.00625,-0.2918705330392497
0.00626953125,0.0435950644557161
0.0062890625,0.1451694752639968
0.00630859375,-0.1499352584629953
0.006328125,-0.22580166035957686
0.00634765625,-0.039422102022348214
0.0063671875,0.15195902569087805
0.00638671875,0.10780476344325685
0.00640625,-0.12507334200677286
0.00642578125,-0.031029788384868428
0.0064453125,0.1260370861169662
0.00646484375,-0.040975791767572975
0.006484375,-0.1288807975927223
0.00650390625,-0.02470728085104231
0.0065234375,0.1295425452820195
0.00654296875,0.1581381650914238
0.0065625,0.06293976142679392
0.00658203125,0.0797802898653464
0.0066015625,0.13856105246481493
0.00662109375,0.3475017437897796
0.006640625,0.4530034604011277
0.00666015625,0.13463731616591249
0.0066796875,0.17291884928988843
0.00669921875,0.4226162935071622
0.00671875,0.11185238617913566
0.00673828125,-0.079350627679193
0.0067578125,0.1261504176991154
0.00677734375,0.20066632274590385
0.006796875,0.04508017835895245
0.00681640625,-0.1523665874205553
0.0068359375,-0.00968952359228199
0.00685546875,0.10511985587568064
0.006875,-0.07044708713935552
0.00689453125,-0.01921461861546786
0.0069140625,-0.010969704729131145
0.00693359375,-0.13226304928889782
0.006953125,-0.18965795077273717
0.00697265625,-0.4054506775075949
0.0069921875,-0.3479236701404924
0.00701171875,-0.040761110869573444
0.00703125,-0.12507150373749376
0.00705078125,-0.39369430860634336
0.0070703125,-0.498742450441358
0.00708984375,-0.4439975092352608
0.007109375,-0.3385898663245305
0.00712890625,-0.2955321919459267
0.0071484375,-0.15959251514363254
0.00716796875,-0.03996537586857637
0.0071875,-0.20394131420862763
0.00720703125,-0.3179933254700966
0.0072265625,-0.11298756138505389
0.00724609375,0.10168782965690465
0.007265625,0.014601890902791792
0.00728515625,-0.3303298577691366
0.0073046875,-0.4661437994286826
0.00732421875,-0.15047079264486246
0.00734375,0.08145950870138698
0.00736328125,0.06026484423309972
0.0073828125,0.18577883353540117
0.00740234375,0.3187806443381796
0.007421875,0.22072457602935558
0.00744140625,0.010981068941787131
0.0074609375,-0.2923098333632986
0.00748046875,-0.45833780840928207
0.0075,-0.3392993085618533
0.00751953125,-0.3630404162958843
0.0075390625,-0.40866483484594485
0.00755859375,-0.36913682907587947
0.007578125,-0.5675078531270259
0.00759765625,-0.6666539865313571
0.0076171875,-0.7206970329525355
0.00763671875,-0.8079982762306224
0.00765625,-0.56567227680281
0.00767578125,-0.49071730813524395
0.0076953125,-0.8141210003419295
0.00771484375,-0.912862257337982
0.007734375,-0.7356562719353862
0.00775390625,-0.8569702109146831
0.0077734375,-1.1118363690049264
0.00779296875,-0.9821535782022381
0.0078125,-0.7526759846020606
0.00783203125,-0.6001485225461289
0.0078515625,-0.5206580687724681
0.00787109375,-0.6636645707437795
0.007890625,-0.7493798993452316
0.00791015625,-0.5806148937610407
0.0079296875,-0.2837184504904811
0.00794921875,-0.11291491022949975
0.00796875,-0.18378683685488864
0.00798828125,-0.0955554089678265
0.0080078125,0.14729442459772912
0.00802734375,0.07829925958878241
0.008046875,-0.1446873183460215
0.00806640625,-0.20751618477186734
0.0080859375,-0.27378873750223953
0.00810546875,-0.5341616607597965
0.008125,-0.8301693436369273
0.00814453125,-0.933910420046706
0.0081640625,-0.7789087931992371
0.00818359375,-0.535381732441585
0.008203125,-0.5540520103906792
0.00822265625,-0.6743785641995959
0.0082421875,-0.5722610133860763
0.00826171875,-0.4633757923394198
0.00828125,-0.5038862929625063
0.00830078125,-0.5284245346310896
0.0083203125,-0.4814063741776369
0.00833984375,-0.5838896308879815
0.008359375,-0.6968508243573308
0.00837890625,-0.46899621945617453
0.0083984375,-0.3474398207455918
0.00841796875,-0.5187318590038641
0.0084375,-0.36841320842004716
0.00845703125,-0.07968015644029613
0.0084765625,-0.07731925758316052
0.00849609375,-0.029063571474249296
0.008515625,0.14792218718210914
0.00853515625,0.14044676045227839
0.0085546875,-0.05614918019223622
0.00857421875,-0.02460685638087102
0.00859375,0.21048090330536995
0.00861328125,0.018451414452947013
0.0086328125,-0.35900946846960663
0.00865234375,-0.13106880435480162
0.008671875,0.24505761003505486
0.00869140625,0.024492913768395443
0.0087109375,-0.3025891040884342
0.00873046875,-0.3734092565423287
0.00875,-0.3745034365331918
0.00876953125,-0.28708003628136985
0.0087890625,-0.26089325418300924
0.00880859375,-0.318762132455335
0.008828125,-0.5047277177415351
0.00884765625,-0.80391665297956
0.0088671875,-0.8331372606779706
0.00888671875,-0.8859636009962393
0.00890625,-1.1409232433639234
0.00892578125,-1.1012935828746047
0.0089453125,-0.9575575260014991
0.00896484375,-0.995155077909826
0.008984375,-0.9297645316067934
0.00900390625,-0.7461949485480959
0.0090234375,-0.566526110372436
0.00904296875,-0.5421584549227176
0.0090625,-0.780971006493979
0.00908203125,-0.7288140673232636
0.0091015625,-0.29223225074385867
0.00912109375,-0.07295534985835662
0.009140625,-0.22945383494069146
0.00916015625,-0.5692151359874632
0.0091796875,-0.4556023888051988
0.00919921875,-0.09698487104314611
0.00921875,-0.2931592643383287
0.00923828125,-0.34332045503002795
0.0092578125,-0.1430469952598413
0.00927734375,-0.3600377132653643
0.009296875,-0.5285778216839792
0.00931640625,-0.46483204948426327
0.0093359375,-0.2912117731484638
0.00935546875,-0.2643681810807511
0.009375,-0.5978658246939212
0.00939453125,-0.6460591715080397
0.0094140625,-0.5823785638654639
0.00943359375,-0.7003148191241207
0.009453125,-0.5254910035399737
0.00947265625,-0.3952968232468722
0.0094921875,-0.4296196055232474
0.00951171875,-0.4555611350814879
0.00953125,-0.5873590913984743
0.00955078125,-0.49710083110896797
0.0095703125,-0.2871724977427356
0.00958984375,-0.23578289178616546
0.009609375,-0.33860843082761205
0.00962890625,-0.3433195288533337
0.0096484375,0.11290892473965673
0.00966796875,0.3489354056034299
0.0096875,0.2838959592423607
0.00970703125,0.4354091341389627
0.0097265625,0.25864696733850434
0.00974609375,-0.0559224867974155
0.009765625,-0.11961139139297235
0.00978515625,-0.06456265900298672
0.0098046875,0.19875129147875925
0.00982421875,0.18752001251411937
0.00984375,-0.03937903818072998
0.00986328125,-0.017543482662411135
0.0098828125,-0.01407291480919007
0.00990234375,-0.04557371360738982
0.009921875,-0.059275464677553014
0.00994140625,-0.0560365668937089
0.0099609375,0.024358730320359026
0.00998046875,-0.02073430425722126
0.01,-0.2018700341112674
0.01001953125,-0.3023764817413246
0.0100390625,-0.21245492461714086
0.01005859375,-0.11688993427470935
0.010078125,-0.1910567188972836
0.01009765625,-0.251655824225531
0.0101171875,-0.08528992664444518
0.01013671875,0.15442598028198906
0.01015625,0.06281320693322748
0.01017578125,-0.12504799404293657
0.0101953125,-0.0593309393916591
0.01021484375,-0.14523392133498214
0.010234375,-0.2663295549070115
0.01025390625,-0.11515512372185345
0.0102734375,0.05086884013774737
0.01029296875,0.029727972605453498
0.0103125,-0.20376958461225186
0.01033203125,-0.15219906896633026
0.0103515625,0.04683679770367863
0.01037109375,-0.05117892002574957
0.010390625,0.0917623735271543
0.01041015625,0.2493444941990573
0.0104296875,0.0917688801458941
0.01044921875,0.09755288176582891
0.01046875,0.1141841829537985
0.01048828125,0.11056966818313038
0.0105078125,0.4704458886196117
0.01052734375,0.8303136687744566
0.010546875,0.7644211159843343
0.01056640625,0.5755379471112243
0.0105859375,0.517108611543696
0.01060546875,0.536430063583025
0.010625,0.7420016158602256
0.01064453125,0.9513712387423665
0.0106640625,0.7775498048225072
0.01068359375,0.5509365690880058
0.010703125,0.4862438226267489
0.01072265625,0.3605269416302528
0.0107421875,0.2305934145909005
0.01076171875,0.10699010919827402
0.01078125,0.05421811368482481
0.01080078125,-0.054643012459221534
0.0108203125,-0.19444011338442152
0.01083984375,-0.13628622870410695
0.010859375,-0.3586854056095621
0.01087890625,-0.5407794592174788
0.0108984375,-0.31224632015563303
0.01091796875,-0.36667805484273863
0.0109375,-0.4057074635783066
0.01095703125,-0.1584185970401369
0.0109765625,-0.02867035770413722
0.01099609375,0.0029436256190408065
0.011015625,-0.01981208810496226
0.01103515625,0.08534501419076708
0.0110546875,0.11828524684366867
0.01107421875,-0.11628411532290704
0.01109375,-0.04700698479396484
0.01111328125,0.11981191893584742
0.0111328125,-0.010199301871190872
0.01115234375,0.03251393280769552
0.011171875,0.21036532421755316
0.01119140625,0.2918823368660792
0.0112109375,0.3245949114741807
0.01123046875,0.33158497235493056
0.01125,0.4382945426896708
0.01126953125,0.307945357640335
0.0112890625,0.054010972335694005
0.01130859375,0.22373367120091214
0.011328125,0.35099532882673745
0.01134765625,0.2945072417272766
0.0113671875,0.3211818380116463
0.01138671875,0.16631558229114873
0.01140625,0.10346251271741139
0.01142578125,0.2722125984770883
0.0114453125,0.36283097413489407
0.01146484375,0.45067830181458657
0.011484375,0.4163419957285609
0.01150390625,0.43385821088450055
0.0115234375,0.6800123137564515
0.01154296875,0.5960373445197511
0.0115625,0.19354728774112107
0.01158203125,-0.01718079162867389
0.0116015625,0.06724494203297254
0.01162109375,0.16366335634173076
0.011640625,0.04256699311786747
0.01166015625,-0.018116363106140322
0.0116796875,0.03645840155799626
0.01169921875,-0.14815844067879716
0.01171875,-0.2556480777146453
0.01173828125,-0.09355977125671643
0.0117578125,-0.2073622462289904
0.01177734375,-0.30934126983517546
0.011796875,-0.06281484880654696
0.01181640625,0.13534670810667626
0.0118359375,0.26696586873618916
0.01185546875,0.30071269286594593
0.011875,0.3663699361516838
0.01189453125,0.5260083835653003
0.0119140625,0.39255044455379334
0.01193359375,0.1754747211063571
0.011953125,0.022316321040979484
0.01197265625,-0.08300645736323409
0.0119921875,0.28262702455383015
0.01201171875,0.6951560605061486
0.01203125,0.5082352217152692
0.01205078125,0.46764304454847017
0.0120703125,0.9573561607269575
0.01208984375,1.076471829933496
0.012109375,0.7275483505304307
0.01212890625,0.4936687648153201
0.0121484375,0.24634860165195205
0.01216796875,-0.030186047586117967
0.0121875,-0.010947038859331501
0.01220703125,0.13347102345968243
0.0122265625,0.04350811619016958
0.01224609375,-0.1497867548342924
0.012265625,0.04300893211216103
0.01228515625,0.34882292899856243
0.0123046875,0.2044221476946543
0.01232421875,0.09657701238825582
0.01234375,0.2614651791477629
0.01236328125,0.3687774740840143
0.0123828125,0.4802301510398881
0.01240234375,0.5162630922090546
0.012421875,0.5275269979511473
0.01244140625,0.6709061632515136
0.0124609375,0.7097038481270743
0.01248046875,0.6419439300952858
0.0125,0.7272241142259785
0.01251953125,0.9689380121591685
0.0125390625,1.1415111723465448
0.01255859375,1.2168544340268987
0.012578125,1.2150411733192148
0.01259765625,1.2068584721240443
0.0126171875,1.4203873831118887
0.01263671875,1.4898236981439839
0.01265625,1.178819337450142
0.01267578125,0.9712737548444534
0.0126953125,1.017608140512959
0.01271484375,0.9855261093867079
0.012734375,0.5753521759866398
0.01275390625,0.28087776582574653
0.0127734375,0.5511940964107667
0.01279296875,0.48257965749790654
0.0128125,-0.06235261040493496
0.01283203125,-0.18349109010938225
0.0128515625,-0.0634120421431367
0.01287109375,0.10624594892539327
0.012890625,0.3471346004797062
0.01291015625,0.24736615543133036
0.0129296875,0.04671574651915392
0.01294921875,0.17259020902631678
0.01296875,0.49601160018099844
0.01298828125,0.45791397984434973
0.0130078125,0.07528811183679653
0.01302734375,0.2302340693070808
0.013046875,0.5747545439806226
0.01306640625,0.441769045410565
0.0130859375,0.4064006262575074
0.01310546875,0.5032143776902183
0.013125,0.28630345796999923
0.01314453125,0.07065140187564814
0.0131640625,0.17560174488666525
0.01318359375,0.23824731394645488
0.013203125,0.06852555560112776
0.01322265625,-0.05828398420421513
0.0132421875,0.0980013030353779
0.01326171875,0.3980757761006388
0.01328125,0.3393712662960304
0.01330078125,0.2719165766762841
0.0133203125,0.5814965600980824
0.01333984375,0.7919974979251562
0.013359375,0.933724056860735
0.01337890625,0.8444876911181498
0.0133984375,0.5475534579307042
0.01341796875,0.7127291328838616
0.0134375,0.81520413718688
0.01345703125,0.44978597005306875
0.0134765625,0.2182531065930471
0.01349609375,0.2660519281357422
0.013515625,0.38312157169553285
0.01353515625,0.299565184153711
0.0135546875,0.18846449650177138
0.01357421875,0.3512813326750608
0.01359375,0.2826093740297172
0.01361328125,-0.012110559853597599
0.0136328125,-0.03089467224471454
0.01365234375,0.011315376301649143
0.013671875,-0.03511353488885807
0.01369140625,0.05004445459317375
0.0137109375,0.3862175551342764
0.01373046875,0.4901169714591458
0.01375,0.03627660542219061
0.01376953125,-0.15071210161619644
0.0137890625,0.17045136654789353
0.01380859375,0.25366473180539884
0.013828125,-0.13543649869314328
0.01384765625,-0.33088361013747475
0.0138671875,0.09976637136768923
0.01388671875,0.22854327287940696
0.01390625,-0.013518150216556488
0.01392578125,0.13294217090876617
0.0139453125,0.20351308091279197
0.01396484375,0.1808954552649301
0.013984375,0.16134540641828438
0.01400390625,0.023750400362075784
0.0140234375,0.11443021717945154
0.01404296875,0.07387550419151784
0.0140625,0.17151227910045141
0.01408203125,0.5198310563297023
0.0141015625,0.33472457826947133
0.01412109375,0.3645431882955542
0.014140625,0.714916234587711
0.01416015625,0.4372453229102695
0.0141796875,0.08253402377703482
0.01419921875,0.15556636371757296
0.01421875,0.20503424805659926
0.01423828125,-0.17592048569614444
0.0142578125,-0.5020970779426837
0.01427734375,-0.2126930410126198
0.014296875,-0.1357875966764595
0.01431640625,-0.532995715987695
0.0143359375,-0.4538493742686286
0.01435546875,0.012102492176080677
0.014375,0.08536340315374723
0.01439453125,-0.07969360956369322
0.0144140625,0.04665522859310333
0.01443359375,0.2166888164048684
0.014453125,0.19084964523297368
0.01447265625,0.27639937816063237
0.0144921875,0.4450606980083831
0.01451171875,0.41236621437346893
0.01453125,0.28954978283066324
0.01455078125,0.42966114002295386
0.0145703125,0.6524537546192467
0.01458984375,0.5655921214320095
0.014609375,0.4305732164524694
0.01462890625,0.5073659361325746
0.0146484375,0.6166047322165328
0.01466796875,0.4939726187838269
0.0146875,0.25616288640527485
0.01470703125,0.20142626592701912
0.0147265625,0.17110435559706086
0.01474609375,0.13227678757431444
0.014765625,0.22201278827889792
0.01478515625,0.36928604889466476
0.0148046875,0.39828734388148834
0.01482421875,0.2389647856313828
0.01484375,0.11703238973902488
0.01486328125,0.037400152131847345
0.0148828125,-0.11795244799438478
0.01490234375,-0.29395957540884216
0.014921875,-0.39979339638393807
0.01494140625,-0.49981938035425344
0.0149609375,-0.620063823183578
0.01498046875,-0.5461974071758922
0.015,-0.4083186831779104
0.01501953125,-0.28132779510621075
0.0150390625,-0.2700495884324926
0.01505859375,-0.4469639654084512
0.015078125,-0.320040289898649
0.01509765625,-0.16775988857092258
0.0151171875,-0.34619349503773766
0.01513671875,-0.5047735104182927
0.01515625,-0.5881371754928506
0.01517578125,-0.3152347758609334
0.0151953125,0.228488268084311
0.01521484375,0.24010440227511462
0.015234375,-0.14261926872079442
0.01525390625,-0.21500100884641377
0.0152734375,-0.04140472967704809
0.01529296875,0.050040151020171994
0.0153125,0.04935141205007803
0.01533203125,-0.15094780156971013
0.0153515625,-0.5025132117773541
0.01537109375,-0.49146021054617195
0.015390625,-0.25803706248022173
0.01541015625,-0.33835705072823946
0.0154296875,-0.44595672366676675
0.01544921875,-0.2758268065555948
0.01546875,-0.0057648229690504295
0.01548828125,0.07916825803724524
0.0155078125,-0.01184615626598192
0.01552734375,-0.05953963580615059
0.015546875,-0.23644725334337252
0.01556640625,-0.2783188975121921
0.0155859375,-0.07002046648768692
0.01560546875,-0.2438274684136963
0.015625,-0.48059777029470097
0.01564453125,-0.5649472865020031
0.0156640625,-0.8958084860253591
0.01568359375,-1.0314240572247613
0.015703125,-0.8139475904057616
0.01572265625,-0.7187855561683358
0.0157421875,-0.7141698121413611
0.01576171875,-0.5731107483016555
0.01578125,-0.5193641643860215
0.01580078125,-0.5958516832813663
0.0158203125,-0.35771916895501654
0.01583984375,-0.02438143981368441
0.015859375,-0.1960035280239631
0.01587890625,-0.5676269150677842
0.0158984375,-0.5989394109770672
0.01591796875,-0.42890957429799165
0.0159375,-0.3800216194848167
0.01595703125,-0.4928153653600656
0.0159765625,-0.48301858605975195
0.01599609375,-0.20083450026325445
0.016015625,-0.025360453251234708
0.01603515625,-0.03609371530500981
0.0160546875,0.036020357455621044
0.01607421875,0.11867523831098557
0.01609375,0.09102408727145819
0.01611328125,-0.08727060741865317
0.0161328125,-0.21356134288075834
0.01615234375,-0.0009133332657630111
0.016171875,0.0632663192420148
0.01619140625,-0.35805940002940095
0.0162109375,-0.4284377739134519
0.01623046875,-0.02171709092634269
0.01625,-0.23803863759950106
0.01626953125,-0.8892586126712726
0.0162890625,-0.9081965063049936
0.01630859375,-0.5449401165696502
0.016328125,-0.5070825517238942
0.01634765625,-0.7698567490652082
0.0163671875,-0.7623766083203438
0.01638671875,-0.33066340739960515
0.01640625,-0.18450158448072349
0.01642578125,-0.27404671827459637
0.0164453125,-0.057863790518771115
0.01646484375,0.07287544606333318
0.016484375,-0.03111530767959323
0.01650390625,-0.11330084243202161
0.0165234375,-0.20008109878548927
0.01654296875,-0.3092705806566708
0.0165625,-0.49531730257749795
0.01658203125,-0.3967062090542467
0.0166015625,0.22747736086088394
0.01662109375,0.6126897608285687
0.016640625,0.4745667018456896
0.01666015625,0.28572577177804026
0.0166796875,0.18953813644149947
0.01669921875,0.3140511020980259
0.01671875,0.3770145796834103
0.01673828125,0.14093265485578757
0.0167578125,0.11910550294431008
0.01677734375,0.21478403169336216
0.016796875,0.12347424467934387
0.01681640625,-0.0007871894614676009
0.0168359375,-0.33039192469184553
0.01685546875,-0.8419730899779492
0.016875,-0.8330884162508421
0.01689453125,-0.34653389967681214
0.0169140625,-0.3588109924232351
0.01693359375,-0.801451130737876
0.016953125,-0.9610996943131824
0.01697265625,-0.849368103364058
0.0169921875,-0.7996791687466025
0.01701171875,-0.947843064351791
0.01703125,-0.971311022722401
0.01705078125,-0.647445183117343
0.0170703125,-0.30961352344155063
0.01708984375,-0.16619013791859139
0.017109375,-0.18875320619274621
0.01712890625,-0.26680506461710796
0.0171484375,-0.24988859554032108
0.01716796875,-0.2656417010419893
0.0171875,-0.2423560326423528
0.01720703125,-0.118043428369485
0.0172265625,-0.18470886360574823
0.01724609375,-0.3355268559536754
0.017265625,-0.3453942482848356
0.01728515625,-0.24811157894556524
0.0173046875,-0.35712344402574914
0.01732421875,-0.7044784221444746
0.01734375,-0.6957209311587097
0.01736328125,-0.44026412291439
0.0173828125,-0.2430780203906983
0.01740234375,-0.15848192281434967
0.017421875,-0.4404182311782057
0.01744140625,-0.3779094710235063
0.0174609375,0.223629075279817
0.01748046875,0.3012588656612325
0.0175,-0.1118829276122195
0.01751953125,-0.4255997417281606
0.0175390625,-0.5186980056002803
0.01755859375,-0.36089802050147946
0.017578125,-0.26565450155545267
0.01759765625,-0.43627907212348443
0.0176171875,-0.5374345401888314
0.01763671875,-0.3187838859453816
0.01765625,0.10102597857477112
0.01767578125,0.3477936374642442
0.0176953125,0.25900616681780175
0.01771484375,0.18654697391940497
0.017734375,0.11630371912085014
0.01775390625,-0.18675186733662907
0.0177734375,-0.3216537305397823
0.01779296875,-0.17613454469250234
0.0178125,-0.06750608127114599
0.01783203125,0.03891006801675773
0.0178515625,0.034913160156071515
0.01787109375,-0.14568608352475243
0.017890625,-0.21750412201506014
0.01791015625,-0.10314333545799892
0.0179296875,0.08809058386417905
0.01794921875,0.11141530056713181
0.01796875,-0.05452493057726093
0.01798828125,-0.1160899577523638
0.0180078125,-0.15114262018953903
0.01802734375,-0.19601572911604487
0.018046875,-0.09577353128911303
0.01806640625,-0.10131905460007383
0.0180859375,-0.18298060946600903
0.01810546875,-0.0066947087622473075
0.018125,0.18057870627809053
0.01814453125,0.16862683981165438
0.0181640625,0.13024312385363795
0.01818359375,0.179762450572856
0.018203125,0.25673576165897316
0.01822265625,0.25930271459504733
0.0182421875,0.26982127403523815
0.01826171875,0.17720008346316402
0.01828125,-0.017910427122982107
0.01830078125,-0.1540470818365425
0.0183203125,-0.3339277447311828
0.01833984375,-0.30972869511924467
0.018359375,-0.10088937981519921
0.01837890625,-0.026043418379202814
0.0183984375,0.0735446576797912
0.01841796875,-0.0329505251830916
0.0184375,-0.12291659701101922
0.01845703125,0.34914780700194803
0.0184765625,0.546364727784969
0.01849609375,0.3177339111762352
0.018515625,0.36331359168566635
0.01853515625,0.43895503196872654
0.0185546875,0.3593610273290004
0.01857421875,0.17831929978222913
0.01859375,0.2529753060146709
0.01861328125,0.6024740218940015
0.0186328125,0.5480334173809944
0.01865234375,0.2497797738553023
0.018671875,-0.10542878878178877
0.01869140625,-0.32390192179377775
0.0187109375,-0.05300019910593286
0.01873046875,0.0728918593543715
0.01875,-0.04208249461385222
0.01876953125,0.06448956923113189
0.0187890625,0.2467265196023414
0.01880859375,0.4372077771086669
0.018828125,0.4761715387981221
0.01884765625,0.22217529337822178
0.0188671875,0.17794908985832222
0.01888671875,0.30246411953332797
0.01890625,0.033189699989816225
0.01892578125,-0.16805284233298678
0.0189453125,0.019965099849410854
0.01896484375,0.08831043740621557
0.018984375,-0.046483295053952566
0.01900390625,-0.10166714008481033
0.0190234375,0.009105739059871679
0.01904296875,0.06743754422854843
0.0190625,0.013951931060873574
0.01908203125,-0.02751510310234674
0.0191015625,-0.05363350123977423
0.01912109375,-0.02187051395110702
0.019140625,0.011142639634652556
0.01916015625,0.109816668245177
0.0191796875,0.22624170579328626
0.01919921875,-0.007797437829748663
0.01921875,-0.17802425812780226
0.01923828125,0.12944835531270554
0.0192578125,0.1572891205640132
0.01927734375,-0.17014592013538787
0.019296875,-0.02538187580188743
0.01931640625,0.3331057685410148
0.0193359375,0.2420161197779826
0.01935546875,-0.02344264449524994
0.019375,-0.04497700406844327
0.01939453125,-0.06099349750914079
0.0194140625,-0.21181718198668995
0.01943359375,-0.04974241816763403
0.019453125,0.3285614567518757
0.01947265625,0.2743747908657569
0.0194921875,-0.027687350497614425
0.01951171875,0.05662589008856335
0.01953125,0.3284436503623446
0.01955078125,0.22679569673263206
0.0195703125,0.07963690589127087
0.01958984375,0.2777664759023311
0.019609375,0.29299440166053464
0.01962890625,-0.06559721824560893
0.0196484375,-0.36390436816806676
0.01966796875,-0.5273891939922997
0.0196875,-0.5502725768849029
0.01970703125,-0.2782209473699837
0.0197265625,-0.20246691039391057
0.01974609375,-0.5474758755871572
0.019765625,-0.5680987907157334
0.01978515625,-0.31517182861182924
0.0198046875,-0.2393572532640403
0.01982421875,-0.14613438262178113
0.01984375,-0.044027791096532154
0.01986328125,-0.1342059930710653
0.0198828125,-0.38787408470158424
0.01990234375,-0.4764567590145319
0.019921875,-0.2965414841024124
0.01994140625,-0.1586520409618384
0.0199609375,-0.13730704398582308
0.01998046875,-0.011520411682562112
0.02,0.2671511824263203
0.02001953125,0.3873921927361894
0.0200390625,0.28588620221344074
0.02005859375,0.2395912557508485
0.020078125,0.2660398764951672
0.02009765625,0.3013776570014371
0.0201171875,0.3660530696378367
0.02013671875,0.3664623308377818
0.02015625,0.2678768065252499
0.02017578125,0.11452183361675099
0.0201953125,0.018670793515211274
0.02021484375,0.06453667928122613
0.020234375,0.020633808586617418
0.02025390625,0.05337937800987996
0.0202734375,0.3281287146719393
0.02029296875,0.3413727684382134
0.0203125,0.36871983426179555
0.02033203125,0.634117559860006
0.0203515625,0.3783045039228838
0.02037109375,-0.14609229290805706
0.020390625,-0.14051722477886025
0.02041015625,0.19129966078887672
0.0204296875,0.38030830552121125
0.02044921875,0.437873816372475
0.02046875,0.6024371276583718
0.02048828125,0.7718282021217763
0.0205078125,0.8220663886588793
0.02052734375,0.9571936108850646
0.020546875,1.0619152671393282
0.02056640625,0.8781222882441829
0.0205859375,0.7058319788998912
0.02060546875,0.8133482352715097
0.020625,0.9304539941135317
0.02064453125,0.9412476408178654
0.0206640625,0.802353823851844
0.02068359375,0.535799808589452
0.020703125,0.43956830622734155
0.02072265625,0.3629377406010913
0.0207421875,0.4307431074915032
0.02076171875,0.7128361034317667
0.02078125,0.5336252244150171
0.02080078125,0.34908215515188934
0.0208203125,0.6308699005068522
0.02083984375,0.5136105392718874
0.020859375,0.11585322709417624
0.02087890625,0.06321816834765416
0.0208984375,-0.1304605269377021
0.02091796875,-0.330140252991034
0.0209375,-0.04872444655898883
0.02095703125,0.1768728933588845
0.0209765625,0.30820500024159014
0.02099609375,0.5113639953227997
0.021015625,0.5514820781917216
0.02103515625,0.5412001375135366
0.0210546875,0.32204204082366367
0.02107421875,0.15891061164955667
0.02109375,0.36146820762806303
0.02111328125,0.24946354137496823
0.0211328125,0.09456292511495247
0.02115234375,0.3626747979741163
0.021171875,0.3906203879549117
0.02119140625,0.1653943970254441
0.0212109375,0.10990912588100411
0.02123046875,0.22646085288323964
0.02125,0.25799178047644944
0.02126953125,0.08548347013537394
0.0212890625,0.15280655225334439
0.02130859375,0.42472463583100917
0.021328125,0.3607585141094085
0.02134765625,0.07094888392144881
0.0213671875,0.24445785636086909
0.02138671875,0.7601640587885719
0.02140625,0.48291058245954355
0.02142578125,-0.10409150522375904
0.0214453125,0.14248006673704694
0.02146484375,0.4226493258312448
0.021484375,0.34091717111485187
0.02150390625,0.2815086392325717
0.0215234375,0.11444913999750893
0.02154296875,0.13711241696211646
0.0215625,0.3602205787611003
0.02158203125,0.3596339574706598
0.0216015625,0.11697488539663609
0.02162109375,-0.1461746607065024
0.021640625,-0.16530290147253798
0.02166015625,-0.024085598054107517
0.0216796875,0.2015023864083781
0.02169921875,0.45693384547338084
0.02171875,0.3943950619518643
0.02173828125,0.07839139701639403
0.0217578125,-0.0914422263513348
0.02177734375,0.01660320982207774
0.021796875,0.055473090685832435
0.02181640625,-0.32448985066795394
0.0218359375,-0.5728620803688611
0.02185546875,-0.27834223407003594
0.021875,-0.1064997852339529
0.02189453125,-0.19426947167901
0.0219140625,-0.19262026296829088
0.02193359375,-0.24925817468004305
0.021953125,-0.11727704429326272
0.02197265625,0.2378725146129091
0.0219921875,0.3879282592739619
0.02201171875,0.36791111004599336
0.02203125,0.07868963054730235
0.02205078125,-0.11219181841189611
0.0220703125,0.24791282408660698
0.02208984375,0.26557694312630653
0.022109375,-0.21982693820688154
0.02212890625,-0.2521585111467484
0.0221484375,-0.0872997546563059
0.02216796875,-0.11747235883431938
0.0221875,0.1024378631946435
0.02220703125,0.26745648459611293
0.0222265625,-0.013597420454788692
0.02224609375,-0.22885530584835648
0.022265625,-0.09797038250138485
0.02228515625,-0.09907335972299078
0.0223046875,-0.48927338985554025
0.02232421875,-0.5157578713185204
0.02234375,-0.016098581825566317
0.02236328125,0.19335700893933613
0.0223828125,0.17188151910525415
0.02240234375,0.14045994382683819
0.022421875,0.03176867460263197
0.02244140625,0.14602772772578937
0.0224609375,0.2193596644012747
0.02248046875,0.17910421573514246
0.0225,0.3128839733207326
0.02251953125,0.21080016584907532
0.0225390625,0.07173576325401056
0.02255859375,0.11150605583230247
0.022578125,0.09936656867571685
0.02259765625,0.28416981385777473
0.0226171875,0.2975917647725564
0.02263671875,0.030889901319845738
0.02265625,-0.010171849492677557
0.02267578125,0.030076926244500785
0.0226953125,0.009006681294846428
0.02271484375,0.007452084725215538
0.022734375,0.23917317322805337
0.02275390625,0.48865190117535956
0.0227734375,0.16703301875495538
0.02279296875,-0.3286727534687235
0.0228125,-0.4254484285924188
0.02283203125,-0.231942751278076
0.0228515625,-0.16564354449990293
0.02287109375,-0.3460789713717058
0.022890625,-0.3298829478847296
0.02291015625,-0.3693758694960273
0.0229296875,-0.6469938342703287
0.02294921875,-0.5433162037135392
0.02296875,-0.29129522839454447
0.02298828125,-0.2900091292593015
0.0230078125,-0.3098456155734719
0.02302734375,-0.1838590030476705
0.023046875,-0.00312284916652851
0.02306640625,-0.12707623712210098
0.0230859375,-0.3694433364275266
0.02310546875,-0.3974088921707142
0.023125,-0.42926883167472624
0.02314453125,-0.3625291305088011
0.0231640625,-0.17896465112714027
0.02318359375,-0.13476236390862764
0.023203125,-0.032245315753254865
0.02322265625,0.28302045549914084
0.0232421875,0.4571522462428369
0.02326171875,0.25053093008883975
0.02328125,0.12805196769473953
0.02330078125,0.31288348313917713
0.0233203125,0.19748900187708102
0.02333984375,-0.28015778256558066
0.023359375,-0.42396432067891965
0.02337890625,-0.230105596509877
0.0233984375,-0.24418582262353583
0.02341796875,-0.3250261190139603
0.0234375,-0.16085531733833092
0.02345703125,-0.051337647808976455
0.0234765625,-0.14666060364271397
0.02349609375,-0.26964450507892807
0.023515625,-0.3561837794782104
0.02353515625,-0.4384613493652385
0.0235546875,-0.4331371078609547
0.02357421875,-0.24047604557936872
0.02359375,-0.31268117376313204
0.02361328125,-0.7034227996796751
0.0236328125,-0.7259755608644944
0.02365234375,-0.5059038081697326
0.023671875,-0.602486077040257
0.02369140625,-0.8333965318284817
0.0237109375,-0.7171801804214761
0.02373046875,-0.4184435134870536
0.02375,-0.39431902072568714
0.02376953125,-0.4569446774454267
0.0237890625,-0.2784259606337368
0.02380859375,-0.11618667600486657
0.023828125,-0.13077220406988696
0.02384765625,-0.17823133790946652
0.0238671875,-0.4186622631030865
0.02388671875,-0.629839709079927
0.02390625,-0.5178939810217864
0.02392578125,-0.49871633666088894
0.0239453125,-0.6518518269518252
0.02396484375,-0.6672302379879738
0.023984375,-0.4286560093756661
0.02400390625,-0.17479512860746635
0.0240234375,-0.2628829171414064
0.02404296875,-0.4301995950003872
0.0240625,-0.24717617808310238
0.02408203125,0.05398029318283811
0.0241015625,-0.011461017037313545
0.02412109375,-0.21046080612514514
0.024140625,-0.16346632777543413
0.02416015625,-0.27739063982044154
0.0241796875,-0.5948759332021267
0.02419921875,-0.6572032724200951
0.02421875,-0.553104558146696
0.02423828125,-0.4669515910683583
0.0242578125,-0.4753241806551929
0.02427734375,-0.6526357094363998
0.024296875,-0.7943075419708925
0.02431640625,-0.7194654028507401
0.0243359375,-0.5419582697812666
0.02435546875,-0.5723688392413792
0.024375,-0.7066339265501669
0.02439453125,-0.42531333840322566
0.0244140625,-0.06601392016875283
0.02443359375,-0.07269110363183294
0.024453125,-0.0008416114062597055
0.02447265625,0.15715210663804285
0.0244921875,0.16916135332216223
0.02451171875,0.15794852600751041
0.02453125,0.15764898660489768
0.02455078125,0.0990266982338465
0.0245703125,-0.1372281424545313
0.02458984375,-0.25874930612223723
0.024609375,-0.1638741011335925
0.02462890625,-0.1475096139590922
0.0246484375,-0.08680874794657809
0.02466796875,-0.08323104532086023
0.0246875,-0.19323101388528963
0.02470703125,-0.1587210148542261
0.0247265625,-0.21308150349364247
0.02474609375,-0.40729208370009806
0.024765625,-0.528856484885395
0.02478515625,-0.6839563522379417
0.0248046875,-0.7552209955761291
0.02482421875,-0.6608945379738046
0.02484375,-0.7220005094971533
0.02486328125,-0.7009069234616611
0.0248828125,-0.3376126663003921
0.02490234375,-0.3414108729499361
0.024921875,-0.6803256512150104
0.02494140625,-0.6311697010156959
0.0249609375,-0.48101354628160403
0.02498046875,-0.4105279295870238
0.025,-0.3406477350348026
0.02501953125,-0.5332495078473405
0.0250390625,-0.7012267550958757
0.02505859375,-0.7103230779742165
0.025078125,-0.7532190082104363
0.02509765625,-0.5387475270328248
0.0251171875,-0.1922125154095629
0.02513671875,-0.10924988803728547
0.02515625,-0.1346455836539638
0.02517578125,-0.23525842975976757
0.0251953125,-0.4648793953722981
0.02521484375,-0.5790539933075036
0.025234375,-0.4261874505611132
0.02525390625,-0.22163483099567496
0.0252734375,-0.3522682860177927
0.02529296875,-0.41832660682187833
0.0253125,-0.1346571458999101
0.02533203125,-0.2917266303936543
0.0253515625,-0.5828083928001045
0.02537109375,-0.28261833422615174
0.025390625,-0.07184532282458822
0.02541015625,-0.2072424822851765
0.0254296875,-0.3048946203398685
0.02544921875,-0.40866259453680054
0.02546875,-0.3324592906159149
0.02548828125,-0.07152598383086939
0.0255078125,-0.12027653863304341
0.02552734375,-0.3875459741833761
0.025546875,-0.5058699377777778
0.02556640625,-0.45172730740421974
0.0255859375,-0.49320962199727525
0.02560546875,-0.6814357970816113
0.025625,-0.6080638536162895
0.02564453125,-0.3685795787209224
0.0256640625,-0.18669844456262438
0.02568359375,0.03620522131090982
0.025703125,0.26461404729845023
0.02572265625,0.26533836542399536
0.0257421875,-0.09600658781588514
0.02576171875,-0.19617579448466085
0.02578125,0.06371493158312475
0.02580078125,0.0773776034640832
0.0258203125,-0.036086306968709556
0.02583984375,-0.20776424807342764
0.025859375,-0.22679010941110395
0.02587890625,0.18835825429747433
0.0258984375,0.49696246742078753
0.02591796875,0.34949256880388835
0.0259375,0.010457758672437225
0.02595703125,0.04099115722970939
0.0259765625,0.3953011674029523
0.02599609375,0.3137818079033059
0.026015625,-0.17543810802924162
0.02603515625,-0.38920258786166173
0.0260546875,-0.013811438812949786
0.02607421875,0.33372451368663447
0.02609375,0.15246243319910924
0.02611328125,-0.024435280518364667
0.0261328125,-0.0020408047070390525
0.02615234375,0.15308143987528888
0.026171875,0.2590602652342632
0.02619140625,0.06228188639401571
0.0262109375,-0.12298882658587196
0.02623046875,-0.46663978756831015
0.02625,-0.6872316122068712
0.02626953125,-0.315151270848328
0.0262890625,-0.3082910812551749
0.02630859375,-0.608600735889019
0.026328125,-0.5394571532186898
0.02634765625,-0.28814525235010263
0.0263671875,0.2912570593983609
0.02638671875,0.5713241306891759
0.02640625,0.2996337621701891
0.02642578125,0.34687994745064765
0.0264453125,0.403063891201096
0.02646484375,0.40857551752164056
0.026484375,0.6015349229667296
0.02650390625,0.514087739276054
0.0265234375,0.42933088795374763
0.02654296875,0.4555479471717233
0.0265625,0.3407392812995713
0.02658203125,0.3767670467287284
0.0266015625,0.5233641984939766
0.02662109375,0.555613350810731
0.026640625,0.5406699754377785
0.02666015625,0.6151593020158161
0.0266796875,0.7212953973085721
0.02669921875,0.5214363324166323
0.02671875,0.2454355193797929
0.02673828125,0.32738698316964915
0.0267578125,0.3428290339257033
0.02677734375,0.211190418263497
0.026796875,0.2457549762518505
0.02681640625,0.15168334153841004
0.0268359375,-0.04472755847826653
0.02685546875,-0.17734023390648498
0.026875,-0.34205463844912964
0.02689453125,-0.4102519834923656
0.0269140625,-0.4276769291259015
0.02693359375,-0.40719258209970133
0.026953125,-0.23082594266565262
0.02697265625,-0.12266188890395109
0.0269921875,-0.2127160996244219
0.02701171875,-0.34604345777221485
0.02703125,-0.31877622949447426
0.02705078125,-0.06445224233983869
0.0270703125,-0.004040168058826454
0.02708984375,-0.23990160275069672
0.027109375,-0.23216070779604236
0.02712890625,-0.0038316002331659042
0.0271484375,0.17498201174876576
0.02716796875,0.36002317413900836
0.0271875,0.374411065332837
0.02720703125,0.24967502078076953
0.0272265625,0.20498814393640993
0.02724609375,-0.07103890474367382
0.027265625,-0.4092392008312271
0.02728515625,-0.26483359572658627
0.0273046875,-0.053285971903280674
0.02732421875,-0.13390426968823851
0.02734375,-0.1367295917863329
0.02736328125,0.041630639163983116
0.0273828125,0.014289864071132127
0.02740234375,-0.1799537024037679
0.027421875,0.024168655852313398
0.02744140625,0.2796469199232427
0.0274609375,0.02001293068520036
0.02748046875,-0.15012198375283797
0.0275,0.1805637989140896
0.02751953125,0.618566732584513
0.0275390625,0.7057727626616118
0.02755859375,0.37024375761345607
0.027578125,0.022964218447079077
0.02759765625,-0.06936053650880822
0.0276171875,0.04399360028148243
0.02763671875,0.0008900728729640955
0.02765625,-0.3310295016617509
0.02767578125,-0.3466645267509032
0.0276953125,-0.20596477645114378
0.02771484375,-0.3427223482467905
0.027734375,-0.3126681847708755
0.02775390625,-0.38055652354077996
0.0277734375,-0.5864304433577099
0.02779296875,-0.3796682961190545
0.0278125,-0.24403463351347954
0.02783203125,-0.13093204243769885
0.0278515625,0.05124781091122001
0.02787109375,-0.2016176061698031
0.027890625,-0.16630507854550175
0.02791015625,0.21982596311571595
0.0279296875,0.20995114447205163
0.02794921875,0.17766121671196772
0.02796875,0.2835749608921288
0.02798828125,0.4605807227632688
0.0280078125,0.5358077443278135
0.02802734375,0.3002733505150119
0.028046875,0.4051361782081055
0.02806640625,0.5528643109251608
0.0280859375,0.1950988604950919
0.02810546875,-0.026891972711937016
0.028125,0.06976342956457021
0.02814453125,0.3488933354016559
0.0281640625,0.2788579170576985
0.02818359375,-0.22956744350272545
0.028203125,-0.10812456115033992
0.02822265625,0.2290483753419293
0.0282421875,0.14272267671948785
0.02826171875,0.2771825125156843
0.02828125,0.3857149315840776
0.02830078125,0.2214368341136048
0.0283203125,0.26984199352212923
0.02833984375,0.4848128369797602
0.028359375,0.4729102400329996
0.02837890625,0.2044748082933371
0.0283984375,0.1266958014997944
0.02841796875,0.14335452561810214
0.0284375,0.06180848062823968
0.02845703125,0.2816592882556259
0.0284765625,0.5538820184505313
0.02849609375,0.6026313925878927
0.028515625,0.6757477032981147
0.02853515625,0.7061347605119663
0.0285546875,0.7447755671784848
0.02857421875,0.8518277973088424
0.02859375,0.7702339494074782
0.02861328125,0.6317077854470385
0.0286328125,0.7384801564332057
0.02865234375,0.8911648716308529
0.028671875,0.728200290684095
0.02869140625,0.41113534515110295
0.0287109375,0.3924823818308598
0.02873046875,0.5667505386312057
0.02875,0.6485727406925786
0.02876953125,0.5820617360978755
0.0287890625,0.30360328898726296
0.02880859375,0.2468697915494394
0.028828125,0.6103459384015381
0.02884765625,0.7551004445867235
0.0288671875,0.5438699125648543
0.02888671875,0.4053916029065106
0.02890625,0.39720990689799707
0.02892578125,0.22682544044854844
0.0289453125,-0.10960751401743872
0.02896484375,-0.3576462193047848
0.028984375,-0.379031812915361
0.02900390625,-0.08593794223520745
0.0290234375,0.17658885828629942
0.02904296875,0.058579868118625415
0.0290625,-0.12067034762619436
0.02908203125,-0.1450503402211667
0.0291015625,-0.15993730473382523
0.02912109375,-0.20058558896931183
0.029140625,-0.13251698557347505
0.02916015625,0.05493464691343369
0.0291796875,0.06671528099350069
0.02919921875,-0.11091810518137453
0.02921875,0.01259195054645633
0.02923828125,0.4136407080759966
0.0292578125,0.41501410602379163
0.02927734375,0.03387650965285857
0.029296875,-0.06855730136217975
0.02931640625,0.23103794560828272
0.0293359375,0.4516068750561886
0.02935546875,0.21995044690616755
0.029375,0.033647127401126534
0.02939453125,0.4583773786520572
0.0294140625,0.8412811825938096
0.02943359375,0.6257106698456936
0.029453125,0.4185318506903707
0.02947265625,0.47170281763517097
0.0294921875,0.39841940540115206
0.02951171875,0.31100669811703335
0.02953125,0.33853500996717983
0.02955078125,0.343496058484717
0.0295703125,0.35064878733831295
0.02958984375,0.2997087890816102
0.029609375,0.15909008635145697
0.02962890625,-0.006619576861785752
0.0296484375,-0.08658370782236777
0.02966796875,0.00918543402256649
0.0296875,0.15833842235122425
0.02970703125,0.22692195342114047
0.0297265625,0.04564726071699726
0.02974609375,-0.17304314321344622
0.029765625,-0.0969746735820404
0.02978515625,-0.004782378170580481
0.0298046875,-0.05195684259297623
0.02982421875,-0.17503378630734875
0.02984375,-0.1965977070627078
0.02986328125,-0.08416905435721997
0.0298828125,-0.15730683827971736
0.02990234375,-0.23385769560040365
0.029921875,-0.19983081755417162
0.02994140625,-0.14183000340233345
0.0299609375,0.050684429483250845
0.02998046875,0.26560920383330716
0.03,0.3970000604627685
0.03001953125,0.26981788779349236
0.0300390625,0.1621619847029016
0.03005859375,0.39712499061097917
0.030078125,0.42854113555171897
0.03009765625,0.2591470146784826
0.0301171875,0.30245341649625246
0.03013671875,0.4755836735640593
0.03015625,0.5066008411222003
0.03017578125,0.17443796882410442
0.0301953125,-0.026237911633252363
0.03021484375,0.16519749167812287
0.030234375,0.22352459688242216
0.03025390625,0.24888930176322585
0.0302734375,0.3845187984022668
0.03029296875,0.21727597177569735
0.0303125,-0.15145217530221947
0.03033203125,-0.3519856548699183
0.0303515625,-0.22935070378520334
0.03037109375,0.04745241030247711
0.030390625,0.01408705783930335
0.03041015625,-0.10871835836364274
0.0304296875,-0.08095301327109464
0.03044921875,-0.0919753144108501
0.03046875,0.04746405641213628
0.03048828125,0.07247901171709692
0.0305078125,-0.15249740106563758
0.03052734375,-0.05438178961893994
0.030546875,0.15651230822500173
0.03056640625,0.20918737873617838
0.0305859375,0.4646577188873343
0.03060546875,0.696541421617034
0.030625,0.7058372569020985
0.03064453125,0.7197498086556837
0.0306640625,0.47132889087545976
0.03068359375,-0.0736359956834379
0.030703125,-0.5047491607448267
0.03072265625,-0.528975602731722
0.0307421875,-0.08629219435157148
0.03076171875,0.05884904370017373
0.03078125,-0.38808095828415756
0.03080078125,-0.411265752278758
0.0308203125,0.01775217271085341
0.03083984375,0.12385346596974475
0.030859375,0.11942330661649092
0.03087890625,0.1653556327824592
0.0308984375,0.07546209873234852
0.03091796875,-0.06556871906445509
0.0309375,-0.2681085881142041
0.03095703125,-0.39677630187730467
0.0309765625,-0.37259874641580587
0.03099609375,-0.3078653278353801
0.031015625,-0.3252834266078304
0.03103515625,-0.5879761051763756
0.0310546875,-0.6600002029713691
0.03107421875,-0.3739860249945101
0.03109375,-0.30980657576419024
0.03111328125,-0.47496374571952116
0.0311328125,-0.4254465116108911
0.03115234375,-0.039979688303536175
0.031171875,0.15637238922956526
0.03119140625,-0.13794637564763446
0.0312109375,-0.3266545669424547
0.03123046875,-0.20110896831727912
0.03125,-0.006913333895395647
0.03126953125,0.13078141271842103
0.0312890625,0.00732982614333353
0.03130859375,-0.24972791062854166
0.031328125,-0.368878531685453
0.03134765625,-0.24800872925163897
0.0313671875,-0.01866071661379709
0.03138671875,-0.06327084786501234
0.03140625,-0.03415494550907734
0.03142578125,0.32383102142121034
0.0314453125,0.326569438463353
0.03146484375,0.0674011542579766
0.031484375,-0.036555399373780925
0.03150390625,-0.13607669184249876
0.0315234375,-0.2685349258659247
0.03154296875,-0.5137495158388441
0.0315625,-0.5627727074467862
0.03158203125,-0.3252136580197625
0.0316015625,-0.435444268032377
0.03162109375,-0.6587560994700661
0.031640625,-0.5816051800484704
0.03166015625,-0.49928926995014733
0.0316796875,-0.4617918138127415
0.03169921875,-0.4380517620962434
0.03171875,-0.3617026320572753
0.03173828125,-0.2724128773078003
0.0317578125,-0.3968837796426281
0.03177734375,-0.3831875913750053
0.031796875,-0.34063794402586867
0.03181640625,-0.6927477175585985
0.0318359375,-0.6501300546468155
0.03185546875,-0.18907388838623088
0.031875,-0.2700551341056289
0.03189453125,-0.4063530129611907
0.0319140625,-0.22739967089579016
0.03193359375,-0.38162015555504947
0.031953125,-0.5464814499793205
0.03197265625,-0.2876417287418831
0.0319921875,-0.04762281130192954
0.03201171875,0.02767788392258629
0.03203125,0.0943281300389331
0.03205078125,0.11317945765434194
0.0320703125,0.10148593848036058
0.03208984375,0.17044138595864897
0.032109375,0.08616483807982367
0.03212890625,-0.19688150110081534
0.0321484375,-0.12540981752986424
0.03216796875,-0.03324760517561291
0.0321875,-0.46661187904897616
0.03220703125,-0.6593704464794503
0.0322265625,-0.4661338638298498
0.03224609375,-0.5778954882501169
0.032265625,-0.7480041683527225
0.03228515625,-0.6093536131832067
0.0323046875,-0.3932816686326691
0.03232421875,-0.40189711487184837
0.03234375,-0.5800863433303038
0.03236328125,-0.5335599671238496
0.0323828125,-0.4086347593851758
0.03240234375,-0.4763874510365912
0.032421875,-0.36727854923290437
0.03244140625,-0.05135687694452061
0.0324609375,0.07393929301621449
0.03248046875,-0.02547736968595647
0.0325,-0.024077860218259722
0.03251953125,0.17201711829031696
0.0325390625,0.2155849274186042
0.03255859375,0.11637909382407648
0.032578125,0.02235044949161849
0.03259765625,-0.10697654768789458
0.0326171875,0.041989773427887914
0.03263671875,0.4088657701752815
0.03265625,0.46900552185949934
0.03267578125,0.23716892037512538
0.0326953125,-0.06128661122109878
0.03271484375,-0.36568857073899846
0.032734375,-0.46980945133383634
0.03275390625,-0.5465235012091392
0.0327734375,-0.8338477834031311
0.03279296875,-0.7850688411633914
0.0328125,-0.5540872297690684
0.03283203125,-0.7701092802361871
0.0328515625,-0.9203760520532467
0.03287109375,-0.6685140334259032
0.032890625,-0.42677622375937574
0.03291015625,-0.4813986277156723
0.0329296875,-0.6865855547013562
0.03294921875,-0.5925986900973368
0.03296875,-0.16955055075723482
0.03298828125,0.03341060948996251
0.0330078125,-0.2760337712951846
0.03302734375,-0.5818018524452769
0.033046875,-0.5563473627813924
0.03306640625,-0.48147343915660135
0.0330859375,-0.433941170535879
0.03310546875,-0.4647854722841516
0.033125,-0.5479703713242945
0.03314453125,-0.6000787672836063
0.0331640625,-0.7732026477574124
0.03318359375,-0.8600486357401069
0.033203125,-0.6444010047006455
0.03322265625,-0.3801973586082118
0.0332421875,-0.2139890122463874
0.03326171875,-0.2620544247528084
0.03328125,-0.5312426438477621
0.03330078125,-0.6533052616196019
0.0333203125,-0.6680063839533645
0.03333984375,-0.7763560963922762
0.033359375,-0.8126788007877912
0.03337890625,-0.7025470684844527
0.0333984375,-0.4548376783453847
0.03341796875,-0.1772985944737799
0.0334375,0.0015237396752749086
0.03345703125,0.036930868133421155
0.0334765625,0.033642364803274295
0.03349609375,0.05759741894030635
0.033515625,-0.1657288975086343
0.03353515625,-0.46966982976576543
0.0335546875,-0.5985624877726625
0.03357421875,-0.7354419233736518
0.03359375,-0.6170682741469412
0.03361328125,-0.3851578251697377
0.0336328125,-0.5090770353164757
0.03365234375,-0.5797319906194873
0.033671875,-0.47227401749452497
0.03369140625,-0.3053353046206591
0.0337109375,-0.13861660754509275
0.03373046875,-0.195038945625747
0.03375,-0.14119140039640307
0.03376953125,-0.025684495606000387
0.0337890625,-0.06024219174999004
0.03380859375,-0.0006380577717933229
0.033828125,-0.05897566151886861
0.03384765625,-0.20711477614949175
0.0338671875,-0.17821011464237083
0.03388671875,-0.10436011207875492
0.03390625,-0.00680758718153298
0.03392578125,0.11035243126382578
0.0339453125,0.17695281552334136
0.03396484375,0.10314130031446046
0.033984375,-0.03473393195745043
0.03400390625,0.1766808933851009
0.0340234375,0.3737392730821742
0.03404296875,0.0691715804114042
0.0340625,-0.050366739562688154
0.03408203125,0.10736774252792908
0.0341015625,0.045625460292119537
0.03412109375,-0.018821060712336794
0.034140625,0.004516851404660981
0.03416015625,-0.05466741100078051
0.0341796875,-0.17502164983368323
0.03419921875,-0.13126918917340974
0.03421875,0.03176996992071526
0.03423828125,-0.13210643900527047
0.0342578125,-0.3752950623594776
0.03427734375,-0.19146188276731285
0.034296875,0.033263635531337696
0.03431640625,0.09771378465424892
0.0343359375,0.2069057762537721
0.03435546875,0.23813879333234012
0.034375,0.26210423206164135
0.03439453125,0.2913176088979584
0.0344140625,0.3522957962078561
0.03443359375,0.5458881564080986
0.034453125,0.5102055718136416
0.03447265625,0.4593511931914636
0.0344921875,0.493605495923691
0.03451171875,0.21977472655413932
0.03453125,0.3090219768065514
0.03455078125,0.6656087995721195
0.0345703125,0.5124022618936694
0.03458984375,0.47925193297195057
0.034609375,0.7287216768782295
0.03462890625,0.796865653821894
0.0346484375,0.7784696303005573
0.03466796875,0.6225030177634876
0.0346875,0.528273716897322
0.03470703125,0.5364041616378293
0.0347265625,0.2205927355209435
0.03474609375,0.1318411734556374
0.034765625,0.364235131444712
0.03478515625,0.18582821521849746
0.0348046875,0.1052890183641805
0.03482421875,0.18021299429121945
0.03484375,-0.04697411119431642
0.03486328125,-0.11073738594744578
0.0348828125,-0.027201129156561504
0.03490234375,0.007794332688333169
0.034921875,-0.17231562534589517
0.03494140625,-0.5417357842316892
0.0349609375,-0.40006115520134805
0.03498046875,-0.16602545128194612
0.035,-0.30848078327842576
0.03501953125,-0.2322517150005124
0.0350390625,-0.1878117532525155
0.03505859375,-0.20207383347012656
0.035078125,0.15931671680126042
0.03509765625,0.09379675191273645
0.0351171875,-0.42651968931349593
0.03513671875,-0.35099906953914517
0.03515625,0.050420531021360085
0.03517578125,0.10693015626099699
0.0351953125,-0.07417016692586993
0.03521484375,-0.1501985987506197
0.035234375,-0.08219433659843366
0.03525390625,-0.08389925371814724
0.0352734375,0.012604010118863043
0.03529296875,0.2880480561180774
0.0353125,0.4629008929610655
0.03533203125,0.5032577531514116
0.0353515625,0.47584834295494605
0.03537109375,0.3305442102833071
0.035390625,0.2282811330866182
0.03541015625,0.40080401755747874
0.0354296875,0.6190469222770582
0.03544921875,0.5257077247630209
0.03546875,0.1951190639729231
0.03548828125,0.017838222238034423
0.0355078125,0.1277128195141681
0.03552734375,0.29245644970257334
0.035546875,0.32493569984585585
0.03556640625,0.21772004099493797
0.0355859375,0.20196182365791027
0.03560546875,0.2611809231941782
0.035625,0.3259166052296897
0.03564453125,0.4638584472662804
0.0356640625,0.1945256723486307
0.03568359375,-0.18694715798428296
0.035703125,-0.017544888538137248
0.03572265625,0.11899930722494063
0.0357421875,-0.07343813770006154
0.03576171875,-0.2844881870736956
0.03578125,-0.19828692703777986
0.03580078125,0.07844598285760535
0.0358203125,-0.003208856479983797
0.03583984375,-0.03432906849675068
0.035859375,0.24800719226646553
0.03587890625,0.30469638948715205
0.0358984375,0.2387800192943561
0.03591796875,0.29487090467425503
0.0359375,0.30569087648428245
0.03595703125,0.2754545802697288
0.0359765625,0.35416914863703564
0.03599609375,0.3927677662395702
0.036015625,0.39542084132439237
0.03603515625,0.5576520065122541
0.0360546875,0.7208290078954992
0.03607421875,0.6666636615430139
0.03609375,0.3096234976988373
0.03611328125,0.03523787136456054
0.0361328125,0.21677855704381072
0.03615234375,0.3955541053070717
0.036171875,0.2133679270866282
0.03619140625,0.12403172358925592
0.0362109375,0.43132850295894415
0.03623046875,0.4958193014496324
0.03625,0.07471847077144192
0.03626953125,-0.027672431083732005
0.0362890625,0.3076669157747957
0.03630859375,0.37656487259340343
0.036328125,0.3315346035597273
0.03634765625,0.5481154754766695
0.0363671875,0.4872132066528105
0.03638671875,0.23677407112030366
0.03640625,0.4124027957756454
0.03642578125,0.7243420331635246
0.0364453125,0.697362283293246
0.03646484375,0.44736302281119916
0.036484375,0.5182090810149145
0.03650390625,0.8350382973254601
0.0365234375,0.824977456087822
0.03654296875,0.6894731263973854
0.0365625,0.816901140830417
0.03658203125,1.0895837030792177
0.0366015625,1.169956711671092
0.03662109375,1.0047030495593363
0.036640625,0.88584326840047
0.03666015625,0.8691034036023066
0.0366796875,0.8329838879337919
0.03669921875,0.6202204903003828
0.03671875,0.5244653168021449
0.03673828125,0.7823415049536551
0.0367578125,0.775582103702592
0.03677734375,0.6130262794235395
0.036796875,0.5853523176490454
0.03681640625,0.3480781881537598
0.0368359375,0.2174484950885377
0.03685546875,0.2545056532242497
0.036875,0.1592171264948874
0.03689453125,0.18217528948606132
0.0369140625,0.3160701574979739
0.03693359375,0.3912905088654132
0.036953125,0.4148507792810115
0.03697265625,0.23681701384011902
0.0369921875,0.011644476418330647
0.03701171875,0.01904373750595379
0.03703125,0.1998719990156515
0.03705078125,0.5056101984291023
0.0370703125,0.5868418360092128
0.03708984375,0.3607113964768003
0.037109375,0.49521730305129696
0.03712890625,0.7564800349197474
0.0371484375,0.601633616031816
0.03716796875,0.40041707352764866
0.0371875,0.22010951664239922
0.03720703125,0.058210646829542696
0.0372265625,0.04248610318987235
0.03724609375,0.027071698936675492
0.037265625,0.15166694706244163
0.03728515625,0.23354022939015995
0.0373046875,0.16157645515305608
0.03732421875,0.2750275633052441
0.03734375,0.3148381654125691
0.03736328125,0.323559664379527
0.0373828125,0.47914616734366633
0.03740234375,0.5482164996323764
0.037421875,0.8428928344350404
0.03744140625,1.142069997525661
0.0374609375,0.8862955759733302
0.03748046875,0.5003297753413299
0.0375,0.46240891669735873
0.03751953125,0.7167002658790599
0.0375390625,0.7035057476992226
0.03755859375,0.20597790952286985
0.037578125,0.12990961826764888
0.03759765625,0.5143170861873417
0.0376171875,0.37269264632381127
0.03763671875,0.07439735336952977
0.03765625,0.13683864421448283
0.03767578125,0.1803232383648804
0.0376953125,0.1786942719799522
0.03771484375,0.18058835986539823
0.037734375,0.2015848009983105
0.03775390625,0.2036468495841522
0.0377734375,0.1593087071031284
0.03779296875,0.22837593443279747
0.0378125,0.2553295041947722
0.03783203125,0.100457130459569
0.0378515625,-0.20898958426263967
0.03787109375,-0.3826525451538568
0.037890625,-0.132745943437992
0.03791015625,0.29772304398603994
0.0379296875,0.6658624085051807
0.03794921875,0.668987993089146
0.03796875,0.2810026961061971
0.03798828125,0.15060382236231423
0.0380078125,0.2630234203088062
0.03802734375,0.16861004450597117
0.038046875,0.15490559670167647
0.03806640625,0.16557833546519268
0.0380859375,-0.07277538255576597
0.03810546875,-0.18539723382768983
0.038125,-0.19442292121053112
0.03814453125,-0.1512714650622243
0.0381640625,0.09857861810676916
0.03818359375,0.20324312246225162
0.038203125,0.17188667323166762
0.03822265625,0.17270777694453063
0.0382421875,0.06494842447375498
0.03826171875,-0.012290906320766307
0.03828125,-0.0185855854968896
0.03830078125,-0.07522725791028115
0.0383203125,-0.014569170700420714
0.03833984375,0.2007029599536433
0.038359375,0.21673095554964877
0.03837890625,0.13999660931309393
0.0383984375,0.26971454501808245
0.03841796875,0.28232626590331755
0.0384375,0.3202970884524764
0.03845703125,0.561163865284705
0.0384765625,0.422313879276501
0.03849609375,0.08165772226902737
0.038515625,0.12568635432777653
0.03853515625,0.386735444409237
0.0385546875,0.6377330115172148
0.03857421875,0.7358478655540609
0.03859375,0.5467786050879527
0.03861328125,0.4525298943618907
0.0386328125,0.5295749846024125
0.03865234375,0.5594930180544957
0.038671875,0.7303397489536808
0.03869140625,0.6958528982634812
0.0387109375,0.41097090234259553
0.03873046875,0.3355032015550574
0.03875,0.25501901594805587
0.03876953125,0.1725786940067184
0.0387890625,0.09088084467279059
0.03880859375,-0.0654372269025048
0.038828125,-0.028099720039619747
0.03884765625,0.10996876255909144
0.0388671875,0.2122915355225351
0.03888671875,0.1714219270158029
0.03890625,-0.03538620201951639
0.03892578125,-0.12998550028908423
0.0389453125,-0.16403120383310565
0.03896484375,-0.3062712961675253
0.038984375,-0.37947014189100436
0.03900390625,-0.2698644331933516
0.0390234375,-0.2344570569617121
0.03904296875,-0.4620182449634944
0.0390625,-0.5304647918196022
0.03908203125,-0.21940763338700414
0.0391015625,-0.10440845140849092
0.03912109375,-0.24770524018741347
0.039140625,-0.24515975239266038
0.03916015625,-0.07096789612688953
0.0391796875,0.23494635516775675
0.03919921875,0.2755952399829344
0.03921875,0.02191552810164592
0.03923828125,0.07159318019119898
0.0392578125,0.18065937982443633
0.03927734375,0.09081263896992367
0.039296875,0.2450813674076015
0.03931640625,0.43863814523810163
0.0393359375,0.24643634703620337
0.03935546875,0.005333886479637354
0.039375,0.08938257653544762
0.03939453125,0.2573004712455097
0.0394140625,0.033066352217596864
0.03943359375,-0.17430840015010907
0.039453125,0.16011317134033173
0.03947265625,0.3511837728848731
0.0394921875,0.04627850687176634
0.03951171875,-0.359930033214629
0.03953125,-0.5035244709877156
0.03955078125,-0.2888772984075053
0.0395703125,-0.397803426247567
0.03958984375,-0.8241771480253441
0.039609375,-0.7629863497912769
0.03962890625,-0.45080821592291404
0.0396484375,-0.3614135998352321
0.03966796875,-0.44708122971845676
0.0396875,-0.5252370372050958
0.03970703125,-0.5353441359517094
0.0397265625,-0.7635362850990322
0.03974609375,-0.9273743767358096
0.039765625,-0.6538717062178119
0.03978515625,-0.3202941839854093
0.0398046875,-0.06936235120653719
0.03982421875,0.006577399249373082
0.03984375,-0.15824886836994936
0.03986328125,-0.2746843396139485
0.0398828125,-0.14262873622149874
0.03990234375,0.14660545935957003
0.039921875,0.09218356175633931
0.03994140625,-0.15721973566515912
0.0399609375,-0.08021506494445853
0.03998046875,-0.17179704692157274
0.04,-0.4619004749362671
0.04001953125,-0.3202154613232245
0.0400390625,-0.14936057426634852
0.04005859375,-0.2915310183334572
0.040078125,-0.41340887454635367
0.04009765625,-0.43348290171288373
0.0401171875,-0.3974436989593383
0.04013671875,-0.37543234614470833
0.04015625,-0.25201969210264685
0.04017578125,-0.11312141655975684
0.0401953125,-0.18563319189174432
0.04021484375,-0.22065105974902244
0.040234375,-0.2838548781510654
0.04025390625,-0.4631957019685652
0.0402734375,-0.6030125306004224
0.04029296875,-0.6037560275734669
0.0403125,-0.45950918387345707
0.04033203125,-0.7109174343688365
0.0403515625,-1.0644328842515804
0.04037109375,-0.6753141887316335
0.040390625,-0.1388582489535824
0.04041015625,-0.1403964212190013
0.0404296875,-0.3707103117676543
0.04044921875,-0.38103699674488134
0.04046875,-0.2342996935899595
0.04048828125,-0.30131652071347814
0.0405078125,-0.30676218464106214
0.04052734375,0.008386386825714236
0.040546875,0.1747747613741329
0.04056640625,-0.012878019586853709
0.0405859375,-0.11484062211600797
0.04060546875,0.26509001280459704
0.040625,0.5869772262230113
0.04064453125,0.4496929152203445
0.0406640625,0.5514096550150718
0.04068359375,0.6882452733486218
0.040703125,0.37741721206489826
0.04072265625,0.18105994131968756
0.0407421875,0.03478763442936237
0.04076171875,-0.1854904067688974
0.04078125,-0.22971786667200544
0.04080078125,-0.23842953356099517
0.0408203125,-0.27996903696384845
0.04083984375,-0.49413458943522937
0.040859375,-0.648370683957515
0.04087890625,-0.43575468838423376
0.0408984375,-0.30618047131098713
0.04091796875,-0.48883105084391665
0.0409375,-0.669482541435526
0.04095703125,-0.5983432442244205
0.0409765625,-0.4449033541352403
0.04099609375,-0.4181212011193496
0.041015625,-0.48337329201083035
0.04103515625,-0.6216658027921522
0.0410546875,-0.6357748938175832
0.04107421875,-0.6356348976202559
0.04109375,-0.7576284351978724
0.04111328125,-0.5529254455296421
0.0411328125,-0.1817131107304447
0.04115234375,-0.096698541861925
0.041171875,-0.09321404232983119
0.04119140625,-0.07668152841616357
0.0412109375,-0.10247160229152164
0.04123046875,-0.07753836979979657
0.04125,-0.1207453892183368
0.04126953125,-0.23959715009743052
0.0412890625,-0.30382601956004507
0.04130859375,-0.5063561897256181
0.041328125,-0.7048357330418208
0.04134765625,-0.5378205243166145
0.0413671875,-0.2912709891173472
0.04138671875,-0.21257162001879243
0.04140625,-0.18735471273731163
0.04142578125,-0.1977230461510332
0.0414453125,-0.28943271251918856
0.04146484375,-0.4542289994332042
0.041484375,-0.2933555034482915
0.04150390625,0.07259139172462437
0.0415234375,-0.15556587640490271
0.04154296875,-0.39680296678644666
0.0415625,-0.18170383846211063
0.04158203125,-0.3344139178435791
0.0416015625,-0.42000771527680447
0.04162109375,-0.0965108579282154
0.041640625,-0.03946750048527145
0.04166015625,0.11051221667543694
0.0416796875,0.39591549058749104
0.04169921875,0.41536101996955566
0.04171875,0.32736488782990053
0.04173828125,-0.03705060234730741
0.0417578125,-0.26798864496218305
0.04177734375,-0.03378249437256962
0.041796875,0.046887890054361434
0.04181640625,-0.09104492915951556
0.0418359375,-0.3257712598673339
0.04185546875,-0.3887849270944063
0.041875,-0.2061787567951043
0.04189453125,-0.2616570558588335
0.0419140625,-0.09058193440620432
0.04193359375,0.18045543788813254
0.041953125,-0.13062936365617422
0.04197265625,-0.21669870482175246
0.0419921875,-0.06876078167640451
0.04201171875,-0.21038671514329538
0.04203125,-0.1358254857788357
0.04205078125,0.06837637679159579
0.0420703125,0.20948368086268485
0.04208984375,0.23748448743781933
0.042109375,-0.0076248416643746805
0.04212890625,0.0035173813249135544
0.0421484375,0.34353038046389905
0.04216796875,0.48765074571306133
0.0421875,0.4600950206351653
0.04220703125,0.33038791502512477
0.0422265625,0.1125774706523722
0.04224609375,0.07897928625390982
0.042265625,0.07419967614079898
0.04228515625,-0.1507584168276182
0.0423046875,-0.21583046692817584
0.04232421875,-0.00010844292268068906
0.04234375,0.09882854906053101
0.04236328125,0.08400931912289018
0.0423828125,0.05178834860594127
0.04240234375,-0.14007120528173095
0.042421875,-0.2516062453141871
0.04244140625,-0.1275486284100588
0.0424609375,-0.07777962745112305
0.04248046875,-0.10279221756636821
0.0425,0.12833551438809876
0.04251953125,0.43334192776513636
0.0425390625,0.3787937314141657
0.04255859375,0.32861761769549636
0.042578125,0.5657756322319532
0.04259765625,0.6253078035221702
0.0426171875,0.5355848506528541
0.04263671875,0.6984813306735129
0.04265625,0.8826389927745498
0.04267578125,0.7268102373845066
0.0426953125,0.417682779785504
0.04271484375,0.13237906180562398
0.042734375,-0.011768346704762414
0.04275390625,0.07291823182026289
0.0427734375,0.14204028248306824
0.04279296875,0.1765380243618124
0.0428125,0.14385578040070168
0.04283203125,0.009470936071074038
0.0428515625,0.07618063774177102
0.04287109375,0.21005828640261742
0.042890625,0.10225636339774474
0.04291015625,-0.04936790328835023
0.0429296875,0.023455870167522763
0.04294921875,0.05534286449832925
0.04296875,-0.1319985169980939
0.04298828125,-0.004614676836580733
0.0430078125,0.22425245280701622
0.04302734375,-0.06435664530083463
0.043046875,-0.2511786597337715
0.04306640625,-0.16251234020947275
0.0430859375,-0.3309022049081225
0.04310546875,-0.47145544475265083
0.043125,-0.3798274902056417
0.04314453125,-0.2124833314943494
0.0431640625,-0.13066812743161565
0.04318359375,-0.18537330250616638
0.043203125,0.09913786856764287
0.04322265625,0.43627988374585513
0.0432421875,0.07027324991137218
0.04326171875,-0.21705608547658942
0.04328125,0.021882720006768445
0.04330078125,-0.08923899638046229
0.0433203125,-0.2973874520193009
0.04333984375,-0.05520328399501864
0.043359375,0.189037264145052
0.04337890625,0.36050424378698387
0.0433984375,0.570826248395999
0.04341796875,0.6831666560448594
0.0434375,0.6337550747964494
0.04345703125,0.41012261541205064
0.0434765625,0.3517815132918846
0.04349609375,0.46120326197657613
0.043515625,0.22338102313359562
0.04353515625,-0.1898343003758803
0.0435546875,-0.40780395151369964
0.04357421875,-0.4459095509400743
0.04359375,-0.30434539007142003
0.04361328125,-0.3846633684328091
0.0436328125,-0.7407484413130837
0.04365234375,-0.5467024332928089
0.043671875,0.13717074391694806
0.04369140625,0.3118036405889285
0.0437109375,-0.10850695021435246
0.04373046875,-0.17567828982482447
0.04375,0.23337831172682244
0.04376953125,0.2810221344984026
0.0437890625,0.011555277395662956
0.04380859375,-0.14060009772432666
0.043828125,-0.11784384150928591
0.04384765625,-0.05530855179684831
0.0438671875,-0.26854789548009195
0.04388671875,-0.3409961843346806
0.04390625,-0.14833866000085788
0.04392578125,-0.18231927999255446
0.0439453125,-0.15177726293000882
0.04396484375,-0.15247158711904776
0.043984375,-0.3667908398681744
0.04400390625,-0.16777033329137903
0.0440234375,0.26333174998090797
0.04404296875,0.39105369158327297
0.0440625,0.3038132518599109
0.04408203125,0.1899154799545779
0.0441015625,0.3122365492631742
0.04412109375,0.3330643825531787
0.044140625,0.049652757907942484
0.04416015625,0.15135205444421787
0.0441796875,0.2910893507143113
0.04419921875,-0.06891730411039923
0.04421875,-0.23359212713033803
0.04423828125,0.011022993921616923
0.0442578125,0.05821273190495937
0.04427734375,-0.17550470115075045
0.044296875,-0.047785583380737615
0.04431640625,0.46935019538978623
0.0443359375,0.5484538671219817
0.04435546875,0.14935110109231456
0.044375,0.13238298144324093
0.04439453125,0.5237220509846189
0.0444140625,0.5477117961011719
0.04443359375,0.30724584462944504
0.044453125,0.38472577556841697
0.04447265625,0.6327658581648479
0.0444921875,0.7300071231152307
0.04451171875,0.6876723688977956
0.04453125,0.6164686472939342
0.04455078125,0.55874881491442
0.0445703125,0.45060769723570854
0.04458984375,0.31489517645140236
0.044609375,0.29392278626564783
0.04462890625,0.488955807797837
0.0446484375,0.541485679663226
0.04466796875,0.3377019872266616
0.0446875,0.5558390508238289
0.04470703125,0.8101618212080287
0.0447265625,0.6101831023812635
0.04474609375,0.6162780580357085
0.044765625,0.7888942399499372
0.04478515625,0.8127234275128473
0.0448046875,0.527171998662939
0.04482421875,0.07478739499967149
0.04484375,0.02241920228214636
0.04486328125,0.028285131212948917
0.0448828125,-0.008453426453389104
0.04490234375,0.20316245893776352
0.044921875,0.1516785592487115
0.04494140625,-0.150386185450248
0.0449609375,-0.221370937265566
0.04498046875,-0.06622206093698055
0.045,0.1284342313590764
0.04501953125,0.20569208010382484
0.0450390625,0.1963634121734091
0.04505859375,0.22494930323662893
0.045078125,0.2275348025231954
0.04509765625,0.06084078919222199
0.0451171875,-0.1346649361390877
0.04513671875,-0.16517756419485533
0.04515625,-0.1522262459842885
0.04517578125,-0.14220889375922316
0.0451953125,0.03936746098065834
0.04521484375,0.2666724242762386
0.045234375,0.23719605140008038
0.04525390625,0.14597878731034736
0.0452734375,0.07111653980618679
0.04529296875,-0.21104397333087266
0.0453125,-0.24544980565375243
0.04533203125,0.09086375229939311
0.0453515625,0.2231093662705167
0.04537109375,0.23587284143270962
0.045390625,0.3892977874059538
0.04541015625,0.5538513511313288
0.0454296875,0.525229777438635
0.04544921875,0.526914992834906
0.04546875,0.8752880244327372
0.04548828125,0.9237960842718067
0.0455078125,0.5231934526082292
0.04552734375,0.355372302229158
0.045546875,0.23770076670778853
0.04556640625,0.04655561540373627
0.0455859375,0.09039222954927204
0.04560546875,0.11589927842534622
0.045625,-0.1263652961687984
0.04564453125,-0.28109008606362046
0.0456640625,-0.15855116553906465
0.04568359375,-0.14066635365762578
0.045703125,-0.12953792667581676
0.04572265625,0.11204965801531028
0.0457421875,0.1739768581933327
0.04576171875,0.016194297316767237
0.04578125,0.05235826648118065
0.04580078125,0.3506416281038469
0.0458203125,0.5064445713167913
0.04583984375,0.268045065024134
0.045859375,-0.06298273868408796
0.04587890625,-0.2686166835803913
0.0458984375,-0.3394789383813226
0.04591796875,-0.2514061783912127
0.0459375,-0.16664741941444322
0.04595703125,-0.28610072145819077
0.0459765625,-0.4637518127257893
0.04599609375,-0.4006730369897046
0.046015625,-0.20582243291448404
0.04603515625,-0.3282910981824527
0.0460546875,-0.5735884642701076
0.04607421875,-0.37651195798276205
0.04609375,-0.18265179538073922
0.04611328125,-0.2858705460037395
0.0461328125,-0.35259411081511133
0.04615234375,-0.41071038468537957
0.046171875,-0.2126378973757395
0.04619140625,-0.016002696744172408
0.0462109375,-0.17701432721751312
0.04623046875,-0.06636747739385206
0.04625,0.1865039849647988
0.04626953125,0.1956513147910004
0.0462890625,0.12581956321216764
0.04630859375,-0.01948579268905311
0.046328125,-0.05505061018192344
0.04634765625,-0.023193814357053946
0.0463671875,0.01947451374653251
0.04638671875,0.05278438786604692
0.04640625,-0.28136538284365914
0.04642578125,-0.4968967253124405
0.0464453125,-0.2218540912805489
0.04646484375,0.028157437737673208
0.046484375,0.1986434064466171
0.04650390625,0.14899702651133837
0.0465234375,-0.11380474611903882
0.04654296875,-0.026332331792078792
0.0465625,0.2290895563723046
0.04658203125,0.38564955836589343
0.0466015625,0.48292451453080726
0.04662109375,0.406724501115129
0.046640625,0.38873260190052783
0.04666015625,0.42691837228668605
0.0466796875,0.3181231232603362
0.04669921875,0.1499932214803436
0.04671875,-0.09893940204436194
0.04673828125,-0.18042530160732576
0.0467578125,0.043615079534171645
0.04677734375,0.14532547780782992
0.046796875,0.12654257823191437
0.04681640625,0.17749681873292272
0.0468359375,0.08954636675735604
0.04685546875,0.013720291743915008
0.046875,0.14416580375957005
0.04689453125,-0.042226346796848335
0.0469140625,-0.5785792624607135
0.04693359375,-0.7992353915131826
0.046953125,-0.7406840987336074
0.04697265625,-0.6809832056766256
0.0469921875,-0.7370400147378529
0.04701171875,-0.9008338722477403
0.04703125,-0.7763014545414139
0.04705078125,-0.5524159857752635
0.0470703125,-0.4868208206865967
0.04708984375,-0.48120335042097356
0.047109375,-0.6709880149314883
0.04712890625,-0.6297555863192512
0.0471484375,-0.2657998239492737
0.04716796875,-0.0050315400169246224
0.0471875,0.11484459593852062
0.04720703125,-0.027380054749354194
0.0472265625,-0.026688514828149358
0.04724609375,0.07879207022644194
0.047265625,-0.132564228886189
0.04728515625,-0.03641449850657855
0.0473046875,0.12426509767478616
0.04732421875,-0.11300786744909887
0.04734375,-0.13217932314682318
0.04736328125,-0.021887158497779058
0.0473828125,-0.061647731065330995
0.04740234375,-0.19330319556814585
0.047421875,-0.46000123701063733
0.04744140625,-0.40322235397571343
0.0474609375,-0.14060155775165795
0.04748046875,-0.19545231161802118
0.0475,-0.27311936953178056
0.04751953125,-0.4018434382457545
0.0475390625,-0.3563121934354633
0.04755859375,0.04900685432774351
0.047578125,-0.15786113414803107
0.04759765625,-0.6103517518696095
0.0476171875,-0.458813103394248
0.04763671875,-0.22239550442118827
0.04765625,-0.253413223746381
0.04767578125,-0.5925191546338675
0.0476953125,-0.6327895116312039
0.04771484375,-0.2764733206130871
0.047734375,-0.47755645077779674
0.04775390625,-0.7495043412110545
0.0477734375,-0.6298119094045035
0.04779296875,-0.6112820820153674
0.0478125,-0.5900719384602521
0.04783203125,-0.503662861400888
0.0478515625,-0.29431053702158483
0.04787109375,-0.16344967075938188
0.047890625,-0.2800457711404473
0.04791015625,-0.006088576244332469
0.0479296875,0.2601579504464713
0.04794921875,-0.060930647022590496
0.04796875,-0.3172306640237926
0.04798828125,-0.40062333547979534
0.0480078125,-0.3345256345219781
0.04802734375,-0.16765391394897122
0.048046875,-0.4199556255062028
0.04806640625,-0.5752452818138086
0.0480859375,-0.41475119372041497
0.04810546875,-0.5115739396465713
0.048125,-0.45685941542151903
0.04814453125,-0.07034614977012349
0.0481640625,0.07790567499763049
0.04818359375,-0.13837198209160465
0.048203125,-0.37924274246771544
0.04822265625,-0.5498382737681146
0.0482421875,-0.6873054885201433
0.04826171875,-0.5471839704337973
0.04828125,-0.44022750150461887
0.04830078125,-0.515617160087147
0.0483203125,-0.34408626857695307
0.04833984375,-0.2547939761004795
0.048359375,-0.4838865394849064
0.04837890625,-0.5790763139846684
0.0483984375,-0.3006036621741549
0.04841796875,0.017592031058347602
0.0484375,-0.006450608609342812
0.04845703125,-0.11537107663785878
0.0484765625,-0.11562180312735786
0.04849609375,-0.14321644512928586
0.048515625,-0.13765929465308885
0.04853515625,-0.016027287977266165
0.0485546875,0.0813248463241138
0.04857421875,-0.08849996797975948
0.04859375,-0.27467978818948807
0.04861328125,-0.0925136512373898
0.0486328125,0.1532990475161095
0.04865234375,0.09204784852954939
0.048671875,-0.09851191270013718
0.04869140625,0.03723684021566155
0.0487109375,0.39802080544658075
0.04873046875,0.3169907662503404
0.04875,-0.14737270627637014
0.04876953125,-0.2886382642162976
0.0487890625,-0.05345174526870695
0.04880859375,-0.15535698180608917
0.048828125,-0.5894548951242394
0.04884765625,-0.6542645171405371
0.0488671875,-0.5749617475916762
0.04888671875,-0.7515989191879968
0.04890625,-0.8423236483462863
0.04892578125,-0.5921110970274529
0.0489453125,-0.36552248959100453
0.04896484375,-0.5964705818186364
0.048984375,-0.8411252123516337
0.04900390625,-0.6527850089537826
0.0490234375,-0.3858189239393411
0.04904296875,-0.25149072252404114
0.0490625,-0.24910415945520825
0.04908203125,-0.37024478743695316
0.0491015625,-0.3043242828182633
0.04912109375,-0.00609297911202843
0.049140625,0.13621300696410185
0.04916015625,0.07290610308754145
0.0491796875,-0.09139531434450884
0.04919921875,-0.2795808075049371
0.04921875,-0.2902440561829941
0.04923828125,-0.32689999191271135
0.0492578125,-0.44733590770834547
0.04927734375,-0.41452540123734316
0.049296875,-0.40052447582575434
0.04931640625,-0.3523659420110043
0.0493359375,-0.220964811902175
0.04935546875,-0.20414225524065097
0.049375,-0.17288431957713857
0.04939453125,-0.3013437801016436
0.0494140625,-0.6671092228876592
0.04943359375,-0.7608171654453746
0.049453125,-0.43183953921511214
0.04947265625,-0.1270513673594073
0.0494921875,-0.2707894771786695
0.04951171875,-0.43093544061714417
0.04953125,-0.31580286488405707
0.04955078125,-0.3946236226504207
0.0495703125,-0.4175773084935728
0.04958984375,-0.24368583606706107
0.049609375,-0.33767580314968376
0.04962890625,-0.5063258398273478
0.0496484375,-0.4999176510749691
0.04966796875,-0.354426695858285
0.0496875,-0.019001614885067727
0.04970703125,0.2656646093336013
0.0497265625,0.13776250100830498
0.04974609375,-0.10064816772965594
0.049765625,-0.02503879702352701
0.04978515625,0.11343759047223073
0.0498046875,0.13322326739064552
0.04982421875,0.0644630405867427
0.04984375,-0.09284885434224753
0.04986328125,-0.2014783771079029
0.0498828125,-0.010038481109162015
0.04990234375,0.3856516223425748
0.049921875,0.3556373499465124
0.04994140625,0.13818863251704616
0.0499609375,0.20698105161519376
0.04998046875,0.07076983814842727
0.05,-0.2239657905389831
0.05001953125,-0.32585226745866536
0.0500390625,-0.22030560410273625
0.05005859375,0.07009279606442652
0.050078125,0.05633291068353862
0.05009765625,-0.23974114077126019
0.0501171875,-0.20923422140729006
0.05013671875,0.038228361471966094
0.05015625,0.12312823410590684
0.05017578125,-0.0738820746174914
0.0501953125,-0.328484238445772
0.05021484375,-0.26535887380577855
0.050234375,-0.06350661906426691
0.05025390625,-0.006245196130993832
0.0502734375,0.0020068159916749213
0.05029296875,0.05092069862578914
0.0503125,-0.044886384147375585
0.05033203125,-0.31401819633772854
0.0503515625,-0.25854594595106306
0.05037109375,0.08937529825818716
0.050390625,0.21744958770807704
0.05041015625,0.2859357736233136
0.0504296875,0.6339905929993264
0.05044921875,0.8826454645799577
0.05046875,0.4479840363658534
0.05048828125,-0.020703358502786068
0.0505078125,0.2612441704665871
0.05052734375,0.5755656677515466
0.050546875,0.5666433336977832
0.05056640625,0.6661367881521035
0.0505859375,0.8132547556308185
0.05060546875,0.8040958954630386
0.050625,0.5527157149340297
0.05064453125,0.4433081397436224
0.0506640625,0.5421934847018882
0.05068359375,0.33449612770396353
0.050703125,0.19324039790758638
0.05072265625,0.29213187619692793
0.0507421875,0.3241516184066622
0.05076171875,0.34621934926132625
0.05078125,0.12362024651343326
0.05080078125,-0.12412147561555453
0.0508203125,-0.1351609185872958
0.05083984375,-0.17848746775209626
0.050859375,-0.2191243007728482
0.05087890625,-0.42519938607613184
0.0508984375,-0.45117229006092957
0.05091796875,0.06105175089748934
0.0509375,0.004525431614202324
0.05095703125,-0.6419824538891522
0.0509765625,-0.5979974884484417
0.05099609375,-0.14361558487579518
0.051015625,-0.2780794395380439
0.05103515625,-0.6027377315932744
0.0510546875,-0.27458505029770813
0.05107421875,0.07696875753915161
0.05109375,-0.030014267294988253
0.05111328125,0.04987845571009736
0.0511328125,0.17521486844134515
0.05115234375,0.17117562981205509
0.051171875,0.2306534299718939
0.05119140625,0.1842190504427827
0.0512109375,0.18551396991805658
0.05123046875,0.2769083672849212
0.05125,0.3640328697128531
0.05126953125,0.5145644781302161
0.0512890625,0.6277878316223287
0.05130859375,0.6251347095228453
0.051328125,0.35972470274147716
0.05134765625,0.0123036424490467
0.0513671875,0.03717500924611867
0.05138671875,0.20982655405828243
0.05140625,0.18156650890400797
0.05142578125,0.18021818869711187
0.0514453125,0.35238408780093966
0.05146484375,0.48142042535000373
0.051484375,0.4537126216774727
0.05150390625,0.37091612355102943
0.0515234375,0.4458170151051224
0.05154296875,0.536218817100045
0.0515625,0.2403472887484695
0.05158203125,0.005984176951972536
0.0516015625,0.18788613905940346
0.05162109375,0.1277041263227206
0.051640625,-0.40125522204400554
0.05166015625,-0.9013158680919717
0.0516796875,-0.7725724519135311
0.05169921875,-0.14678724030709434
0.05171875,-0.003963278821403654
0.05173828125,-0.1963486253938822
0.0517578125,0.055195536931469544
0.05177734375,0.2954625201313431
0.051796875,0.17091255966846042
0.05181640625,0.07607117241736258
0.0518359375,0.18316661254421746
0.05185546875,0.4006165809358656
0.051875,0.4492776829182057
0.05189453125,0.25289499714152114
0.0519140625,0.12519598994528375
0.05193359375,0.25456722498474305
0.051953125,0.5362491025679139
0.05197265625,0.6557701341529603
0.0519921875,0.44185579842885214
0.05201171875,0.3350647972561939
0.05203125,0.5251712263201612
0.05205078125,0.5083466016590749
0.0520703125,0.36942350291796233
0.05208984375,0.3893189820559421
0.052109375,0.42861986977482136
0.05212890625,0.38534267075690853
0.0521484375,0.21436287499682138
0.05216796875,0.20496798002789188
0.0521875,0.22112964965687193
0.05220703125,-0.0329751353090764
0.0522265625,-0.14423141087823543
0.05224609375,-0.047692912110941815
0.052265625,0.1949084151775825
0.05228515625,0.36543749425716743
0.0523046875,0.15734478904638977
0.05232421875,0.16733678910839006
0.05234375,0.3623105556846823
0.05236328125,0.33506242285874155
0.0523828125,0.4957679147526944
0.05240234375,0.720521710547571
0.052421875,0.7410871778983731
0.05244140625,0.6892319145733294
0.0524609375,0.49459650310037484
0.05248046875,0.3390587569246879
0.0525,0.44240756206101106
0.05251953125,0.6019903904628456
0.0525390625,0.7265777947142807
0.05255859375,0.7428289183807016
0.052578125,0.6702925736570864
0.05259765625,0.7573590541531742
0.0526171875,0.8675495359741521
0.05263671875,0.9173789547580247
0.05265625,0.7736163672799976
0.05267578125,0.5242340005165227
0.0526953125,0.7792018413344695
0.05271484375,0.8706212404397612
0.052734375,0.5202833838958247
0.05275390625,0.633832359982078
0.0527734375,0.8366209350420988
0.05279296875,0.850862891473527
0.0528125,0.7119110238361284
0.05283203125,0.3754349027685111
0.0528515625,0.38877130547979355
0.05287109375,0.3798523264473436
0.052890625,0.2598742737219108
0.05291015625,0.48673162398332737
0.0529296875,0.616584405373686
0.05294921875,0.5706811095682917
0.05296875,0.37897954335121964
0.05298828125,0.094936902990299
0.0530078125,0.023192701700638887
0.05302734375,-0.057268374755839305
0.053046875,-0.1498706652287049
0.05306640625,-0.3146314082128013
0.0530859375,-0.4912687707906338
0.05310546875,-0.2349077206153535
0.053125,0.08378997634181577
0.05314453125,0.1621620610913754
0.0531640625,0.03985582098132553
0.05318359375,-0.10729609059727918
0.053203125,0.18783513368121474
0.05322265625,0.44533389936463164
0.0532421875,0.2557196810771838
0.05326171875,0.10153765711712423
0.05328125,0.127017378783855
0.05330078125,0.262566698788964
0.0533203125,0.4446977597875188
0.05333984375,0.4924091085191772
0.053359375,0.4413123398891259
0.05337890625,0.46312529159043136
0.0533984375,0.3282520760824093
0.05341796875,0.06848248233830928
0.0534375,0.2828981957005602
0.05345703125,0.6002218093797098
0.0534765625,0.4064950228499826
0.05349609375,0.23115332019554358
0.053515625,0.2827466552110276
0.05353515625,0.1795283094166031
0.0535546875,0.1578979861810656
0.05357421875,0.4064381981970392
0.05359375,0.5163381603201328
0.05361328125,0.39760840837989153
0.0536328125,0.3732745798988669
0.05365234375,0.39772419280536964
0.053671875,0.25239926120353795
0.05369140625,0.1326070752833943
0.0537109375,-0.0019366390001803596
0.05373046875,-0.2719440532738381
0.05375,-0.31177932143504017
0.05376953125,-0.2596447048994245
0.0537890625,-0.22811601273738424
0.05380859375,-0.19825425778903488
0.053828125,-0.4363638829981651
0.05384765625,-0.37065291998362204
0.0538671875,-0.07247924708049056
0.05388671875,-0.34301287145364967
0.05390625,-0.8760622114973483
0.05392578125,-1.0179409369956869
0.0539453125,-0.5429687150112185
0.05396484375,-0.22573015615041653
0.053984375,-0.34263439070749263
0.05400390625,-0.07135040892651358
0.0540234375,0.10605858113442262
0.05404296875,0.034416649786156245
0.0540625,0.3009815310437556
0.05408203125,0.20325042550265732
0.0541015625,-0.14409742061033662
0.05412109375,0.007948708463626573
0.054140625,0.22850639508156972
0.05416015625,0.280461562853622
0.0541796875,0.18488551667627054
0.05419921875,0.023427659918489066
0.05421875,0.26548408951599684
0.05423828125,0.4028045473409756
0.0542578125,0.0404363477821183
0.05427734375,-0.0026899914300907435
0.054296875,-0.04318022576094041
0.05431640625,-0.4615456100114357
0.0543359375,-0.5978990749785458
0.05435546875,-0.6553920110285929
0.054375,-0.6391868384610739
0.05439453125,-0.38625238478897245
0.0544140625,-0.1671446810228243
0.05443359375,0.13827549680467077
0.054453125,0.17959260027399887
0.05447265625,0.14003994817179646
0.0544921875,0.40568218223291674
0.05451171875,0.2106086450040378
0.05453125,0.019773274645962652
0.05455078125,0.42202904735951546
0.0545703125,0.49287402448634016
0.05458984375,0.4299970092986679
0.054609375,0.7052314632674824
0.05462890625,0.7913742700234283
0.0546484375,0.7049019197691784
0.05466796875,0.5506737843718363
0.0546875,0.40245837839430637
0.05470703125,0.49967783008946703
0.0547265625,0.6051010219677931
0.05474609375,0.5819833308698437
0.054765625,0.39627950432751
0.05478515625,0.09621521255394713
0.0548046875,-0.06351359353004218
0.05482421875,-0.09430497414411747
0.05484375,-0.11065145842304085
0.05486328125,-0.26647068572670435
0.0548828125,-0.37502228901599494
0.05490234375,-0.2649440116830181
0.054921875,-0.3016544380397269
0.05494140625,-0.44953768745388467
0.0549609375,-0.5191370750549141
0.05498046875,-0.3580840181354791
0.055,-0.04219918107861316
0.05501953125,-0.18506496289135826
0.0550390625,-0.3814483174574107
0.05505859375,-0.23210707761026772
0.055078125,-0.34307054287281025
0.05509765625,-0.45622127247035293
0.0551171875,-0.24587231321417247
0.05513671875,-0.08162739965486113
0.05515625,-0.16824083319627686
0.05517578125,-0.3329937180522298
0.0551953125,-0.18491322427930482
0.05521484375,-0.08718040669846848
0.055234375,-0.2864067072029307
0.05525390625,-0.260036255854036
0.0552734375,-0.18691208092879935
0.05529296875,-0.27490434943310427
0.0553125,-0.22446033855224728
0.05533203125,-0.10415228754415584
0.0553515625,0.10150477264219317
0.05537109375,0.313827791964149
0.055390625,0.13708730433487834
0.05541015625,-0.09398333007508528
0.0554296875,-0.02108361766793452
0.05544921875,0.12902580796019228
0.05546875,0.24414715875729837
0.05548828125,0.1543426739610044
0.0555078125,0.14133456542616124
0.05552734375,0.27443325709323374
0.055546875,0.006747197541162986
0.05556640625,-0.17784097202094792
0.0555859375,-0.13950341424071422
0.05560546875,-0.4272591187224358
0.055625,-0.6033679783419577
0.05564453125,-0.4901504487968773
0.0556640625,-0.30041347066273955
0.05568359375,-0.000928378898426228
0.055703125,-0.025131270145553053
0.05572265625,-0.5083153533069432
0.0557421875,-0.9114431243779404
0.05576171875,-0.9473014544348343
0.05578125,-0.7340658343751836
0.05580078125,-0.6579253453211975
0.0558203125,-0.8678036549751345
0.05583984375,-0.9431558064316107
0.055859375,-0.6933782825874935
0.05587890625,-0.3928823838702543
0.0558984375,-0.26160473285538066
0.05591796875,-0.28602636899966705
0.0559375,-0.2840986091183288
0.05595703125,-0.13876717041206885
0.0559765625,-0.04376229018378248
0.05599609375,-0.2256104186687502
0.056015625,-0.3919977508061981
0.05603515625,-0.24119822099616803
0.0560546875,0.004531709140355639
0.05607421875,0.07444001209305585
0.05609375,-0.15219492378443739
0.05611328125,-0.4687374798862602
0.0561328125,-0.5332613868600213
0.05615234375,-0.42023195429696675
0.056171875,-0.2622977709183633
0.05619140625,-0.17119825020854937
0.0562109375,-0.31263104521847473
0.05623046875,-0.450386094765916
0.05625,-0.35045429122937655
0.05626953125,-0.2730183450570177
0.0562890625,-0.4041312627137871
0.05630859375,-0.48239558914068226
0.056328125,-0.4106321673374263
0.05634765625,-0.2935140042053963
0.0563671875,-0.16302941625811365
0.05638671875,-0.3693030488908014
0.05640625,-0.6235148498269941
0.05642578125,-0.2968422516080204
0.0564453125,-0.1394408266812327
0.05646484375,-0.47395232552240607
0.056484375,-0.48566245265114605
0.05650390625,-0.17232272143392705
0.0565234375,0.11579014778813873
0.05654296875,0.15284978404691482
0.0565625,-0.14433418187500735
0.05658203125,-0.21335914908383358
0.0566015625,-0.008558261749199172
0.05662109375,-0.04393116810558269
0.056640625,-0.06569944961047477
0.05666015625,0.06926635028574021
0.0566796875,-0.03564538214785895
0.05669921875,-0.2475036358554918
0.05671875,-0.3754278331830761
0.05673828125,-0.3693080958136495
0.0567578125,-0.3310600145266753
0.05677734375,-0.5535063641022503
0.056796875,-0.6065645855373459
0.05681640625,-0.48100988047966786
0.0568359375,-0.4459764244553052
0.05685546875,-0.23579603022840911
0.056875,-0.3141590142796491
0.05689453125,-0.5778949375328783
0.0569140625,-0.4867584738454246
0.05693359375,-0.5063150177478462
0.056953125,-0.6901809212016514
0.05697265625,-0.7990205879084582
0.0569921875,-0.9385846383053956
0.05701171875,-0.9409218980319795
0.05703125,-0.7696254719281037
0.05705078125,-0.8274079979670421
0.0570703125,-1.0857381902536187
0.05708984375,-0.9383645184432472
0.057109375,-0.3391225878326118
0.05712890625,-0.024442581852901712
0.0571484375,-0.26437348650398484
0.05716796875,-0.3022878960563466
0.0571875,0.14617099019556024
0.05720703125,0.2812738873253213
0.0572265625,0.009300666317253577
0.05724609375,-0.16286502241554363
0.057265625,-0.4189889377094813
0.05728515625,-0.6925538910783253
0.0573046875,-0.49562081073337527
0.05732421875,-0.11165129550671168
0.05734375,-0.15595252051783404
0.05736328125,-0.2521524886272102
0.0573828125,0.059595295321917194
0.05740234375,0.10093120348091203
0.057421875,-0.16660572837345194
0.05744140625,-0.2125678596529328
0.0574609375,-0.3139148561906876
0.05748046875,-0.42853068158993446
0.0575,-0.5023624027332699
0.05751953125,-0.48006232593276166
0.0575390625,-0.17964804737360446
0.05755859375,-0.26543579334166484
0.057578125,-0.4247120514399403
0.05759765625,-0.06075070146492369
0.0576171875,-0.02508455465528143
0.05763671875,-0.2676602452204629
0.05765625,-0.29183636673328617
0.05767578125,-0.3194751015881705
0.0576953125,-0.24206624175418598
0.05771484375,-0.20616765719756552
0.057734375,-0.2982615417699006
0.05775390625,-0.3488737745016035
0.0577734375,-0.3295258111190331
0.05779296875,-0.02064982239951158
0.0578125,0.13481517942195034
0.05783203125,-0.016357243100575812
0.0578515625,-0.06752030183227276
0.05787109375,-0.16280595434511433
0.057890625,-0.011738789221957403
0.05791015625,0.21524523516157631
0.0579296875,0.180991445193575
0.05794921875,0.29092351627093743
0.05796875,0.1571591812914725
0.05798828125,-0.1941314776661852
0.0580078125,-0.2730888757701604
0.05802734375,-0.1653782518818607
0.058046875,0.13475612805786674
0.05806640625,0.16080641051684133
0.0580859375,-0.009911697546097088
0.05810546875,0.08863989873842422
0.058125,0.1011292295285109
0.05814453125,0.011662294566662519
0.0581640625,-0.2204180334405791
0.05818359375,-0.4513080431502199
0.058203125,-0.24084389941473033
0.05822265625,-0.04419862762577796
0.0582421875,-0.1949150844642259
0.05826171875,-0.463042834423754
0.05828125,-0.6183876496687177
0.05830078125,-0.5226585096554679
0.0583203125,-0.49959015227995085
0.05833984375,-0.620182334220162
0.058359375,-0.33577687463286293
0.05837890625,0.08420424630786416
0.0583984375,0.2065877972387356
0.05841796875,0.41177575174356346
0.0584375,0.563166522924057
0.05845703125,0.3628072906009874
0.0584765625,0.01252144743471079
0.05849609375,-0.05611985351031008
0.058515625,0.2137527496349751
0.05853515625,0.0843963327005586
0.0585546875,-0.2928266368250693
0.05857421875,-0.2849612865113163
0.05859375,-0.11529415839648315
0.05861328125,0.10912746063107474
0.0586328125,0.29365757066690035
0.05865234375,0.4340024386739496
0.058671875,0.5722491760591848
0.05869140625,0.3774697321586782
0.0587109375,0.21887122502288203
0.05873046875,0.33133910543162226
0.05875,0.22702434363107088
0.05876953125,0.16992214551757426
0.0587890625,0.25776722124275964
0.05880859375,0.10117068775427554
0.058828125,0.02828962649268188
0.05884765625,0.05064614139219528
0.0588671875,-0.07114781004408044
0.05888671875,-0.10364561044395174
0.05890625,-0.027697460902860384
0.05892578125,0.12314981163807812
0.0589453125,0.018811534166750354
0.05896484375,-0.3987224786651886
0.058984375,-0.4206518817872481
0.05900390625,-0.3518113716763618
0.0590234375,-0.5789791378916945
0.05904296875,-0.3826199442576341
0.0590625,0.03991454424606254
0.05908203125,-0.0573882775431552
0.0591015625,-0.3388814874551751
0.05912109375,-0.3787676392507892
0.059140625,-0.2706193591800858
0.05916015625,-0.08990222651113963
0.0591796875,0.06432351453290232
0.05919921875,0.20670481338276803
0.05921875,0.28680718917131187
0.05923828125,0.21355710054078625
0.0592578125,0.24621695088651374
0.05927734375,0.2124759762300788
0.059296875,0.04867740787361801
0.05931640625,0.1506036263819044
0.0593359375,0.08174449927520261
0.05935546875,-0.183866932372291
0.059375,0.1083039657089478
0.05939453125,0.5886727381080245
0.0594140625,0.6228877020637826
0.05943359375,0.3197450789367692
0.059453125,0.027904824452401906
0.05947265625,0.0570668710361346
0.0594921875,0.1524910729995099
0.05951171875,0.18422650070066435
0.05953125,0.2578873645708058
0.05955078125,0.039502866103193465
0.0595703125,-0.22594798732059698
0.05958984375,-0.023856635374307225
0.059609375,0.11632413192093942
0.05962890625,-0.2488677176129899
0.0596484375,-0.4022060279632224
0.05966796875,-0.17701351900126608
0.0596875,-0.10747137324482348
0.05970703125,-0.0609574510485331
0.0597265625,-0.030587699878611187
0.05974609375,-0.15272291760210377
0.059765625,-0.37743561513020984
0.05978515625,-0.518644685919569
0.0598046875,-0.23362918839184285
0.05982421875,0.07055616290968508
0.05984375,0.0005572176572102606
0.05986328125,-0.0983399922043163
0.0598828125,-0.05999413763678469
0.05990234375,0.07534498873672339
0.059921875,0.19873486121349032
0.05994140625,0.15495326354341554
0.0599609375,0.1214646676976048
0.05998046875,0.21126011210356255
0.06,0.20072624579355985
0.06001953125,0.12224783718746618
0.0600390625,0.24623284561195508
0.06005859375,0.5009884526618608
0.060078125,0.5111227871125127
0.06009765625,0.31670254035835893
0.0601171875,0.2599367579959285
0.06013671875,0.19919535947087064
0.06015625,0.05283345294272154
0.06017578125,-0.024320965131270564
0.0601953125,-0.17921136823323655
0.06021484375,-0.2156450534442431
0.060234375,-0.07542972193736078
0.06025390625,-0.1557114614295368
0.0602734375,-0.05268899426877427
0.06029296875,0.40545384639388854
0.0603125,0.5428640728433841
0.06033203125,0.44949157949030266
0.0603515625,0.5341806406607208
0.06037109375,0.6321163746904244
0.060390625,0.6803985860727044
0.06041015625,0.7255753512812326
0.0604296875,0.7549118794242564
0.06044921875,0.8805690335253704
0.06046875,1.0302377195542514
0.06048828125,0.8624230078831626
0.0605078125,0.5362852285679562
0.06052734375,0.5856476101793768
0.060546875,0.5170098116585446
0.06056640625,0.12843787651239624
0.0605859375,0.23207780135993183
0.06060546875,0.48785929396485894
0.060625,0.5519180911348451
0.06064453125,0.7335980755871949
0.0606640625,0.7409202087089075
0.06068359375,0.6976050677935959
0.060703125,0.7843897956469597
0.06072265625,0.7614183861295736
0.0607421875,0.8576261967623069
0.06076171875,0.9101451494770876
0.06078125,0.5042392849037908
0.06080078125,0.11658258159904769
0.0608203125,0.12236665115074474
0.06083984375,0.31451246893570184
0.060859375,0.38584362704428443
0.06087890625,0.35331235890007406
0.0608984375,0.507918615729845
0.06091796875,0.41336844690181734
0.0609375,0.05085646524086523
0.06095703125,0.10172640150422112
0.0609765625,0.1520490487173436
0.06099609375,-0.2077331731659768
0.061015625,-0.4983640918952741
0.06103515625,-0.3742282850690502
0.0610546875,-0.13689845466445702
0.06107421875,-0.161151628425262
0.06109375,0.03762806793232032
0.06111328125,0.4790084993173298
0.0611328125,0.4742139274712671
0.06115234375,0.2703922272299518
0.061171875,0.2621216731937047
0.06119140625,0.34918064936806326
0.0612109375,0.3219785087298971
0.06123046875,0.1894819972695813
0.06125,0.3738860221566524
0.06126953125,0.5778931319826818
0.0612890625,0.25920977902147374
0.06130859375,0.023142607343346097
0.061328125,0.2911575035922048
0.06134765625,0.46582911623236306
0.0613671875,0.31475684570166695
0.06138671875,0.26018210284217735
0.06140625,0.41326160140642654
0.06142578125,0.5018884144101337
0.0614453125,0.4487850789259801
0.06146484375,0.41143616341600264
0.061484375,0.3109207304535366
0.06150390625,0.04128290608140049
0.0615234375,-0.10035320499998208
0.06154296875,0.017885412498947047
0.0615625,0.17762555823138212
0.06158203125,0.1319632165826152
0.0616015625,0.004933915187230034
0.06162109375,0.12376154292775629
0.061640625,0.06866932715824971
0.06166015625,-0.21562048829119096
0.0616796875,-0.14344844946046806
0.06169921875,0.026737427836327904
0.06171875,0.0699361290621784
0.06173828125,0.027527855846415317
0.0617578125,-0.05053373208484762
0.06177734375,0.1624516137734887
0.061796875,0.2571717725481981
0.06181640625,-0.053416462577679714
0.0618359375,-0.20192898769025253
0.06185546875,-0.04822597419172446
0.061875,0.056589670987938885
0.06189453125,-0.15159571603144475
0.0619140625,-0.3584409774100601
0.06193359375,-0.12965761950270038
0.061953125,0.24235720331171706
0.06197265625,0.2622157391187073
0.0619921875,-0.04719259643212565
0.06201171875,0.017316652222884657
0.06203125,0.484183322298252
0.06205078125,0.5970752118725965
0.0620703125,0.46090260417614687
0.06208984375,0.25503543024759184
0.062109375,-0.00716888827208384
0.06212890625,-0.06652033283746328
0.0621484375,-0.07212762139863632
0.06216796875,-0.2284569358967486
0.0621875,-0.35067681001184825
0.06220703125,-0.024328127159143384
0.0622265625,0.1571226671604428
0.06224609375,-0.3028992280529646
0.062265625,-0.3341570355496501
0.06228515625,-0.05497709949819767
0.0623046875,-0.19808784905349414
0.06232421875,-0.17564958076007006
0.06234375,0.07670711557234844
0.06236328125,0.2133566586383261
0.0623828125,0.3940818585583109
0.06240234375,0.5584257952164584
0.062421875,0.39041807705914705
0.06244140625,0.024487566900458998
0.0624609375,0.0172841932245128
0.06248046875,0.3117519714614464
0.0625,0.2519515117943325
0.06251953125,-0.12225072817537277
0.0625390625,-0.26911163408547767
0.06255859375,-0.08380246611559483
0.062578125,0.16058883085388645
0.06259765625,0.1404221515553548
0.0626171875,0.1757180779482982
0.06263671875,0.5213748815557779
0.06265625,0.5635689731215558
0.06267578125,0.3808780385372579
0.0626953125,0.40331544835090016
0.06271484375,0.3084695163127513
0.062734375,0.24381325744860582
0.06275390625,0.31975043604233333
0.0627734375,0.18483768891345473
0.06279296875,0.1769767895689393
0.0628125,0.2006610901036079
0.06283203125,0.040177369776624325
0.0628515625,0.0841659556163602
0.06287109375,-0.06746270122036101
0.062890625,-0.41093328521114125
0.06291015625,-0.5860507245298272
0.0629296875,-0.6741632166419598
0.06294921875,-0.2475143049850313
0.06296875,-0.04265752636794151
0.06298828125,-0.5613762066798467
0.0630078125,-0.5068743260619052
0.06302734375,-0.24139650739818702
0.063046875,-0.47441887967799395
0.06306640625,-0.5362143156000035
0.0630859375,-0.36165432932002745
0.06310546875,-0.05651925770305028
0.063125,0.12228507611882605
0.06314453125,0.0793657194238098
0.0631640625,0.15932958790294394
0.06318359375,0.10552964401849155
0.063203125,-0.09315681815934067
0.06322265625,-0.18029841204999913
0.0632421875,-0.016527130924010702
0.06326171875,0.2954378891424781
0.06328125,0.188359113154396
0.06330078125,-0.001618097397743573
0.0633203125,0.030698007865120353
0.06333984375,-0.14580382870066388
0.063359375,-0.24804258409393104
0.06337890625,-0.17606974562948396
0.0633984375,-0.03623691610750467
0.06341796875,0.24515178576089544
0.0634375,0.2847407823845314
0.06345703125,0.19589848535059762
0.0634765625,0.2830700964887607
0.06349609375,0.3507409847318944
0.063515625,0.20812706423671193
0.06353515625,-0.20297624982585907
0.0635546875,-0.6062046746728731
0.06357421875,-0.7646945049499622
0.06359375,-0.6500138293730227
0.06361328125,-0.4838611068539147
0.0636328125,-0.556706818130268
0.06365234375,-0.5568742752209211
0.063671875,-0.5216922118640138
0.06369140625,-0.5541824552502221
0.0637109375,-0.3093220604670672
0.06373046875,-0.2048157279524568
0.06375,-0.4598845860975026
0.06376953125,-0.6300927049162048
0.0637890625,-0.6200335967111961
0.06380859375,-0.5347219373378813
0.063828125,-0.41456153862894407
0.06384765625,-0.2442652791914078
0.0638671875,-0.29848463981297535
0.06388671875,-0.5673731169965475
0.06390625,-0.5069689589189599
0.06392578125,-0.3792885340459369
0.0639453125,-0.43228786382742546
0.06396484375,-0.21739248750033713
0.063984375,-0.0032611074407155258
0.06400390625,0.055807771399503596
0.0640234375,0.3236512991645014
0.06404296875,0.4813167186767455
0.0640625,0.3656849683326221
0.06408203125,0.1207302300515215
0.0641015625,-0.1564043183649498
0.06412109375,-0.04123423755064942
0.064140625,0.08283644165339686
0.06416015625,-0.23168495259323207
0.0641796875,-0.3776782432294742
0.06419921875,-0.29924420555238995
0.06421875,-0.3084844438311619
0.06423828125,-0.46599279692096823
0.0642578125,-0.7833263622208511
0.06427734375,-0.9403682654597121
0.064296875,-0.8926273900587376
0.06431640625,-0.6850920805801518
0.0643359375,-0.49160816063647184
0.06435546875,-0.5665815967581501
0.064375,-0.40302922945506814
0.06439453125,-0.212264496215319
0.0644140625,-0.350442874369157
0.06443359375,-0.12208665715013002
0.064453125,0.03676535233332672
0.06447265625,-0.19417557541162694
0.0644921875,-0.0333764557954918
0.06451171875,0.2755501429542517
0.06453125,0.3602053881200473
0.06455078125,0.2485878227296665
0.0645703125,-0.052989836654166754
0.06458984375,-0.15233089116276288
0.064609375,0.04410975056401079
0.06462890625,0.10730906515913825
0.0646484375,-0.1437167865099854
0.06466796875,-0.19446867384330688
0.0646875,0.09672368462972315
0.06470703125,0.10545440055946764
0.0647265625,-0.05135467061822499
0.06474609375,0.004824373125319161
0.064765625,-0.09652518709946026
0.06478515625,-0.23240502798161836
0.0648046875,-0.06918673790037219
0.06482421875,-0.11767280244387283
0.06484375,-0.3967697849429841
0.06486328125,-0.3882960656009727
0.0648828125,-0.18856967811093395
0.06490234375,-0.2396921656056199
0.064921875,-0.7485721065440054
0.06494140625,-1.1547264346798853
0.0649609375,-1.0551663825982274
0.06498046875,-1.032128572464122
0.065,-1.1524657712369002
0.06501953125,-1.0025883184983708
0.0650390625,-0.9169492709751834
0.06505859375,-0.8055887857729744
0.065078125,-0.36122661159371183
0.06509765625,-0.2683009638811401
0.0651171875,-0.4494119788144965
0.06513671875,-0.21126523536914293
0.06515625,0.015256047049470638
0.06517578125,-0.17847548638370403
0.0651953125,-0.29036067287797085
0.06521484375,-0.05430946119344279
0.065234375,0.015257504252500935
0.06525390625,-0.26934154397609006
0.0652734375,-0.533555956093036
0.06529296875,-0.7346676871740632
0.0653125,-0.853948636770973
0.06533203125,-0.6791268549133918
0.0653515625,-0.5374187860037747
0.06537109375,-0.6416711357084145
0.065390625,-0.5086089987464174
0.06541015625,-0.20851418368821129
0.0654296875,-0.027363904775028605
0.06544921875,0.22685860488657505
0.06546875,0.31893819618387736
0.06548828125,0.004349850830292504
0.0655078125,-0.1733289186860046
0.06552734375,0.20386187826202015
0.065546875,0.4297333143410848
0.06556640625,0.02865538281233808
0.0655859375,-0.235210894514824
0.06560546875,-0.06824009861835402
0.065625,-0.13971387412513997
0.06564453125,-0.5550388499720947
0.0656640625,-0.47002040071476753
0.06568359375,0.045849543309748685
0.065703125,0.030670940877991104
0.06572265625,-0.14078208908301262
0.0657421875,-0.12119382038904503
0.06576171875,-0.31051721936776
0.06578125,-0.32866465976559966
0.06580078125,-0.1756661734064236
0.0658203125,-0.06280464570836523
0.06583984375,0.14261136617562287
0.065859375,0.1513002635383301
0.06587890625,0.09283619728987386
0.0658984375,0.13811870647139252
0.06591796875,0.28411696684862686
0.0659375,0.5677502418681457
0.06595703125,0.5654886178253794
0.0659765625,0.43212200684192875
0.06599609375,0.4734282784664154
0.066015625,0.42582626307157767
0.06603515625,0.26276880188824076
0.0660546875,0.04807461566280441
0.06607421875,-0.08245239680290942
0.06609375,-0.12586357156062417
0.06611328125,-0.2730607286853242
0.0661328125,-0.34027900965265157
0.06615234375,-0.2935279527089384
0.066171875,-0.10791418737066383
0.06619140625,0.2297248690096553
0.0662109375,0.1815909080951286
0.06623046875,-0.04316639489455749
0.06625,0.011992102141565809
0.06626953125,0.01809074708709712
0.0662890625,-0.06759822310080887
0.06630859375,-0.22075767743043645
0.066328125,-0.25711766133761993
0.06634765625,0.016339955511957577
0.0663671875,0.22848541240117876
0.06638671875,0.43210639969273734
0.06640625,0.5457879362999319
0.06642578125,0.44606906094341436
0.0664453125,0.5075611004966492
0.06646484375,0.374839377672763
0.066484375,-0.012364810512449545
0.06650390625,-0.026427719852524727
0.0665234375,0.23638968641109792
0.06654296875,0.43806465007747875
0.0665625,0.5047518577921101
0.06658203125,0.4828809798695458
0.0666015625,0.39743571045945125
0.06662109375,0.32770932336016956
0.066640625,0.4559475968089072
0.06666015625,0.6078114595399093
0.0666796875,0.6144956890958557
0.06669921875,0.5698059181952547
0.06671875,0.5443315747290227
0.06673828125,0.6505218123529032
0.0667578125,0.7589114247316971
0.06677734375,0.7310485814781762
0.066796875,0.6821163263805256
0.06681640625,0.597169829221271
0.0668359375,0.5511515449516675
0.06685546875,0.47092300487985284
0.066875,0.1371091434440726
0.06689453125,-0.19938560038730685
0.0669140625,-0.30450657259721703
0.06693359375,-0.25412868942571143
0.066953125,-0.3059233215195041
0.06697265625,-0.6154858609612726
0.0669921875,-0.7800585425944064
0.06701171875,-0.5185236105064712
0.06703125,-0.1301547090411203
0.06705078125,0.09935540460116353
0.0670703125,0.08334045953264979
0.06708984375,-0.061155299812503366
0.067109375,0.06675670739319761
0.06712890625,0.5045321126383207
0.0671484375,0.622656388681937
0.06716796875,0.24637894984956588
0.0671875,0.02959260038932896
0.06720703125,0.25132349641347657
0.0672265625,0.38985283268959664
0.06724609375,0.19661194224623485
0.067265625,0.09199984778196099
0.06728515625,0.11861249204938763
0.0673046875,0.062100544657382066
0.06732421875,0.03682469056913236
0.06734375,0.035387275213661876
0.06736328125,0.2393433537600249
0.0673828125,0.5922994058406446
0.06740234375,0.6519276948454645
0.067421875,0.7052327828404829
0.06744140625,0.7909848988349002
0.0674609375,0.6301489355533928
0.06748046875,0.5249287061202359
0.0675,0.44513274587233254
0.06751953125,0.25894106049294013
0.0675390625,0.10013478115484385
0.06755859375,0.05671945065718123
0.067578125,0.31251880801358856
0.06759765625,0.4328974596329289
0.0676171875,-0.009253431949194743
0.06763671875,-0.34059775416440224
0.06765625,-0.24525957238184687
0.06767578125,0.0272808083744097
0.0676953125,0.21187184652175386
0.06771484375,-0.2243245822961851
0.067734375,-0.7038080860992053
0.06775390625,-0.3933392676645802
0.0677734375,-0.054276003885405426
0.06779296875,-0.19877686203839848
0.0678125,-0.46035236901034066
0.06783203125,-0.5295614396646721
0.0678515625,-0.1694287963297159
0.06787109375,0.09917062229300391
0.067890625,0.033444495822993435
0.06791015625,0.22686426502415855
0.0679296875,0.4601978052413349
0.06794921875,0.41037204840154046
0.06796875,0.25065350708804524
0.06798828125,0.16488656986018269
0.0680078125,0.24511017819794478
0.06802734375,0.17057449354317714
0.068046875,0.16892941066701406
0.06806640625,0.303453182750817
0.0680859375,0.14497743980428113
0.06810546875,0.3176463253942522
0.068125,0.6201300359908859
0.06814453125,0.36243083801901177
0.0681640625,0.2870927867691644
0.06818359375,0.5131883591316109
0.068203125,0.6037437187053044
0.06822265625,0.49405949051106945
0.0682421875,0.2898849002695073
0.06826171875,0.4370682370404283
0.06828125,0.5988340994454637
0.06830078125,0.49975618043241843
0.0683203125,0.5874474753679861
0.06833984375,0.6354938861970703
0.068359375,0.5005143246809816
0.06837890625,0.4730712084080574
0.0683984375,0.5466380480850728
0.06841796875,0.7267431799043725
0.0684375,0.7514456559749914
0.06845703125,0.4260268158025519
0.0684765625,0.2782171250905972
0.06849609375,0.369245650952235
0.068515625,0.30184953282086624
0.06853515625,0.242243507529445
0.0685546875,0.4370148217250258
0.06857421875,0.8261367673023897
0.06859375,1.0823253323336104
0.06861328125,0.9945393289254736
0.0686328125,0.8579283423330336
0.06865234375,0.8862540637116051
0.068671875,0.9979017703321964
0.06869140625,1.1925858129839884
0.0687109375,1.1111748800990977
0.06873046875,0.6213634028517687
0.06875,0.5879990745955667
0.06876953125,0.953869312720458
0.0687890625,0.9319903322856167
0.06880859375,0.6397841240139175
0.068828125,0.2815879665044552
0.06884765625,0.19685921872036466
0.0688671875,0.28214009695725845
0.06888671875,-0.07104668735876295
0.06890625,-0.3265487503918043
0.06892578125,-0.14565095742231682
0.0689453125,-0.057585607234465486
0.06896484375,-0.0309094999047851
0.068984375,0.1553634557998541
0.06900390625,0.20569583982236012
0.0690234375,-0.05347544474524865
0.06904296875,0.06554272846839698
0.0690625,0.6582112426122506
0.06908203125,0.7017509567248568
0.0691015625,0.370838626651794
0.06912109375,0.38398577852420085
0.069140625,0.47750645908304934
0.06916015625,0.5883069783518252
0.0691796875,0.6519390859484946
0.06919921875,0.5059162265470714
0.06921875,0.4811300421884501
0.06923828125,0.363090962464074
0.0692578125,0.05243831247135022
0.06927734375,0.07305103959074365
0.069296875,0.1654596841844871
0.06931640625,0.005882281246070473
0.0693359375,-0.13638011513694623
0.06935546875,0.02018705611409126
0.069375,0.4482584924256333
0.06939453125,0.6040814254076077
0.0694140625,0.2881801835242483
0.06943359375,-0.09858623979515248
0.069453125,-0.1333161721297795
0.06947265625,0.28633158990516183
0.0694921875,0.7097066497494097
0.06951171875,0.6867502035242007
0.06953125,0.49331398947899086
0.06955078125,0.6609112437364408
0.0695703125,0.8376149644205161
0.06958984375,0.5359510745929553
0.069609375,0.24901130420529477
0.06962890625,0.16769495696777012
0.0696484375,-0.03339099668583912
0.06966796875,-0.12739980038327647
0.0696875,-0.16626047142717673
0.06970703125,-0.23139731606559533
0.0697265625,-0.09341397843160268
0.06974609375,-0.21066991839331078
0.069765625,-0.4655718704463899
0.06978515625,-0.4147914278771454
0.0698046875,-0.4456948521924276
0.06982421875,-0.49407447276919375
0.06984375,-0.5338298649131865
0.06986328125,-0.7532165528291045
0.0698828125,-0.6956291192274472
0.06990234375,-0.25840118745412777
0.069921875,0.1020345079829099
0.06994140625,0.13645823380035338
0.0699609375,0.22210943733038488
0.06998046875,0.5743335379069465
0.07,0.7020460756914996
0.07001953125,0.5673124085713694
0.0700390625,0.3338038174821845
0.07005859375,0.3125866357167185
0.070078125,0.6370110848914152
0.07009765625,0.3760641407249637
0.0701171875,-0.12852682424484113
0.07013671875,0.015792251311223394
0.07015625,0.06255998324746498
0.07017578125,-0.09219028239911276
0.0701953125,-0.05835089689081022
0.07021484375,-0.17603291330591297
0.070234375,-0.392092130667385
0.07025390625,-0.38271663835006153
0.0702734375,-0.1024202665380659
0.07029296875,0.00228726478708869
0.0703125,-0.13812455835506196
0.07033203125,0.007290126760514298
0.0703515625,0.11842076415930845
0.07037109375,0.08281522203178773
0.070390625,0.176007385982078
0.07041015625,0.10783638682842857
0.0704296875,0.1830038431813923
0.07044921875,0.324407733735407
0.07046875,0.11792448710096254
0.07048828125,0.10814893925795419
0.0705078125,0.14828368309843779
0.07052734375,0.05693277168545642
0.070546875,0.23704366844443317
0.07056640625,0.25606167735622365
0.0705859375,0.22333087573234986
0.07060546875,0.6127148093871833
0.070625,0.8872595171322724
0.07064453125,0.7189929218117297
0.0706640625,0.43809813454689206
0.07068359375,0.3697350831224785
0.070703125,0.36792226292723224
0.07072265625,0.3478295606494164
0.0707421875,0.41313215258122266
0.07076171875,0.3091201055116866
0.07078125,0.24740932450448444
0.07080078125,0.36899043258334624
0.0708203125,0.21044919639038984
0.07083984375,-0.08883284871571413
0.070859375,-0.19973017354757583
0.07087890625,-0.18320631013013236
0.0708984375,-0.026224504567784024
0.07091796875,0.07574888502670578
0.0709375,-0.05823814497612748
0.07095703125,-0.08826682966947841
0.0709765625,-0.0796865146268639
0.07099609375,-0.2984381690527894
0.071015625,-0.49168753209373195
0.07103515625,-0.5412970076716919
0.0710546875,-0.4388391433246769
0.07107421875,-0.35994708757187466
0.07109375,-0.4087203934888059
0.07111328125,-0.24872289800411818
0.0711328125,-0.12184114706677027
0.07115234375,-0.23863715818795547
0.071171875,-0.24087972296893737
0.07119140625,-0.23337443142550213
0.0712109375,-0.14145522146568962
0.07123046875,0.1519810271968817
0.07125,0.28165135954296916
0.07126953125,0.37734831639593713
0.0712890625,0.2855856882478467
0.07130859375,-0.1683993246762933
0.071328125,-0.09561153163391219
0.07134765625,0.33431693757885195
0.0713671875,0.058021274152617305
0.07138671875,-0.39716244009583634
0.07140625,-0.23357159720462223
0.07142578125,0.022350501599344434
0.0714453125,-0.061218709012656525
0.07146484375,-0.12653559901961664
0.071484375,0.06783687246994388
0.07150390625,0.20083264455393637
0.0715234375,0.017446661672603368
0.07154296875,0.005457457586317119
0.0715625,0.07724154158060198
0.07158203125,-0.4701774196374604
0.0716015625,-0.8565949864416924
0.07162109375,-0.5701166229095984
0.071640625,-0.5140183393389417
0.07166015625,-0.47314169726767696
0.0716796875,-0.0604646442893769
0.07169921875,-0.012052532903502597
0.07171875,-0.28326846249794463
0.07173828125,-0.26825194980143674
0.0717578125,-0.16669017339418668
0.07177734375,-0.3744234228791419
0.071796875,-0.6098185765648593
0.07181640625,-0.47799547011289123
0.0718359375,-0.37535938607038816
0.07185546875,-0.6330270809313113
0.071875,-0.7084692915651588
0.07189453125,-0.3984762982719077
0.0719140625,-0.33347630780505555
0.07193359375,-0.56050692647464
0.071953125,-0.5897825493321941
0.07197265625,-0.4826055772698041
0.0719921875,-0.44009720765805416
0.07201171875,-0.27674580330916343
0.07203125,0.0378040237168957
0.07205078125,-0.08272685302415884
0.0720703125,-0.35466594712614113
0.07208984375,-0.04142462600602109
0.072109375,0.07441262413277495
0.07212890625,-0.2619863328230004
0.0721484375,-0.376929625295842
0.07216796875,-0.2704478236285359
0.0721875,-0.10233501289837323
0.07220703125,-0.21626769762379966
0.0722265625,-0.4244358446935458
0.07224609375,-0.35302325822419023
0.072265625,-0.4277151642176247
0.07228515625,-0.5007091284492904
0.0723046875,-0.29557779371952875
0.07232421875,-0.21479912686793448
0.07234375,-0.3047618395126438
0.07236328125,-0.3582424460124238
0.0723828125,-0.37476186269393735
0.07240234375,-0.3300059985807559
0.072421875,-0.26304944867850644
0.07244140625,-0.2508681078175423
0.0724609375,-0.20763949391480568
0.07248046875,-0.0926123957350367
0.0725,0.2707651907501235
0.07251953125,0.5728222765832197
0.0725390625,0.13580420276942465
0.07255859375,-0.03483054638785696
0.072578125,0.585819627678251
0.07259765625,0.6314274983158751
0.0726171875,0.2804944904337043
0.07263671875,0.310839558489856
0.07265625,0.37600883217837666
0.07267578125,0.2738354160665415
0.0726953125,-0.025244374653821757
0.07271484375,-0.03361923450460137
0.072734375,0.25676601506960894
0.07275390625,-0.06695571190709988
0.0727734375,-0.38549157996699146
0.07279296875,-0.0630452586333071
0.0728125,-0.1958809743054944
0.07283203125,-0.6102548106422819
0.0728515625,-0.4743294603492241
0.07287109375,-0.5063082886251414
0.072890625,-0.8330433215425862
0.07291015625,-0.77713292154505
0.0729296875,-0.6661729374565559
0.07294921875,-0.8810852327989703
0.07296875,-0.9342174290181372
0.07298828125,-0.7018351563127343
0.0730078125,-0.6667125888818112
0.07302734375,-0.6785528448732377
0.073046875,-0.46250709277584484
0.07306640625,-0.20004871170476768
0.0730859375,-0.09740705776364214
0.07310546875,-0.4032209171936918
0.073125,-0.5465035239863242
0.07314453125,-0.13699930282802536
0.0731640625,-0.06615160641666826
0.07318359375,-0.39648889345293836
0.073203125,-0.52798600434856
0.07322265625,-0.4305794107755636
0.0732421875,-0.4091948626109245
0.07326171875,-0.6493867111700541
0.07328125,-0.6848692110672915
0.07330078125,-0.5225833600841607
0.0733203125,-0.530935804484826
0.07333984375,-0.3573758331003642
0.073359375,0.03857152157131204
0.07337890625,0.10460728378195808
0.0733984375,-0.14827209248146192
0.07341796875,-0.2433990048253983
0.0734375,-0.27460039713253376
0.07345703125,-0.25686446288738024
0.0734765625,-0.07546705487608786
0.07349609375,-0.14735906007252003
0.073515625,-0.3661151135853002
0.07353515625,-0.5109275511142155
0.0735546875,-0.664690735874905
0.07357421875,-0.7232802049590332
0.07359375,-0.7107300202449114
0.07361328125,-0.3304125820435374
0.0736328125,0.28116283422483673
0.07365234375,0.3422683721360627
0.073671875,0.0474502658950955
0.07369140625,-0.09263113575270623
0.0737109375,-0.06734084770741273
0.07373046875,0.0017675499976575679
0.07375,-0.20965298744455035
0.07376953125,-0.3740167903241983
0.0737890625,-0.040058600158574986
0.07380859375,0.13820675585753134
0.073828125,0.14581398311568294
0.07384765625,0.22135431155571444
0.0738671875,0.058912923582464624
0.07388671875,0.19069463748019033
0.07390625,0.32613156480227556
0.07392578125,-0.007394366060689661
0.0739453125,-0.12294173030014421
0.07396484375,-0.09833083822231968
0.073984375,-0.009350284275933977
0.07400390625,0.1443040776190001
0.0740234375,-0.04943342456179314
0.07404296875,-0.1892339878379182
0.0740625,0.061573986584504095
0.07408203125,0.17869296856027791
0.0741015625,-0.17438252401332247
0.07412109375,-0.430828108269519
0.074140625,-0.1403396743146939
0.07416015625,-0.02702884536112704
0.0741796875,-0.4799286290179583
0.07419921875,-0.474229930630209
0.07421875,0.11768972464894471
0.07423828125,0.08779858435566691
0.0742578125,-0.37507111382198444
0.07427734375,-0.28865489399559296
0.074296875,0.015275972683951727
0.07431640625,0.01690988938521392
0.0743359375,0.0051234597561485955
0.07435546875,0.00191932740782199
0.074375,-0.19802772139638242
0.07439453125,-0.3145294143584423
0.0744140625,-0.24427472946774054
0.07443359375,-0.1732978854881894
0.074453125,-0.08462215047250472
0.07447265625,-0.0013860697169353828
0.0744921875,0.06493985038004141
0.07451171875,0.4469716021279475
0.07453125,0.9033605679426795
0.07455078125,0.8217105538129437
0.0745703125,0.7434436982062864
0.07458984375,0.9498649777679061
0.074609375,0.8686145880235885
0.07462890625,0.6020705854747231
0.0746484375,0.4518560265551438
0.07466796875,0.31844154266708974
0.0746875,0.09256173087168255
0.07470703125,0.07825325929080534
0.0747265625,0.36042262656029234
0.07474609375,0.3216705426563525
0.074765625,0.02258816197762009
0.07478515625,-0.03761924742826041
0.0748046875,0.00781986305294731
0.07482421875,0.08801978788635349
0.07484375,0.10655802380546223
0.07486328125,-0.07724741831987088
0.0748828125,-0.25161753571427864
0.07490234375,-0.17389759906771723
0.074921875,0.11655446846357123
0.07494140625,0.09344846266729508
0.0749609375,-0.2868055259277662
0.07498046875,-0.5345887936705056
0.075,-0.4594963624635596
0.07501953125,-0.1809388185308886
0.0750390625,-0.28762863582987536
0.07505859375,-0.5986294092236528
0.075078125,-0.43450188028930303
0.07509765625,-0.28863684977964804
0.0751171875,-0.42244395630897136
0.07513671875,-0.39686324160540803
0.07515625,-0.22192668325700726
0.07517578125,-0.08536784508264877
0.0751953125,0.007122714386844552
0.07521484375,0.16571082072621576
0.075234375,0.2860905910121949
0.07525390625,0.3659412320504527
0.0752734375,0.5550149966552598
0.07529296875,0.6163568652226052
0.0753125,0.4989681049441588
0.07533203125,0.29638645918534895
0.0753515625,0.2048040684309061
0.07537109375,0.49997272885097815
0.075390625,0.7849788631619417
0.07541015625,0.7331610846370206
0.0754296875,0.5444072340627566
0.07544921875,0.48325210370296723
0.07546875,0.5119897672295175
0.07548828125,0.3272695680873924
0.0755078125,0.11438149062585198
0.07552734375,0.017895753145744084
0.075546875,-0.0010043013450392047
0.07556640625,0.12736750583840528
0.0755859375,-0.016755708183627815
0.07560546875,-0.3140945930604229
0.075625,-0.3253252963619453
0.07564453125,-0.3824470090325535
0.0756640625,-0.3903250783326249
0.07568359375,-0.11491482157223128
0.075703125,0.04348293757741865
0.07572265625,-0.16022807385468912
0.0757421875,-0.3429330983007576
0.07576171875,-0.08192133120349743
0.07578125,0.1520373284192031
0.07580078125,0.1166149794465168
0.0758203125,0.1527200644645212
0.07583984375,0.05528515292559412
0.075859375,-0.12965904251966293
0.07587890625,-0.11790436275860254
0.0758984375,-0.0543390370491604
0.07591796875,-0.02489196784736896
0.0759375,0.11012357696886362
0.07595703125,0.4220602732405133
0.0759765625,0.5223717491581732
0.07599609375,0.4761536723139086
0.076015625,0.61734041129056
0.07603515625,0.43254468182596484
0.0760546875,0.2246203758726101
0.07607421875,0.4443001514320436
0.07609375,0.33229321924372995
0.07611328125,-0.03944723765202568
0.0761328125,-0.0868729200107117
0.07615234375,0.15251653281943928
0.076171875,0.26127516420592906
0.07619140625,-0.0778772444724409
0.0762109375,-0.1887840302319158
0.07623046875,-0.02882218417072213
0.07625,-0.31399525346463647
0.07626953125,-0.3660749291177087
0.0762890625,0.09856218716205951
0.07630859375,0.417133229199056
0.076328125,0.6015185139423577
0.07634765625,0.4355478443493598
0.0763671875,0.0851413497611507
0.07638671875,0.25287013516057777
0.07640625,0.29981576666873067
0.07642578125,-0.20434156143706284
0.0764453125,-0.27551502981158094
0.07646484375,0.2368179319967036
0.076484375,0.4608212121639518
0.07650390625,0.3198503708578067
0.0765234375,0.3630841462866061
0.07654296875,0.6035126854309977
0.0765625,0.8302372865979994
0.07658203125,1.127413873631449
0.0766015625,1.218829733820584
0.07662109375,0.9906180528555155
0.076640625,0.9872126235813401
0.07666015625,1.0873012802468032
0.0766796875,0.9392669994209017
0.07669921875,0.8242153252378569
0.07671875,0.7740563460432517
0.07673828125,0.6850017642789827
0.0767578125,0.6329046013888052
0.07677734375,0.4603542104910191
0.076796875,0.165975617776812
0.07681640625,0.09083624611005303
0.0768359375,0.2903958360623891
0.07685546875,0.31867317451106114
0.076875,0.03918712506966105
0.07689453125,-0.07902416153876171
0.0769140625,-0.08558408810157517
0.07693359375,-0.2083959096967924
0.076953125,-0.20051046321143262
0.07697265625,-0.028921801676147912
0.0769921875,0.00959877683336953
0.07701171875,-0.35555129016226994
0.07703125,-0.5662858536169819
0.07705078125,-0.3561245364845484
0.0770703125,-0.3684370343302499
0.07708984375,-0.346110172372186
0.077109375,-0.1384568630817828
0.07712890625,-0.06136173250769896
0.0771484375,-0.025176627466896917
0.07716796875,-0.03679749514291304
0.0771875,0.1440840164592066
0.07720703125,0.3076112768899336
0.0772265625,0.18197273388859264
0.07724609375,0.1603045115374559
0.077265625,0.07292616484545297
0.07728515625,-0.03386083073893072
0.0773046875,0.007384074785587141
0.07732421875,-0.030282020204943638
0.07734375,0.27625709604999704
0.07736328125,0.5743952368756757
0.0773828125,0.34150849203022643
0.07740234375,0.4066719794871305
0.077421875,0.5963803239455279
0.07744140625,0.3913792076282543
0.0774609375,0.445088087751125
0.07748046875,0.5935350076715661
0.0775,0.32654921989949764
0.07751953125,0.03799673494003599
0.0775390625,-0.07087948549519332
0.07755859375,-0.0614849184143189
0.077578125,-0.0544669173654443
0.07759765625,-0.09829445097760753
0.0776171875,0.0842402255554363
0.07763671875,0.08297262803583934
0.07765625,-0.3541390545202379
0.07767578125,-0.43975570345432813
0.0776953125,-0.1508991570029008
0.07771484375,-0.05914838165316308
0.077734375,-0.06729927719168717
0.07775390625,0.010226139756296531
0.0777734375,-0.018615070870639655
0.07779296875,-0.30254207531022426
0.0778125,-0.5093215588413524
0.07783203125,-0.48781475985623324
0.0778515625,-0.6052841882009902
0.07787109375,-0.6374371597894892
0.077890625,-0.3707300930096662
0.07791015625,-0.3341775818390592
0.0779296875,-0.36984136220415703
0.07794921875,-0.13949029323026407
0.07796875,0.15782491987536418
0.07798828125,0.5025231841376483
0.0780078125,0.5346618569667341
0.07802734375,0.309492080601792
0.078046875,0.4153427536042297
0.07806640625,0.5524851535863193
0.0780859375,0.4688305973562638
0.07810546875,0.2142171664691727
0.078125,-0.21402084127519605
0.07814453125,-0.21516728058629084
0.0781640625,0.1085262131189001
0.07818359375,-0.05855754100531563
0.078203125,-0.37628922776251
0.07822265625,-0.2963098636668448
0.0782421875,-0.04113804979766901
0.07826171875,0.04001598189518095
0.07828125,0.0074763190137907345
0.07830078125,0.17829523673993247
0.0783203125,0.23189187802998662
0.07833984375,0.004825273044495093
0.078359375,-0.14921852293960503
0.07837890625,-0.24008909021717684
0.0783984375,-0.19751585187142479
0.07841796875,-0.19062718865798142
0.0784375,-0.4642014096988463
0.07845703125,-0.5285524702255879
0.0784765625,-0.1775847627281429
0.07849609375,0.23408566859254964
0.078515625,0.3875726301334089
0.07853515625,0.16078108452282974
0.0785546875,-0.05318715382331826
0.07857421875,0.08182369242265955
0.07859375,0.2066441725641749
0.07861328125,0.08616299607101795
0.0786328125,0.038942193690364904
0.07865234375,0.10386215262314656
0.078671875,-0.009113203953616575
0.07869140625,-0.042274838241779474
0.0787109375,0.271951721286799
0.07873046875,0.4909726335505761
0.07875,0.4201168551162552
0.07876953125,0.1960534009953021
0.0787890625,-0.007954498539416915
0.07880859375,0.14933506002431404
0.078828125,0.368347135193124
0.07884765625,0.33771683868322677
0.0788671875,0.2869523369872789
0.07888671875,-0.020957569354380395
0.07890625,-0.31657434812813945
0.07892578125,-0.07449722029143743
0.0789453125,-0.20686149719088065
0.07896484375,-0.794180477998688
0.078984375,-0.8011064789324679
0.07900390625,-0.6022183198111986
0.0790234375,-0.5730527909953762
0.07904296875,-0.5508900454616951
0.0790625,-0.608589083553968
0.07908203125,-0.5261722943098437
0.0791015625,-0.5213608488907469
0.07912109375,-0.584778971810441
0.079140625,-0.28812405803871394
0.07916015625,-0.17898513238713407
0.0791796875,-0.4200240907447336
0.07919921875,-0.35712594309447987
0.07921875,-0.15920868263831928
0.07923828125,-0.2676210416834849
0.0792578125,-0.38035126449220247
0.07927734375,-0.2624869150257249
0.079296875,-0.1941370539788118
0.07931640625,-0.30134208415191194
0.0793359375,-0.35059427711473634
0.07935546875,-0.13905016352409708
0.079375,0.13441668694468567
0.07939453125,0.27378165906720175
0.0794140625,0.22825172383040507
0.07943359375,-0.10116162641041937
0.079453125,-0.2967097323024759
0.07947265625,-0.20150625010820397
0.0794921875,-0.03587122740220125
0.07951171875,0.3272793139281156
0.07953125,0.22739340744991848
0.07955078125,-0.19577545540242156
0.0795703125,0.10661134965324401
0.07958984375,0.08075010429340025
0.079609375,-0.5387522581524842
0.07962890625,-0.5553427089596533
0.0796484375,-0.5605720148175645
0.07966796875,-0.8074049850369203
0.0796875,-0.7176429601458882
0.07970703125,-0.5976614929206235
0.0797265625,-0.730900490928307
0.07974609375,-0.8775271418482061
0.079765625,-0.6656962951335762
0.07978515625,-0.41184349822688837
0.0798046875,-0.5178175955701856
0.07982421875,-0.6951177944723352
0.07984375,-0.831709752276463
0.07986328125,-0.8497127450553179
0.0798828125,-0.770516468739554
0.07990234375,-0.900676401577061
0.079921875,-1.0921359004267224
0.07994140625,-1.1031310187755148
0.0799609375,-0.963523405115933
0.07998046875,-0.7201948661660147
0.08,-0.4780210918941109
0.08001953125,-0.29540934987938944
0.0800390625,-0.12023599134431608
0.08005859375,0.00157130760833123
0.080078125,0.00881070699291591
0.08009765625,0.11118874494861246
0.0801171875,0.17648820339758503
0.08013671875,-0.08480611268528362
0.08015625,-0.17990124238710348
0.08017578125,-0.14145897768484625
0.0801953125,-0.3895889465613467
0.08021484375,-0.5098721041332359
0.080234375,-0.5372831948781633
0.08025390625,-0.4976710729928559
0.0802734375,-0.32983077380888703
0.08029296875,-0.5986592051111076
0.0803125,-0.6907982106986064
0.08033203125,-0.22931752331141386
0.0803515625,-0.1973076299848145
0.08037109375,-0.5447101124080295
0.080390625,-0.8232387356686444
0.08041015625,-0.7697932769239954
0.0804296875,-0.35591032921247157
0.08044921875,-0.4623878210434774
0.08046875,-0.6476353625232996
0.08048828125,-0.16646578182353292
0.0805078125,0.043274945457189115
0.08052734375,-0.02407488135257098
0.080546875,-0.007689433131187008
0.08056640625,-0.1406167121653514
0.0805859375,-0.05558378771462681
0.08060546875,0.1290126459844307
0.080625,0.13030524451899736
0.08064453125,-0.036429506798010367
0.0806640625,-0.271862586501006
0.08068359375,-0.09979776354503159
0.080703125,0.132530797894684
0.08072265625,-0.02505341685609047
0.0807421875,-0.0951539887844561
0.08076171875,0.02291607168131976
0.08078125,0.11991749744927258
0.08080078125,-0.04895957461335598
0.0808203125,-0.5410153914914565
0.08083984375,-0.6960328759605872
0.080859375,-0.6355505741324126
0.08087890625,-0.9001492698456104
0.0808984375,-0.9658604162860984
0.08091796875,-0.6504298460883478
0.0809375,-0.41682077358158776
0.08095703125,-0.48672518151604893
0.0809765625,-0.5784394273198488
0.08099609375,-0.21843796264158455
0.081015625,-0.03318975347317672
0.08103515625,-0.4916692933561786
0.0810546875,-0.6807416938760729
0.08107421875,-0.5155165638775181
0.08109375,-0.6406125782608535
0.08111328125,-0.8885381378371388
0.0811328125,-0.9111444523607828
0.08115234375,-0.6003485570108362
0.081171875,-0.2516672443075259
0.08119140625,-0.23378113555386426
0.0812109375,-0.3034095312446568
0.08123046875,-0.20422789402650768
0.08125,-0.22415926071322984
0.08126953125,-0.5313552704048234
0.0812890625,-0.6450797127630484
0.08130859375,-0.40094219621342736
0.081328125,-0.4070323914755287
0.08134765625,-0.7370818917647199
0.0813671875,-0.7095488795572837
0.08138671875,-0.37195385848241846
0.08140625,-0.29461794361623134
0.08142578125,-0.2623032729319379
0.0814453125,-0.13392235685712572
0.08146484375,-0.15347017567342458
0.081484375,-0.14371009641681934
0.08150390625,-0.10174120822461644
0.0815234375,-0.2224279975007195
0.08154296875,-0.33795724313139913
0.0815625,-0.30553265937559576
0.08158203125,-0.3705244354850541
0.0816015625,-0.5555371387358338
0.08162109375,-0.5726885879569661
0.081640625,-0.5028545340395678
0.08166015625,-0.4421936552262006
0.0816796875,-0.2097618301620522
0.08169921875,0.16364871362737893
0.08171875,0.23523483772639475
0.08173828125,-0.03372505744891249
0.0817578125,-0.1651507306166769
0.08177734375,-0.19852768388887476
0.081796875,-0.39006053278215647
0.08181640625,-0.5157377661051971
0.0818359375,-0.2326200424065662
0.08185546875,0.0679363064720872
0.081875,-0.015589329787620086
0.08189453125,-0.05959018003219812
0.0819140625,0.06540731999111882
0.08193359375,0.25129905025439964
0.081953125,0.3350360805451048
0.08197265625,0.12908850778755335
0.0819921875,-0.06889865959853703
0.08201171875,-0.06286036928512452
0.08203125,0.15111158186291032
0.08205078125,0.14496189678448482
0.0820703125,-0.2085017188981692
0.08208984375,-0.2120379413486506
0.082109375,-0.051811402293540615
0.08212890625,-0.012812498237964952
0.0821484375,0.04789710314299922
0.08216796875,-0.1741243831925784
0.0821875,-0.26587070641925364
0.08220703125,-0.013059437086867003
0.0822265625,-0.10802715797288881
0.08224609375,-0.37575312867927113
0.082265625,-0.34589449412053375
0.08228515625,-0.12523856348606788
0.0823046875,-0.08678334047339754
0.08232421875,-0.35360546997535297
0.08234375,-0.33306035022620384
0.08236328125,0.02063074051486522
0.0823828125,0.2320126845348035
0.08240234375,0.3943172350912302
0.082421875,0.4145369618232704
0.08244140625,0.2377768393333331
0.0824609375,0.2455797386540694
0.08248046875,0.2970794090662536
0.0825,0.2632067663605362
0.08251953125,0.39885436089086235
0.0825390625,0.5950132765668283
0.08255859375,0.8098771170139207
0.082578125,0.9269491314419283
0.08259765625,0.7726960240941101
0.0826171875,0.5777464168435937
0.08263671875,0.36131338348330694
0.08265625,0.4415794269620019
0.08267578125,0.8644483125642912
0.0826953125,0.7228606724331992
0.08271484375,0.23422869179666794
0.082734375,0.21642385114364637
0.08275390625,0.28883910474548724
0.0827734375,0.0955014030253008
0.08279296875,0.10357020787216643
0.0828125,0.39688538264554757
0.08283203125,0.3150937523640296
0.0828515625,0.03369188682386187
0.08287109375,0.22095137690673322
0.082890625,0.2935119420054224
0.08291015625,-0.03134344361782933
0.0829296875,-0.08159373477790464
0.08294921875,0.024560843996378874
0.08296875,-0.020991882908827864
0.08298828125,-0.13079852125473712
0.0830078125,-0.16672721291420364
0.08302734375,-0.0640994390795493
0.083046875,-0.24497346300039374
0.08306640625,-0.3884691384635086
0.0830859375,0.04498065713327912
0.08310546875,0.2184659994058078
0.083125,-0.05216235307752954
0.08314453125,-0.21263665112987068
0.0831640625,-0.12616167731107142
0.08318359375,0.2346133977314045
0.083203125,0.09452818095063448
0.08322265625,-0.26021058850675755
0.0832421875,0.11260962955654724
0.08326171875,0.392851372592689
0.08328125,0.5320417160843933
0.08330078125,0.7557434690082852
0.0833203125,0.565140050965909
0.08333984375,0.42775001555975206
0.083359375,0.35983437633128124
0.08337890625,0.17722625649546694
0.0833984375,-0.06718495053287496
0.08341796875,-0.28153838426504857
0.0834375,0.011941333252415726
0.08345703125,0.26611745682143495
0.0834765625,0.21404959365272458
0.08349609375,0.4050833045802448
0.083515625,0.6105432807023032
0.08353515625,0.5393528988116362
0.0835546875,0.22299249322922893
0.08357421875,0.1134357307254315
0.08359375,0.39369253017635775
0.08361328125,0.41384865488266687
0.0836328125,0.1362054866691873
0.08365234375,-0.08848058159184076
0.083671875,-0.14536335483002233
0.08369140625,-0.020694534429949778
0.0837109375,-0.09082683577530334
0.08373046875,-0.36153239069643023
0.08375,-0.4935753749512395
0.08376953125,-0.38703947012767215
0.0837890625,-0.10129570601686586
0.08380859375,-0.06288093815872584
0.083828125,-0.2179994377148583
0.08384765625,-0.05570564352136537
0.0838671875,0.024850365547081803
0.08388671875,-0.18815561418962884
0.08390625,-0.12320741725222882
0.08392578125,0.007113237325297266
0.0839453125,-0.017476401127399288
0.08396484375,0.041724172319072904
0.083984375,-0.08469463690767697
0.08400390625,-0.10086332539029173
0.0840234375,0.2265092605577453
0.08404296875,0.3907166327450231
0.0840625,0.5444542566198374
0.08408203125,0.525712654386739
0.0841015625,0.1765328575676326
0.08412109375,0.09189363294491572
0.084140625,0.028569637096664664
0.08416015625,-0.23982258056897765
0.0841796875,-0.41845185844688154
0.08419921875,-0.4154998893011467
0.08421875,-0.10382817782296645
0.08423828125,0.07396975851328434
0.0842578125,-0.13862191085615166
0.08427734375,-0.12074481895532693
0.084296875,0.21564331469326478
0.08431640625,0.4290483908139215
0.0843359375,0.5145943368980888
0.08435546875,0.659408990383341
0.084375,0.793992312119958
0.08439453125,0.846749569441832
0.0844140625,0.7541786379357102
0.08443359375,0.44163636923888044
0.084453125,0.22223655925568794
0.08447265625,0.32240092763452455
0.0844921875,0.38687936491376107
0.08451171875,0.31223773554742706
0.08453125,0.5474625095018408
0.08455078125,0.8427345910766423
0.0845703125,0.6881099120480988
0.08458984375,0.6860650128194515
0.084609375,0.9750371156191218
0.08462890625,0.9729225825749555
0.0846484375,0.9183787751135841
0.08466796875,0.7821904548287806
0.0846875,0.4227071063638116
0.08470703125,0.2575989710624791
0.0847265625,0.29501185125293095
0.08474609375,0.5158970601864361
0.084765625,0.5172149589596576
0.08478515625,0.19114140404718338
0.0848046875,0.48939098588510066
0.08482421875,0.8607450410090374
0.08484375,0.5534487762912317
0.08486328125,0.4791254490490786
0.0848828125,0.5297174553616804
0.08490234375,0.19396538077585113
0.084921875,0.03640714741079132
0.08494140625,0.10905216106086214
0.0849609375,0.028320319640188364
0.08498046875,-0.22906926986873322
0.085,-0.35062851061776734
0.08501953125,-0.17074218573113226
0.0850390625,-0.11106915563917605
0.08505859375,-0.09255676129462072
0.085078125,0.127995122999633
0.08509765625,0.10900802833981581
0.0851171875,-0.03196134494702705
0.08513671875,0.06125381269615039
0.08515625,0.14917347521659308
0.08517578125,0.049868116617634496
0.0851953125,-0.19802321355230923
0.08521484375,-0.3521522222793521
0.085234375,-0.24317878835324475
0.08525390625,-0.1210790032693703
0.0852734375,-0.038598786396358456
0.08529296875,0.07741585988320346
0.0853125,0.028850324966517703
0.08533203125,-0.011433359441690327
0.0853515625,0.24422369663845037
0.08537109375,0.5049892965244134
0.085390625,0.4296317837274697
0.08541015625,0.18423230455569106
0.0854296875,0.0035001539742331705
0.08544921875,0.07615283194649927
0.08546875,0.5633219448965417
0.08548828125,0.7111214052299536
0.0855078125,0.25052555630278295
0.08552734375,0.2792902885330004
0.085546875,0.5647763333869162
0.08556640625,0.3362998316300667
0.0855859375,0.10757739029390324
0.08560546875,-0.13687391138801283
0.085625,-0.36041829525517655
0.08564453125,-0.09913172287047672
0.0856640625,-0.08830024758799357
0.08568359375,-0.37656202521174487
0.085703125,-0.1292261366746818
0.08572265625,0.16534387728191935
0.0857421875,0.024124569112803536
0.08576171875,-0.10739111959893508
0.08578125,0.09576616628024455
0.08580078125,0.3203413211644056
0.0858203125,0.2216554644444566
0.08583984375,0.2157141269133988
0.085859375,0.2237616065006067
0.08587890625,-0.1259413605643841
0.0858984375,-0.22752699938033963
0.08591796875,-0.08884867901619395
0.0859375,-0.2623693924676433
0.08595703125,-0.3689919234067599
0.0859765625,-0.22166872063477885
0.08599609375,-0.171464469925544
0.086015625,-0.06699219623417585
0.08603515625,0.18895581781529536
0.0860546875,0.19131845148599522
0.08607421875,0.04020943896961376
0.08609375,0.1260049942713868
0.08611328125,0.16316680219091428
0.0861328125,0.1095774125416887
0.08615234375,0.2103515838688719
0.086171875,0.1870586802329955
0.08619140625,0.011778132872194182
0.0862109375,-0.17510797812552867
0.08623046875,-0.10478037269365581
0.08625,0.2672798329770372
0.08626953125,0.17630154769212267
0.0862890625,-0.23357157614511292
0.08630859375,-0.33942506098976033
0.086328125,-0.23969532481709097
0.08634765625,0.030240850841451894
0.0863671875,0.039177588370570574
0.08638671875,-0.3545197768255747
0.08640625,-0.4461705280072792
0.08642578125,-0.28140332997167616
0.0864453125,-0.08035283597578223
0.08646484375,0.34408093572206944
0.086484375,0.5380943835923048
0.08650390625,0.37097797085879247
0.0865234375,0.46754385390331693
0.08654296875,0.7668152166586868
0.0865625,0.8071801495244024
0.08658203125,0.6013405030548724
0.0866015625,0.5142013071119572
0.08662109375,0.618886838759368
0.086640625,0.3826089930983292
0.08666015625,0.09386694462255145
0.0866796875,0.3082496605319628
0.08669921875,0.35691128582077625
0.08671875,0.18546702074984897
0.08673828125,0.29969319512519454
0.0867578125,0.35141544841545586
0.08677734375,0.04716273132186698
0.086796875,-0.34450446116478406
0.08681640625,-0.28987749029938376
0.0868359375,0.11128863576475329
0.08685546875,0.12085689854038277
0.086875,-0.09786963455435556
0.08689453125,-0.139211578238427
0.0869140625,-0.35311746339080824
0.08693359375,-0.3640921243524237
0.086953125,0.07659686402707602
0.08697265625,0.08596521477873656
0.0869921875,-0.2775678335907454
0.08701171875,-0.3818058267261483
0.08703125,-0.30649786507402604
0.08705078125,-0.37992469691448894
0.0870703125,-0.5333417964393223
0.08708984375,-0.3728590757298887
0.087109375,-0.20710361382149636
0.08712890625,-0.15160152515237751
0.0871484375,0.08083808978686631
0.08716796875,0.1660539150354637
0.0871875,0.3187590758859783
0.08720703125,0.5050657102186551
0.0872265625,0.17234398684428123
0.08724609375,-0.06488200098449928
0.087265625,0.09052221913197464
0.08728515625,0.11315873138077175
0.0873046875,0.07479049062146786
0.08732421875,0.09267972738666558
0.08734375,-0.06786384715141028
0.08736328125,-0.3127026808233131
0.0873828125,-0.3461510906493775
0.08740234375,-0.20570918377097108
0.087421875,-0.21609951648907536
0.08744140625,-0.4115762340117016
0.0874609375,-0.4830281123908067
0.08748046875,-0.4113680855337991
0.0875,-0.20708094499413326
0.08751953125,0.0022306585468843954
0.0875390625,-0.10084989905790946
0.08755859375,-0.2791173104402186
0.087578125,-0.3476829892270328
0.08759765625,-0.3812059766610824
0.0876171875,-0.2670028648125799
0.08763671875,-0.16003256082492553
0.08765625,-0.22706630236968114
0.08767578125,-0.4033183132414958
0.0876953125,-0.6725857775763655
0.08771484375,-0.769633631788091
0.087734375,-0.588998748465434
0.08775390625,-0.48313261016085235
0.0877734375,-0.5256391350311632
0.08779296875,-0.5233828940366417
0.0878125,-0.29956304106973963
0.08783203125,-0.17400787922213426
0.0878515625,-0.5854701319583961
0.08787109375,-0.8989057264596338
0.087890625,-0.64435283022766
0.08791015625,-0.22616931923707784
0.0879296875,-0.1499312381738739
0.08794921875,-0.6206084161991461
0.08796875,-0.8193669542409616
0.08798828125,-0.47887909323919786
0.0880078125,-0.22247090415341636
0.08802734375,0.11420788329101059
0.088046875,0.323421163116594
0.08806640625,0.15635616780180026
0.0880859375,-0.04345836548183281
0.08810546875,-0.18561043868784805
0.088125,0.10189434561947103
0.08814453125,0.4719467729407116
0.0881640625,0.2080778714400867
0.08818359375,-0.28776871558138917
0.088203125,-0.6566450617387943
0.08822265625,-0.8280493239962119
0.0882421875,-0.8133523478668239
0.08826171875,-0.6296790425661613
0.08828125,-0.2996393928371254
0.08830078125,-0.19951316549209364
0.0883203125,-0.2888196545351449
0.08833984375,-0.33183940259004685
0.088359375,-0.28077910822839863
0.08837890625,-0.1591730745933141
0.0883984375,-0.24264218891125724
0.08841796875,-0.40955851784605707
0.0884375,-0.40694971637926924
0.08845703125,-0.4105465278360904
0.0884765625,-0.29959051548815585
0.08849609375,0.007429655590634148
0.088515625,0.12744467604871065
0.08853515625,0.21826706795169293
0.0885546875,0.33848873858089346
0.08857421875,0.22759378625630516
0.08859375,0.14666091155264233
0.08861328125,0.09119592936954245
0.0886328125,0.22883494578666452
0.08865234375,0.4015263049693324
0.088671875,0.05603018446063683
0.08869140625,-0.09040136289469472
0.0887109375,0.038546209484190824
0.08873046875,-0.016936440873341004
0.08875,-0.09855045101814858
0.08876953125,-0.45878970281132136
0.0887890625,-0.6354208500072899
0.08880859375,-0.510909697082314
0.088828125,-0.509636067078048
0.08884765625,-0.3387581009520937
0.0888671875,-0.44352176278122607
0.08888671875,-0.6104604549181534
0.08890625,-0.3789240921993679
0.08892578125,-0.45836947241357695
0.0889453125,-0.5915976907194247
0.08896484375,-0.6208872771268513
0.088984375,-0.8562416554912278
0.08900390625,-0.8180175964402235
0.0890234375,-0.667274846808551
0.08904296875,-0.7382161810385771
0.0890625,-0.49751268802656295
0.08908203125,0.01343253598579499
0.0891015625,0.14049794692640374
0.08912109375,-0.18178204364936806
0.089140625,-0.555163830502494
0.08916015625,-0.5031183119337026
0.0891796875,-0.4354030432943686
0.08919921875,-0.7254464551771558
0.08921875,-0.48010591640669154
0.08923828125,-0.08111795696467305
0.0892578125,-0.18156714414685815
0.08927734375,-0.03316276029750751
0.089296875,0.21597227299461874
0.08931640625,0.28095593435218535
0.0893359375,0.12911769824946562
0.08935546875,-0.26915150220036665
0.089375,-0.3026445603193757
0.08939453125,-0.17709003992926034
0.0894140625,-0.12738546639552586
0.08943359375,-0.12211639841752497
0.089453125,-0.4113115647140489
0.08947265625,-0.43341482129991854
0.0894921875,-0.2828033049513107
0.08951171875,-0.3811588048853343
0.08953125,-0.30594324341558965
0.08955078125,-0.2593704675010528
0.0895703125,-0.271147822552254
0.08958984375,-0.2162092594679963
0.089609375,-0.2512684360921523
0.08962890625,0.06736060815215877
0.0896484375,0.3171788846254283
0.08966796875,0.058965302248435936
0.0896875,-0.003002746092335088
0.08970703125,0.08166708931847493
0.0897265625,-0.03770406476727162
0.08974609375,-0.10483573708404641
0.089765625,0.043964277656095105
0.08978515625,0.09473401223691783
0.0898046875,-0.16311303688079282
0.08982421875,-0.27138476086079943
0.08984375,-0.1573561116097705
0.08986328125,-0.16653194412613626
0.0898828125,-0.16171116316133227
0.08990234375,-0.03334347779168014
0.089921875,0.15415288116545658
0.08994140625,0.30375416759402035
0.0899609375,0.36004669714358317
0.08998046875,0.40747899228925855
0.09,0.2937805767534955
0.09001953125,0.06558357552953052
0.0900390625,0.058740186875293095
0.09005859375,0.22996722992664265
0.090078125,0.2656177516966774
0.09009765625,0.03335758797760294
0.0901171875,-0.05354649624253975
0.09013671875,0.07425872555072056
0.09015625,-0.19817036691066706
0.09017578125,-0.48592080083245426
0.0901953125,-0.31244888187404185
0.09021484375,-0.3484342651542677
0.090234375,-0.5385798039618748
0.09025390625,-0.3870810216619592
0.0902734375,-0.07476420737290758
0.09029296875,0.1569796662326029
0.0903125,0.06398953559948792
0.09033203125,0.021584379559591763
0.0903515625,0.33812469634127473
0.09037109375,0.42358099381312725
0.090390625,0.43384640758343995
0.09041015625,0.551846356337605
0.0904296875,0.39717224650854055
0.09044921875,0.30822053553141865
0.09046875,0.4429767193483774
0.09048828125,0.527539166521467
0.0905078125,0.47074399018102664
0.09052734375,0.45182595672196096
0.090546875,0.6765668275509068
0.09056640625,0.6426596553285737
0.0905859375,0.1786621094795629
0.09060546875,0.018999618381842442
0.090625,0.34253200623484503
0.09064453125,0.6310451380703458
0.0906640625,0.5995331499572871
0.09068359375,0.5278051995329174
0.090703125,0.6128046016924524
0.09072265625,0.5553139138791452
0.0907421875,0.5669243876554888
0.09076171875,0.7836754942058172
0.09078125,0.5669843648296599
0.09080078125,0.06621794521228296
0.0908203125,-0.15177844544629288
0.09083984375,-0.13947842783782555
0.090859375,-0.05156271746681712
0.09087890625,0.024505649993856064
0.0908984375,0.2320469842929226
0.09091796875,0.4569876283143356
0.0909375,0.34159636158447443
0.09095703125,0.28821223465098544
0.0909765625,0.4652107544740155
0.09099609375,0.34658353106287654
0.091015625,-0.005005016341181251
0.09103515625,-0.16048605114248077
0.0910546875,-0.2081053329945481
0.09107421875,-0.4636174714111882
0.09109375,-0.7702113939018087
0.09111328125,-0.7193261226102081
0.0911328125,-0.4072469451715518
0.09115234375,-0.3263138738957292
0.091171875,-0.37970866203811177
0.09119140625,-0.23630605414049197
0.0912109375,-0.144051654036413
0.09123046875,-0.06757700096686112
0.09125,0.224716114749759
0.09126953125,0.5345725712320439
0.0912890625,0.6134813757879007
0.09130859375,0.4521243867171414
0.091328125,0.4039427546937778
0.09134765625,0.5280910140275519
0.0913671875,0.43779199548782366
0.09138671875,0.22799960993830487
0.09140625,0.2540563384402782
0.09142578125,0.44079364372818497
0.0914453125,0.6612208704435256
0.09146484375,0.8140633578461934
0.091484375,0.7113544568025805
0.09150390625,0.4783424421982647
0.0915234375,0.24423202015117512
0.09154296875,0.09146875077740298
0.0915625,-0.03923795050628873
0.09158203125,-0.261929795698586
0.0916015625,-0.16063915258615252
0.09162109375,-0.010148439175879195
0.091640625,-0.2470172720811447
0.09166015625,-0.27296485804478454
0.0916796875,-0.10641524067005229
0.09169921875,-0.03617460667676728
0.09171875,0.17828269433177896
0.09173828125,0.3500463285545009
0.0917578125,0.2574369246292556
0.09177734375,0.11476464045797372
0.091796875,0.08644492660323462
0.09181640625,0.21828957971400056
0.0918359375,0.3613728522202036
0.09185546875,0.10259235428342284
0.091875,-0.2061556085956625
0.09189453125,-0.1427512621010981
0.0919140625,-0.16494676335678812
0.09193359375,-0.03864837145677631
0.091953125,0.36444415225511323
0.09197265625,0.4194732821678973
0.0919921875,0.31745809623269294
0.09201171875,0.27574503416338403
0.09203125,0.15057232396008627
0.09205078125,0.22087403855172832
0.0920703125,0.46789532837562353
0.09208984375,0.5748067673686721
0.092109375,0.5780658058961738
0.09212890625,0.530116283395522
0.0921484375,0.4893393112026866
0.09216796875,0.44141733934879307
0.0921875,0.35331928751295416
0.09220703125,0.41717058838651755
0.0922265625,0.4112114605702517
0.09224609375,0.18802242910118006
0.092265625,0.08712383918974322
0.09228515625,0.10529542326627249
0.0923046875,0.15995697529372688
0.09232421875,0.32484461461264535
0.09234375,0.4693581398668534
0.09236328125,0.4920169742140139
0.0923828125,0.4803862687660649
0.09240234375,0.42585791858909744
0.092421875,0.28287031527865447
0.09244140625,0.21029292376197384
0.0924609375,0.24356957480776326
0.09248046875,0.2283826020192875
0.0925,0.33148339635050084
0.09251953125,0.7119404595964512
0.0925390625,0.8512810921909096
0.09255859375,0.54779233151087
0.092578125,0.4227069209592856
0.09259765625,0.588696233852077
0.0926171875,0.8400033385963649
0.09263671875,1.1129418806530198
0.09265625,1.1010717674967312
0.09267578125,0.9526224933247456
0.0926953125,0.846315053378063
0.09271484375,0.6762861527832145
0.092734375,0.741902618472771
0.09275390625,0.8933739915464527
0.0927734375,0.7724497375281419
0.09279296875,0.6126483344145671
0.0928125,0.5685934066857237
0.09283203125,0.45015293363503567
0.0928515625,0.17593429708008723
0.09287109375,0.14561941099947195
0.092890625,0.30555802670341836
0.09291015625,0.08560362309326708
0.0929296875,-0.20472157676226413
0.09294921875,-0.056889161617970044
0.09296875,0.20787860936417607
0.09298828125,0.25873487130328143
0.0930078125,0.18248823664751865
0.09302734375,0.07281524226254868
0.093046875,0.026433949917799973
0.09306640625,0.09350812222290387
0.0930859375,0.240479735961074
0.09310546875,0.31406682512811157
0.093125,0.2983418582120876
0.09314453125,0.6101706306703796
0.0931640625,0.8938660333500973
0.09318359375,0.5980701869394642
0.093203125,0.40561504554802236
0.09322265625,0.3669505673551092
0.0932421875,0.09480877047587562
0.09326171875,0.146386480173515
0.09328125,0.3200730854575301
0.09330078125,0.1864773533804033
0.0933203125,0.16458338831638006
0.09333984375,0.2528185773142814
0.093359375,0.1895456260503769
0.09337890625,0.011903017228719278
0.0933984375,-0.08308921967600372
0.09341796875,-0.04434594546436374
0.0934375,0.05508244153047637
0.09345703125,0.2571815986945935
0.0934765625,0.36056133159216247
0.09349609375,0.4209291622678675
0.093515625,0.5926605324244331
0.09353515625,0.5962632412439599
0.0935546875,0.5238723424239886
0.09357421875,0.47402711186881863
0.09359375,0.3253625216837181
0.09361328125,0.25894888787615156
0.0936328125,0.16719519740430155
0.09365234375,-0.07918360785056941
0.093671875,-0.050667252781149266
0.09369140625,0.3100486882030805
0.0937109375,0.535072723782001
0.09373046875,0.4816098570538511
0.09375,0.18408395697974383
0.09376953125,-0.223056847020396
0.0937890625,-0.29153869830774926
0.09380859375,-0.0795738134945783
0.093828125,-0.005626748563242326
0.09384765625,-0.05985283364314743
0.0938671875,-0.28921140605333095
0.09388671875,-0.5307608458110624
0.09390625,-0.45908171507038914
0.09392578125,-0.24654269021388062
0.0939453125,0.03641784578439346
0.09396484375,0.1984177007210294
0.093984375,-0.11487123861483178
0.09400390625,-0.3655030550805438
0.0940234375,-0.09288315119473772
0.09404296875,0.15335216766482995
0.0940625,0.1271447610251661
0.09408203125,0.15900601573412432
0.0941015625,0.26662271200837234
0.09412109375,0.09623798057029319
0.094140625,-0.23527728110468893
0.09416015625,-0.04315653868407804
0.0941796875,0.43435026923954007
0.09419921875,0.4202639786282085
0.09421875,0.13813368323608427
0.09423828125,0.10652149267067144
0.0942578125,0.21580911534963745
0.09427734375,0.17454837298287035
0.094296875,0.035691077398567694
0.09431640625,-0.17476989541270668
0.0943359375,-0.40513152061185015
0.09435546875,-0.21982609148961682
0.094375,0.1285848119981711
0.09439453125,-0.09721180500214346
0.0944140625,-0.3804153399812107
0.09443359375,-0.07235031267746068
0.094453125,0.20309776366701524
0.09447265625,0.1660979542705885
0.0944921875,0.1635417809126664
0.09451171875,0.11923156859189765
0.09453125,0.08948122908011547
0.09455078125,0.3319103531563239
0.0945703125,0.5669012084823144
0.09458984375,0.4974917291395643
0.094609375,0.43947044616914654
0.09462890625,0.5048801400161127
0.0946484375,0.6008193848735389
0.09466796875,0.7272899975791789
0.0946875,0.483874154417829
0.09470703125,0.07285061691853077
0.0947265625,-0.0011814955647954373
0.09474609375,-0.15448311479665597
0.094765625,-0.4393109897213481
0.09478515625,-0.4777704975895515
0.0948046875,-0.31926119449936186
0.09482421875,-0.15691515409396245
0.09484375,-0.14212809189731596
0.09486328125,0.06281230368033913
0.0948828125,0.382690985270535
0.09490234375,0.28252567838333603
0.094921875,0.1291123487759356
0.09494140625,0.010188920221042515
0.0949609375,-0.21458241217649318
0.09498046875,-0.22430275292520918
0.095,-0.2426219120407695
0.09501953125,-0.32674279924397676
0.0950390625,-0.3602058525344286
0.09505859375,-0.312732630778137
0.095078125,-0.08068839836671543
0.09509765625,-0.14163665135006817
0.0951171875,-0.14938504754323761
0.09513671875,0.21801911658019332
0.09515625,-0.04647059419032984
0.09517578125,-0.548870057852165
0.0951953125,-0.2510250243951574
0.09521484375,0.27840107198739517
0.095234375,0.3121992386583267
0.09525390625,0.0533509994452053
0.0952734375,-0.01395667267575676
0.09529296875,0.07935327386607746
0.0953125,-0.1240579988309018
0.09533203125,-0.3848719136165496
0.0953515625,-0.13470782685631538
0.09537109375,-0.07787879390063464
0.095390625,-0.4736204463686705
0.09541015625,-0.40506510143608343
0.0954296875,-0.07079316677645021
0.09544921875,0.030284240900622605
0.09546875,-0.05647825639852992
0.09548828125,-0.15457085020868822
0.0955078125,-0.037248488294527635
0.09552734375,0.028399327209012927
0.095546875,0.06263992277537644
0.09556640625,0.024146089470393595
0.0955859375,-0.3833148652866252
0.09560546875,-0.6973376868477752
0.095625,-0.783061724500776
0.09564453125,-0.7842419102055032
0.0956640625,-0.6768910648326258
0.09568359375,-0.7148379755052315
0.095703125,-0.757697849575757
0.09572265625,-0.6395498967913956
0.0957421875,-0.5283255949217738
0.09576171875,-0.44628817918238045
0.09578125,-0.4053571458722735
0.09580078125,-0.3139114613361716
0.0958203125,-0.13753451746734
0.09583984375,-0.103122583113063
0.095859375,-0.10037627029874696
0.09587890625,-0.10174434440208775
0.0958984375,-0.30037144593968906
0.09591796875,-0.32433061819601494
0.0959375,-0.15184305261085201
0.09595703125,-0.0996782206742842
0.0959765625,-0.09795820665605005
0.09599609375,-0.25021381808499366
0.096015625,-0.3262097364446289
0.09603515625,-0.0891961175124343
0.0960546875,0.04880026168599331
0.09607421875,0.0507648829539641
0.09609375,-0.0312781154117972
0.09611328125,-0.31839427648414753
0.0961328125,-0.4796545639106673
0.09615234375,-0.3965252557795965
0.096171875,-0.31294570735843835
0.09619140625,-0.47200381117022283
0.0962109375,-0.8346332434000965
0.09623046875,-0.7200916857496739
0.09625,-0.2848397974588497
0.09626953125,-0.3634454725756022
0.0962890625,-0.4451215719110073
0.09630859375,-0.16467845965809763
0.096328125,-0.02480888272532788
0.09634765625,0.052666978454999056
0.0963671875,-0.018491189879675005
0.09638671875,-0.19398826689985393
0.09640625,-0.06586735508820327
0.09642578125,-0.0822345298866976
0.0964453125,-0.24171985233419813
0.09646484375,-0.06044581126742214
0.096484375,0.10935280447694215
0.09650390625,0.0050931335286724805
0.0965234375,-0.26649464878713036
0.09654296875,-0.28499372636148684
0.0965625,0.057679373204256215
0.09658203125,0.026694109240738853
0.0966015625,-0.20147463413321556
0.09662109375,-0.2034120096049336
0.096640625,-0.41734848415166825
0.09666015625,-0.5907756231429192
0.0966796875,-0.4466223616801881
0.09669921875,-0.1611072564017129
0.09671875,0.1576246161989208
0.09673828125,0.02302887542327315
0.0967578125,-0.1607276956343297
0.09677734375,0.016708503196801727
0.096796875,-0.1367275988196721
0.09681640625,-0.27352863980577324
0.0968359375,-0.24883841556935976
0.09685546875,-0.6176811464771979
0.096875,-0.7347076643053266
0.09689453125,-0.46370947219592645
0.0969140625,-0.3833486131997975
0.09693359375,-0.4637306919569989
0.096953125,-0.5489424308927265
0.09697265625,-0.483186503291774
0.0969921875,-0.5975990985722137
0.09701171875,-0.9420090741590738
0.09703125,-0.7397376268359612
0.09705078125,-0.43785841828419414
0.0970703125,-0.6712117252983426
0.09708984375,-0.670731056616335
0.097109375,-0.47548244298942743
0.09712890625,-0.7089306924161669
0.0971484375,-0.9089297945896928
0.09716796875,-0.8131531615735029
0.0971875,-0.7194507694261753
0.09720703125,-0.5712061448791359
0.0972265625,-0.41098178069293834
0.09724609375,-0.3681595920100348
0.097265625,-0.3673835330899321
0.09728515625,-0.31049426186441975
0.0973046875,-0.055369749585837146
0.09732421875,-0.052596502227095596
0.09734375,-0.37274999473545434
0.09736328125,-0.2797249522721376
0.0973828125,-0.05887880996901821
0.09740234375,-0.009054257114156456
0.097421875,0.004378485087008173
0.09744140625,-0.17327738873177656
0.0974609375,-0.25839245276007483
0.09748046875,-0.27920277458727716
0.0975,-0.33159279669297703
0.09751953125,-0.30101518513279774
0.0975390625,-0.3292200454187204
0.09755859375,-0.26404919288161033
0.097578125,-0.27831962387468356
0.09759765625,-0.29820513659338277
0.0976171875,-0.10695056750813065
0.09763671875,-0.17321377812898553
0.09765625,-0.3573482317662203
0.09767578125,-0.4372395940290019
0.0976953125,-0.34544907878817727
0.09771484375,-0.11630901143851372
0.097734375,-0.05566641653293757
0.09775390625,0.17481975393115434
0.0977734375,0.3437860582570905
0.09779296875,0.17502278314748068
0.0978125,0.309418277740823
0.09783203125,0.6153205547085606
0.0978515625,0.50998221664737
0.09787109375,0.08822210137544234
0.097890625,-0.15173960297122857
0.09791015625,-0.09742484916919292
0.0979296875,0.04426434818482945
0.09794921875,0.24674266692680735
0.09796875,0.3796361790799245
0.09798828125,0.2155843647544235
0.0980078125,-0.07773508779091558
0.09802734375,-0.14985966847921836
0.098046875,-0.209213348202553
0.09806640625,-0.4582521154822766
0.0980859375,-0.5790678705858963
0.09810546875,-0.3844113583246323
0.098125,-0.07979624073993374
0.09814453125,0.02697924509384683
0.0981640625,0.031441137752082356
0.09818359375,0.1157770630419665
0.098203125,0.13625233123493366
0.09822265625,0.13664745150362645
0.0982421875,0.21078068195081823
0.09826171875,0.16191945331407728
0.09828125,0.10321569512388017
0.09830078125,0.2231423373990053
0.0983203125,0.2009404634295634
0.09833984375,0.04353765783737345
0.098359375,0.06081810619101392
0.09837890625,0.13997569606535343
0.0983984375,0.07744008161291852
0.09841796875,-0.10034793609415651
0.0984375,-0.12344037314891626
0.09845703125,0.04533728738533396
0.0984765625,0.18280337582911585
0.09849609375,0.30533458032038036
0.098515625,0.4744031323548722
0.09853515625,0.6357330371152965
0.0985546875,0.633626529266639
0.09857421875,0.6231446979458867
0.09859375,0.8164655604619637
0.09861328125,0.7778434011491396
0.0986328125,0.5860229592990511
0.09865234375,0.6344816570342124
0.098671875,0.4801244419473302
0.09869140625,0.2681547754308974
0.0987109375,0.3748353557426497
0.09873046875,0.2098001097447698
0.09875,-0.3156520024677808
0.09876953125,-0.5285423642534117
0.0987890625,-0.14170794738170278
0.09880859375,0.17073427386069856
0.098828125,-0.17005258805721835
0.09884765625,-0.4473857671659338
0.0988671875,-0.28163920645361623
0.09888671875,-0.11899954508573758
0.09890625,-0.10941798721874754
0.09892578125,-0.23901496522744298
0.0989453125,-0.17652482830242172
0.09896484375,0.12980133670316205
0.098984375,0.24533355234988113
0.09900390625,0.19742521269495172
0.0990234375,0.03371199948516776
0.09904296875,-0.04811809686228083
0.0990625,0.05671186619821776
0.09908203125,-0.096070649776416
0.0991015625,-0.21761451447792607
0.09912109375,-0.18414775123803118
0.099140625,-0.1649553178701247
0.09916015625,0.1674062745403465
0.0991796875,0.22023566228846952
0.09919921875,0.013784327705221672
0.09921875,0.30451234964101664
0.09923828125,0.5487903777070413
0.0992578125,0.6196047979945472
0.09927734375,0.7299487469543877
0.099296875,0.5775863610343844
0.09931640625,0.5043240797381434
0.0993359375,0.6715209228639142
0.09935546875,0.7360388475078636
0.099375,0.4901650282052272
0.09939453125,-0.03702303517516638
0.0994140625,-0.12613297611093127
0.09943359375,0.12909855292302047
0.099453125,-0.16640670686136433
0.09947265625,-0.2877499057322608
0.0994921875,0.11729755962944298
0.09951171875,-0.03712502956684881
0.09953125,-0.37336511655298293
0.09955078125,-0.02690179639971428
0.0995703125,0.39339215992515464
0.09958984375,0.26515822858544386
0.099609375,-0.0034694772802407944
0.09962890625,0.08918233139748424
0.0996484375,0.18873115459111398
0.09966796875,0.059347837375763504
0.0996875,0.09171365092754935
0.09970703125,0.14603563746677134
0.0997265625,0.049003547824280645
0.09974609375,-0.08233646665761758
0.099765625,-0.23003713345028867
0.09978515625,-0.10663578543675034
0.0998046875,0.03763311869467563
0.09982421875,-0.13065601251186254
0.09984375,-0.22755401025524044
0.09986328125,-0.19151951941914355
0.0998828125,-0.11827993175372215
0.09990234375,-0.06788934582522044
0.099921875,-0.1501354058082377
0.09994140625,-0.2411690115396296
0.0999609375,-0.1739508338225104
0.09998046875,0.2320337738898292
0.1,0.6493181249993794
0.10001953125,0.5345049827611652
0.1000390625,0.1519375259224265
0.10005859375,0.1404598886515468
0.100078125,0.4048124672697431
0.10009765625,0.3413897643926278
0.1001171875,0.31484034267909156
0.10013671875,0.6877107794173212
0.10015625,0.7044823867239252
0.10017578125,0.42290013496609696
0.1001953125,0.4097524024847066
0.10021484375,0.2278680982617666
0.100234375,-0.17969406586100586
0.10025390625,-0.17767257428058844
0.1002734375,0.03295130416774788
0.10029296875,0.025800595573703348
0.1003125,0.10823120459520973
0.10033203125,0.3195445760391235
0.1003515625,0.36540879969468737
0.10037109375,0.299393854346818
0.100390625,0.09391344262915183
0.10041015625,-0.2176820321890095
0.1004296875,-0.20860948406413496
0.10044921875,0.09167081351960357
0.10046875,0.3573496089973328
0.10048828125,0.781218983413577
0.1005078125,1.1402059127475819
0.10052734375,1.081042535850286
0.100546875,1.0756753443962088
0.10056640625,0.9981161345340102
0.1005859375,0.5859267908528665
0.10060546875,0.45925475790268583
0.100625,0.7426472981400651
0.10064453125,0.9555423394332734
0.1006640625,0.7082279070957593
0.10068359375,0.48569921381556386
0.100703125,0.8579166701107674
0.10072265625,0.9703809899797853
0.1007421875,0.5375049711521248
0.10076171875,0.2314252716267165
0.10078125,0.14528156148044546
0.10080078125,0.2135116883599333
0.1008203125,0.19956823169772414
0.10083984375,0.06141089869175606
0.100859375,0.006027031230478284
0.10087890625,-0.016262338721784862
0.1008984375,0.08647762807673674
0.10091796875,0.003980683393993878
0.1009375,-0.30287718952024734
0.10095703125,-0.17980386593601552
0.1009765625,0.13751454463641022
0.10099609375,0.3913434574272795
0.101015625,0.5193883888531979
0.10103515625,0.24644157351520457
0.1010546875,0.12915422830890594
0.10107421875,0.28303555902156685
0.10109375,0.26967584724408605
0.10111328125,0.16212436300970273
0.1011328125,0.07565331804298163
0.10115234375,0.14591256145372988
0.101171875,0.14696159133621484
0.10119140625,0.03563639067531052
0.1012109375,0.35508054604885575
0.10123046875,0.6792522396249293
0.10125,0.32471254094280577
0.10126953125,-0.04759836607659264
0.1012890625,0.00458942800960422
0.10130859375,-0.0755196119036638
0.101328125,-0.29066179808654996
0.10134765625,-0.27388314166544503
0.1013671875,0.02357695986124711
0.10138671875,0.35748653080310916
0.10140625,0.23760562673425079
0.10142578125,-0.00802133312066984
0.1014453125,0.1837956377574424
0.10146484375,0.3249754585375004
0.101484375,0.23990030921700184
0.10150390625,0.24051071639851646
0.1015234375,0.11763395809880985
0.10154296875,0.14033159860328054
0.1015625,0.4917593394434279
0.10158203125,0.5409613273822399
0.1016015625,0.4204524800665907
0.10162109375,0.4802426617338012
0.101640625,0.5083017585543008
0.10166015625,0.39968556932780713
0.1016796875,0.09496354089842955
0.10169921875,-0.15021955726207106
0.10171875,-0.1643231976591328
0.10173828125,-0.25526634413644195
0.1017578125,-0.45323316142343784
0.10177734375,-0.53569189577454
0.101796875,-0.3944832473038463
0.10181640625,-0.24954032595490838
0.1018359375,-0.3887845670082752
0.10185546875,-0.6416686825167743
0.101875,-0.6605723480472738
0.10189453125,-0.2805802028960536
0.1019140625,0.1184261136265022
0.10193359375,0.05372116354762306
0.101953125,-0.054773742864621326
0.10197265625,0.2315759936530032
0.1019921875,0.4517640085930067
0.10201171875,0.34852502777837313
0.10203125,0.3147511733940789
0.10205078125,0.38928866743909474
0.1020703125,0.1924675376680369
0.10208984375,-0.13026486554071914
0.102109375,-0.16002068572158423
0.10212890625,-0.12994269777721787
0.1021484375,-0.22933983700985672
0.10216796875,-0.19324845993128387
0.1021875,-0.07932063110282767
0.10220703125,-0.06344287937031354
0.1022265625,-0.019130143793972515
0.10224609375,0.22763178738964923
0.102265625,0.38019796379631415
0.10228515625,0.1311185896639529
0.1023046875,-0.14279982953236417
0.10232421875,-0.23172214517521983
0.10234375,-0.16163697768296673
0.10236328125,0.03917492975055258
0.1023828125,-0.019502725127179897
0.10240234375,-0.20354046123600578
0.102421875,-0.1841675132910257
0.10244140625,-0.13409690581810546
0.1024609375,-0.017389586226842238
0.10248046875,-0.02855864051517011
0.1025,-0.1805042490740159
0.10251953125,0.11777134953994471
0.1025390625,0.36717630166406817
0.10255859375,0.03264777640676936
0.102578125,0.04375283963838189
0.10259765625,0.6003050696420675
0.1026171875,0.8238959872956357
0.10263671875,0.49131503454246794
0.10265625,0.2177810813754735
0.10267578125,0.5224192137777697
0.1026953125,0.7526221464818317
0.10271484375,0.45317442523222773
0.102734375,0.28782333742153743
0.10275390625,0.3109456105742627
0.1027734375,0.2604817112255032
0.10279296875,0.31552006776535574
0.1028125,0.35336593957906537
0.10283203125,0.1587858017236644
0.1028515625,-0.08363187533844478
0.10287109375,-0.10031746541413589
0.102890625,-0.03833030700200381
0.10291015625,-0.15258115866616268
0.1029296875,-0.30214461556923355
0.10294921875,-0.3433856044448016
0.10296875,-0.3584005528374413
0.10298828125,-0.4420118865942072
0.1030078125,-0.44792093782495623
0.10302734375,-0.26024493804536225
0.103046875,-0.14496705810832022
0.10306640625,-0.22415250200950784
0.1030859375,-0.3583171394715394
0.10310546875,-0.44407616354187496
0.103125,-0.48623100113702167
0.10314453125,-0.5357749615196388
0.1031640625,-0.5808968184659857
0.10318359375,-0.696165223800894
0.103203125,-0.7777713015975798
0.10322265625,-0.47307186106984705
0.1032421875,0.01697629937471504
0.10326171875,0.08202034540766236
0.10328125,-0.09767881279036972
0.10330078125,0.01724422644724565
0.1033203125,0.18019600636101943
0.10333984375,0.12571927299650756
0.103359375,-0.016344565508987427
0.10337890625,-0.18843855042925722
0.1033984375,-0.23034499310816553
0.10341796875,-0.16582127938914787
0.1034375,-0.14817008705148405
0.10345703125,-0.24627562463865624
0.1034765625,-0.42496571225682594
0.10349609375,-0.3527928797752202
0.103515625,-0.3380909864499929
0.10353515625,-0.7428478582089397
0.1035546875,-0.8468948898538518
0.10357421875,-0.5101070428482523
0.10359375,-0.41117272661861826
0.10361328125,-0.640808293940458
0.1036328125,-0.8741612728286958
0.10365234375,-0.8114875382433085
0.103671875,-0.5169450104228405
0.10369140625,-0.5626249794529246
0.1037109375,-1.0202310391204268
0.10373046875,-1.0434236923207654
0.10375,-0.5682364701787488
0.10376953125,-0.4988846017410574
0.1037890625,-0.7284194643492258
0.10380859375,-0.6558520547958627
0.103828125,-0.44663005341715484
0.10384765625,-0.551775018718087
0.1038671875,-0.9723195341474753
0.10388671875,-1.046353268128756
0.10390625,-0.6885047069107029
0.10392578125,-0.6057269632615072
0.1039453125,-0.7929568136649257
0.10396484375,-0.6789293420054369
0.103984375,-0.41167963396473617
0.10400390625,-0.48587343176068104
0.1040234375,-0.4734713553234029
0.10404296875,0.04285644604363144
0.1040625,0.3698798661937134
0.10408203125,0.05281712380726998
0.1041015625,-0.20972458722516363
0.10412109375,-0.06963005553660528
0.104140625,-0.04638866454720668
0.10416015625,-0.10127312370945446
0.1041796875,-0.11347836325557886
0.10419921875,-0.18230197540120693
0.10421875,-0.2175974334739653
0.10423828125,-0.48235665840999414
0.1042578125,-0.7425919480927107
0.10427734375,-0.6046968142284496
0.104296875,-0.4647183515824017
0.10431640625,-0.4436772698926364
0.1043359375,-0.4240539078636566
0.10435546875,-0.4583286899424514
0.104375,-0.507532040543945
0.10439453125,-0.5091340845000452
0.1044140625,-0.34592668556423756
0.10443359375,-0.28093964750857625
0.104453125,-0.4800446987251882
0.10447265625,-0.44333733592414326
0.1044921875,-0.2702261663697751
0.10451171875,-0.2525498554974097
0.10453125,-0.16869643469316067
0.10455078125,-0.08179698913391585
0.1045703125,0.06916933378296032
0.10458984375,0.31994560362284885
0.104609375,0.4187099568712809
0.10462890625,0.2858779581145364
0.1046484375,-0.05608698215974489
0.10466796875,-0.41285811951496276
0.1046875,-0.5850766413773186
0.10470703125,-0.4980197161799088
0.1047265625,-0.3430492566799104
0.10474609375,-0.3608465118800271
0.104765625,-0.47430483114727584
0.10478515625,-0.45565487758624273
0.1048046875,-0.1585079903518559
0.10482421875,-0.11667433657743662
0.10484375,-0.5553472926419615
0.10486328125,-0.7243850074018475
0.1048828125,-0.5281562766808434
0.10490234375,-0.3245992346813208
0.104921875,-0.3554864460269156
0.10494140625,-0.7285542587455706
0.1049609375,-0.9641148849479788
0.10498046875,-0.933292896215292
0.105,-0.7602920470567147
0.10501953125,-0.579234721459251
0.1050390625,-0.7374710577153449
0.10505859375,-0.9086607884575759
0.105078125,-0.785996769202272
0.10509765625,-0.6138603878378407
0.1051171875,-0.5994827296483416
0.10513671875,-0.7427275384102497
0.10515625,-0.7709424435482144
0.10517578125,-0.5081446181784879
0.1051953125,-0.26596429113824027
0.10521484375,-0.37361812618039714
0.105234375,-0.21306349500967575
0.10525390625,0.23860064282714202
0.1052734375,0.08964865413589905
0.10529296875,-0.03265079665203254
0.1053125,0.1452484237348513
0.10533203125,-0.03139029788061412
0.1053515625,-0.15686699775204466
0.10537109375,-0.29756308889821403
0.105390625,-0.6179008264202467
0.10541015625,-0.6848625103836956
0.1054296875,-0.6412341413070957
0.10544921875,-0.6166570992258169
0.10546875,-0.5692884803991668
0.10548828125,-0.30265554837058745
0.1055078125,0.02268703972768086
0.10552734375,-0.13804824650625705
0.105546875,-0.19495989581537743
0.10556640625,-0.04103733155879899
0.1055859375,-0.34298824878791234
0.10560546875,-0.4778362185448001
0.105625,-0.2064758693285525
0.10564453125,0.004455150971315824
0.1056640625,0.13973126574414815
0.10568359375,0.08660994267339017
0.105703125,0.08502339354820015
0.10572265625,0.13297241398871798
0.1057421875,-0.03218436265801201
0.10576171875,0.012749828215588104
0.10578125,0.09368350336381698
0.10580078125,-0.02429611045274488
0.1058203125,0.015453169666181793
0.10583984375,0.047165988200145635
0.105859375,0.00023567427665879478
0.10587890625,0.05056028985496738
0.1058984375,0.23727228618159873
0.10591796875,0.3440845033977484
0.1059375,0.14472392323318817
0.10595703125,0.028202509276661507
0.1059765625,0.09827987302488501
0.10599609375,0.09780800074920509
0.106015625,0.001770638462388053
0.10603515625,-0.06419367419206892
0.1060546875,0.03143707257306239
0.10607421875,-0.08083198344304524
0.10609375,-0.3552457736380181
0.10611328125,-0.2553829193174
0.1061328125,-0.0672450403011956
0.10615234375,-0.08240456026469241
0.106171875,-0.023456687349533135
0.10619140625,0.1721877916638345
0.1062109375,0.27657075113212704
0.10623046875,0.2559680309331856
0.10625,0.2956038024465929
0.10626953125,0.2333214768935144
0.1062890625,0.03461075676098113
0.10630859375,0.11534957611439454
0.106328125,0.23550498614645124
0.10634765625,0.020072503377305116
0.1063671875,-0.18017010510863704
0.10638671875,-0.10664771041304136
0.10640625,0.1499807193535475
0.10642578125,0.324119095875988
0.1064453125,0.20769856844976056
0.10646484375,-0.02889823565325409
0.106484375,-0.05609010213628672
0.10650390625,0.22428452248169356
0.1065234375,0.48592509619713675
0.10654296875,0.4305031954794075
0.1065625,0.2570130571663721
0.10658203125,0.322921191593347
0.1066015625,0.612599817514777
0.10662109375,0.6998871567603966
0.106640625,0.5290560230791208
0.10666015625,0.4690549862758434
0.1066796875,0.5310576729401362
0.10669921875,0.5671562153022676
0.10671875,0.3465301372776862
0.10673828125,0.06114510336077904
0.1067578125,0.2891315546084805
0.10677734375,0.5752740174254866
0.106796875,0.5062861792514313
0.10681640625,0.41841496429234754
0.1068359375,0.35207488560410205
0.10685546875,0.39384624513337096
0.106875,0.40991359851532777
0.10689453125,0.12607945669698875
0.1069140625,-0.15007381199578346
0.10693359375,-0.27334154392355176
0.106953125,-0.361189327301654
0.10697265625,-0.4183197454089177
0.1069921875,-0.4149555119201419
0.10701171875,-0.2812956042521212
0.10703125,-0.15747121960386548
0.10705078125,-0.06919453751739185
0.1070703125,0.019191949991936325
0.10708984375,-0.06167839868898576
0.107109375,-0.2043141695505194
0.10712890625,-0.17994150786917612
0.1071484375,0.04002342997179223
0.10716796875,0.15009151958965045
0.1071875,0.14026351557629863
0.10720703125,0.2112024071221137
0.1072265625,0.0089140880061759
0.10724609375,-0.09738882370547604
0.107265625,0.2779161092427268
0.10728515625,0.34105282502041295
0.1073046875,0.14784420400652154
0.10732421875,0.3247135875418763
0.10734375,0.493439982020909
0.10736328125,0.4453793773100315
0.1073828125,0.5019590630802861
0.10740234375,0.563401811053725
0.107421875,0.3911801587435719
0.10744140625,0.20784534980129374
0.1074609375,0.40514571950193984
0.10748046875,0.5191186795308858
0.1075,0.16121064602609142
0.10751953125,0.09353812734005007
0.1075390625,0.325061474090529
0.10755859375,0.39976050331670804
0.107578125,0.4720425904446002
0.10759765625,0.2693387652976875
0.1076171875,-0.14855914669870368
0.10763671875,-0.286863918692031
0.10765625,-0.14209190779935452
0.10767578125,0.11104746341081391
0.1076953125,0.023322523741499568
0.10771484375,-0.284589384543843
0.107734375,-0.21171107884684293
0.10775390625,-0.2761031139153591
0.1077734375,-0.5340108927113443
0.10779296875,-0.35413768055982503
0.1078125,-0.32258919351083265
0.10783203125,-0.419525165803043
0.1078515625,-0.08695951301509668
0.10787109375,-0.0009905863726486393
0.107890625,-0.047918885475349685
0.10791015625,0.2478577442374643
0.1079296875,0.21727751462341321
0.10794921875,0.06265730396228548
0.10796875,0.21682551899379754
0.10798828125,0.2573631452633929
0.1080078125,0.2626276210492749
0.10802734375,0.26841258132851636
0.108046875,0.3217101878323119
0.10806640625,0.5391112090533734
0.1080859375,0.3474312696622808
0.10810546875,-0.1180817304737168
0.108125,-0.21551244404090228
0.10814453125,-0.0035161608043432074
0.1081640625,0.336743444486789
0.10818359375,0.49503829442574215
0.108203125,0.2959347479079202
0.10822265625,0.15821754761452106
0.1082421875,0.24706056957636552
0.10826171875,0.27135573666741464
0.10828125,0.09835199467969012
0.10830078125,0.03387969854418581
0.1083203125,0.3404178593380812
0.10833984375,0.4511321589155184
0.108359375,0.23083890098892831
0.10837890625,0.42280315636325677
0.1083984375,0.7217469210218965
0.10841796875,0.586900589609836
0.1084375,0.39752204177269873
0.10845703125,0.29788000722821845
0.1084765625,0.23975331860478558
0.10849609375,0.42284953303527417
0.108515625,0.6721844288097157
0.10853515625,0.5750029620204927
0.1085546875,0.5286287832897971
0.10857421875,0.8291544205233712
0.10859375,0.9245028505286383
0.10861328125,0.7830309332451646
0.1086328125,0.7368323045136898
0.10865234375,0.9271790895180332
0.108671875,0.9941207704892261
0.10869140625,0.5891523106553329
0.1087109375,0.4625943036475045
0.10873046875,0.6131721247303159
0.10875,0.49393799097382907
0.10876953125,0.4973192423201356
0.1087890625,0.4328430259406819
0.10880859375,0.12896157979419484
0.108828125,0.019106776975117826
0.10884765625,0.0081541578179538
0.1088671875,0.015626470978325802
0.10888671875,0.07602855854523129
0.10890625,0.16217750086318572
0.10892578125,0.30257187295437427
0.1089453125,0.409479669111166
0.10896484375,0.5732304878493268
0.108984375,0.7473269153756473
0.10900390625,0.755418794033899
0.1090234375,0.7055095915253395
0.10904296875,0.5760920538514
0.1090625,0.29468927163727926
0.10908203125,-0.04710320928521465
0.1091015625,-0.28261106618926124
0.10912109375,-0.24074638179877358
0.109140625,-0.06400414873304879
0.10916015625,0.12503120536645837
0.1091796875,0.3269419515142318
0.10919921875,0.3514406452615988
0.10921875,0.3891471960587921
0.10923828125,0.6112065600740595
0.1092578125,0.5403781495241009
0.10927734375,0.14315954028432196
0.109296875,-0.06039607789993587
0.10931640625,-0.039058806523237864
0.1093359375,0.1497554700331886
0.10935546875,0.5570439208268327
0.109375,0.7033207566417361
0.10939453125,0.5895863516889182
0.1094140625,0.7879450428142625
0.10943359375,0.899797562886226
0.109453125,0.563661241640731
0.10947265625,0.2915606503703375
0.1094921875,0.27253796891467935
0.10951171875,0.3128130817238124
0.10953125,0.2130029133107072
0.10955078125,0.21506412325676968
0.1095703125,0.485236914527134
0.10958984375,0.44358598012339256
0.109609375,0.23680477790935062
0.10962890625,0.21946507216775735
0.1096484375,0.16505055487669548
0.10966796875,0.1684156064390503
0.1096875,0.0662021977365876
0.10970703125,-0.08358025379787104
0.1097265625,-0.05488203629866864
0.10974609375,-0.1870912795454055
0.109765625,-0.4069019237413063
0.10978515625,-0.5735388173033038
0.1098046875,-0.5849887583494948
0.10982421875,-0.38343958990956384
0.10984375,-0.2918373572872608
0.10986328125,-0.21827946311820515
0.1098828125,-0.21272368379694684
0.10990234375,-0.3061822359663784
0.109921875,-0.12597445707259172
0.10994140625,0.03880826855614293
0.1099609375,0.02490766372565781
0.10998046875,0.051909943418390454
0.11,-0.04790377467898533
0.11001953125,-0.09278373393959845
0.1100390625,0.17691887647908944
0.11005859375,0.37589219471021407
0.110078125,0.32528420213044906
0.11009765625,0.25814776439814624
0.1101171875,0.2429955767756911
0.11013671875,0.1663633465058756
0.11015625,-0.21092642979980503
0.11017578125,-0.5164624859011894
0.1101953125,-0.16418479986842818
0.11021484375,0.1114061175062763
0.110234375,-0.16617818545648386
0.11025390625,-0.2418262019867566
0.1102734375,-0.022636103164846592
0.11029296875,0.18450863444305765
0.1103125,0.3273404267939334
0.11033203125,0.27342979568706816
0.1103515625,0.19645427576581262
0.11037109375,0.16882284898468486
0.110390625,0.3276953939977503
0.11041015625,0.6540952684155361
0.1104296875,0.4951637825088918
0.11044921875,0.23861310495670293
0.11046875,0.35266258811798096
0.11048828125,0.3365405177396726
0.1105078125,0.3255159080788992
0.11052734375,0.38803666788468427
0.110546875,0.3911497706558491
0.11056640625,0.40773877873613296
0.1105859375,0.2998873379059579
0.11060546875,0.3658857541220397
0.110625,0.40312998742008627
0.11064453125,0.1358200852396946
0.1106640625,0.2196797166922495
0.11068359375,0.4320389305746254
0.110703125,0.3037389467258277
0.11072265625,0.053610868468574754
0.1107421875,-0.03750629636593563
0.11076171875,0.2516823052559244
0.11078125,0.4162461025943928
0.11080078125,0.1739881928978842
0.1108203125,-0.037414778523482115
0.11083984375,0.0028272911357004535
0.110859375,0.2417646900277084
0.11087890625,0.3210150274220514
0.1108984375,0.11801729395120737
0.11091796875,-0.03745311330143687
0.1109375,-0.021155809209821293
0.11095703125,-0.1384034314216461
0.1109765625,-0.38935053077666015
0.11099609375,-0.34348558329089707
0.111015625,-0.2797875140032304
0.11103515625,-0.4411739365186075
0.1110546875,-0.4685226080735192
0.11107421875,-0.4759105875951157
0.11109375,-0.44770107170114826
0.11111328125,-0.3445171705754664
0.1111328125,-0.4639633730162296
0.11115234375,-0.35479609846066457
0.111171875,0.06706582192212086
0.11119140625,0.27582889978779856
0.1112109375,0.3191928799150241
0.11123046875,0.13927946615999215
0.11125,0.13788156770754287
0.11126953125,0.5303223610501153
0.1112890625,0.31915788344496887
0.11130859375,-0.2077618495194254
0.111328125,-0.025080093662032704
0.11134765625,0.42279506355077967
0.1113671875,0.40266277927775507
0.11138671875,-0.005063196535474414
0.11140625,-0.10907803474642666
0.11142578125,0.027426539702378953
0.1114453125,-0.21922738741978154
0.11146484375,-0.4394326031445793
0.111484375,-0.5000316541878816
0.11150390625,-0.5850767163698993
0.1115234375,-0.4250262118043977
0.11154296875,-0.30867809573273447
0.1115625,-0.2799579407951124
0.11158203125,-0.3833040815896829
0.1116015625,-0.8090277685921109
0.11162109375,-0.7556203132106087
0.111640625,-0.353230658778629
0.11166015625,-0.5862096380967416
0.1116796875,-0.8251260559260429
0.11169921875,-0.45873232093851646
0.11171875,-0.29932444586558116
0.11173828125,-0.6293569089660026
0.1117578125,-0.7692536137900234
0.11177734375,-0.3741300593270428
0.111796875,0.040094937918107684
0.11181640625,-0.11314553196211616
0.1118359375,-0.39218181214268305
0.11185546875,-0.2798197862827293
0.111875,-0.16336594494905055
0.11189453125,-0.20266952911051428
0.1119140625,-0.23502200452872876
0.11193359375,-0.32897338030752726
0.111953125,-0.4407294817908213
0.11197265625,-0.5976100252636166
0.1119921875,-0.7527298119371223
0.11201171875,-0.686306015090485
0.11203125,-0.3848960241116281
0.11205078125,-0.09308867514763872
0.1120703125,0.01878461437457385
0.11208984375,0.1862144235522531
0.112109375,0.3252094130832631
0.11212890625,0.3383930456444635
0.1121484375,0.20501667210727303
0.11216796875,-0.32385245096338044
0.1121875,-0.4921930450793955
0.11220703125,-0.25486468973378085
0.1122265625,-0.5018953898151491
0.11224609375,-0.7113169209766308
0.112265625,-0.6763798255170924
0.11228515625,-0.7188758842581575
0.1123046875,-0.5839061857183734
0.11232421875,-0.4280061100776388
0.11234375,-0.26210104846135357
0.11236328125,-0.07061748857391921
0.1123828125,-0.1764568381986974
0.11240234375,-0.31924481442108327
0.112421875,-0.2943102361234039
0.11244140625,-0.17468592210442063
0.1124609375,-0.006134965750377572
0.11248046875,-0.10442375927881624
0.1125,-0.2951235522017589
0.11251953125,-0.12353390593540355
0.1125390625,0.0019176547815249884
0.11255859375,-0.21216739196614073
0.112578125,-0.13371376647819755
0.11259765625,0.048112509211663504
0.1126171875,-0.27056364740927713
0.11263671875,-0.325207292337078
0.11265625,0.2076125393987979
0.11267578125,0.506568481396002
0.1126953125,0.36474687748406875
0.11271484375,0.20248268316932289
0.112734375,0.21174554658024958
0.11275390625,0.17673699511849195
0.1127734375,0.050736635432663324
0.11279296875,-0.03282308697144996
0.1128125,-0.3024558352571234
0.11283203125,-0.6239078204813021
0.1128515625,-0.6105027017887091
0.11287109375,-0.580509650453847
0.112890625,-0.7682951675955421
0.11291015625,-0.8456160501256949
0.1129296875,-0.6378877226270001
0.11294921875,-0.5097353800492372
0.11296875,-0.7150190083064603
0.11298828125,-0.824786282740273
0.1130078125,-0.7404842902654191
0.11302734375,-0.7504247276121402
0.113046875,-0.7878782527656456
0.11306640625,-0.9295048626467237
0.1130859375,-0.9278521021068898
0.11310546875,-0.4534378220904038
0.113125,-0.26953100479877157
0.11314453125,-0.41895347882713996
0.1131640625,-0.04108808470094752
0.11318359375,0.29218770992764803
0.113203125,0.10447362221309495
0.11322265625,0.07779768349189069
0.1132421875,0.09383057164618563
0.11326171875,-0.08250436384768753
0.11328125,-0.13672359790483252
0.11330078125,-0.23291201218504087
0.1133203125,-0.378930098201531
0.11333984375,-0.4767879678856821
0.113359375,-0.5670143065452392
0.11337890625,-0.44184325870394975
0.1133984375,-0.37443423667781284
0.11341796875,-0.46282089957189654
0.1134375,-0.38926609579333815
0.11345703125,-0.3516253876800285
0.1134765625,-0.3065511425126604
0.11349609375,-0.23705865104180845
0.113515625,-0.42181447923204196
0.11353515625,-0.4914559208101624
0.1135546875,-0.28020147749132507
0.11357421875,-0.12693721770858776
0.11359375,-0.09433653601911116
0.11361328125,-0.057198219667289184
0.1136328125,0.1829048496662098
0.11365234375,0.38711583246603737
0.113671875,0.22164683721351397
0.11369140625,0.12225716984651175
0.1137109375,0.17648063570006414
0.11373046875,0.13202438521204676
0.11375,0.27255657462788674
0.11376953125,0.3923802096981465
0.1137890625,0.277292309192842
0.11380859375,0.16631982995508016
0.113828125,-0.03435248247735631
0.11384765625,0.00015085885307655755
0.1138671875,0.2183299541883851
0.11388671875,0.03997593897837745
0.11390625,0.08165392637791022
0.11392578125,0.460982317363644
0.1139453125,0.48903562207902374
0.11396484375,0.5176300873360303
0.113984375,0.6224272161563482
0.11400390625,0.47565844795289586
0.1140234375,0.28861699628001025
0.11404296875,0.14729585420003205
0.1140625,0.15938273215767923
0.11408203125,0.3466382896059775
0.1141015625,0.4738635236805677
0.11412109375,0.40888716516472445
0.114140625,0.16818200106618533
0.11416015625,0.1359243943924297
0.1141796875,0.35663285296860925
0.11419921875,0.37444186664771895
0.11421875,0.2602851472740205
0.11423828125,0.21592388637340715
0.1142578125,0.23518011779433645
0.11427734375,0.36293161239185506
0.114296875,0.34775869794699316
0.11431640625,0.1148740610246748
0.1143359375,-0.06456334209668294
0.11435546875,-0.292387406407015
0.114375,-0.5046471528390173
0.11439453125,-0.30719672537127324
0.1144140625,-0.03154577678344294
0.11443359375,-0.07949134327945574
0.114453125,0.040469806477428635
0.11447265625,0.3819928970438707
0.1144921875,0.40841970986879617
0.11451171875,0.36203857756001667
0.11453125,0.5610970848823538
0.11455078125,0.6450565619288577
0.1145703125,0.47822607963772235
0.11458984375,0.42745940484687395
0.114609375,0.5643016949729085
0.11462890625,0.661739944832087
0.1146484375,0.6844033590725078
0.11466796875,0.5695081079812216
0.1146875,0.27735411340166394
0.11470703125,-0.027661798618700065
0.1147265625,-0.06083912498135121
0.11474609375,0.17912014197255796
0.114765625,0.3448032992735595
0.11478515625,0.48764165826034567
0.1148046875,0.5145939536816471
0.11482421875,0.13124026907771286
0.11484375,-0.19439658521939995
0.11486328125,-0.21048461433897364
0.1148828125,-0.17778594150896043
0.11490234375,-0.15855356122784786
0.114921875,-0.25612111250891745
0.11494140625,-0.4990716177710571
0.1149609375,-0.6995988999039939
0.11498046875,-0.5216393292767617
0.115,-0.10075517469043005
0.11501953125,-0.007550255094617871
0.1150390625,-0.010157526890258787
0.11505859375,0.07543014830063952
0.115078125,-0.04644014078679377
0.11509765625,-0.19527780273558012
0.1151171875,-0.25670917041899355
0.11513671875,-0.1703438051477894
0.11515625,-0.011475093157988513
0.11517578125,-0.05491670771349656
0.1151953125,-0.13743295040603498
0.11521484375,-0.17950599922027
0.115234375,-0.19376536386540852
0.11525390625,-0.15956815869717092
0.1152734375,-0.19403506658457953
0.11529296875,-0.1823832896396057
0.1153125,0.017619777966939504
0.11533203125,0.14971897544039964
0.1153515625,-0.10110346658970068
0.11537109375,-0.21371381722001398
0.115390625,0.2043487010259803
0.11541015625,0.41463337115068777
0.1154296875,0.3674718432891393
0.11544921875,0.6205638092262442
0.11546875,0.7678394798624363
0.11548828125,0.6440696177587704
0.1155078125,0.6419560645103449
0.11552734375,0.571048268388712
0.115546875,0.3325984792083379
0.11556640625,0.25236510146176405
0.1155859375,0.44611086359703994
0.11560546875,0.40276727237325594
0.115625,-0.18627570184117614
0.11564453125,-0.3593722787445441
0.1156640625,-0.03309473764223188
0.11568359375,-0.03916606203825224
0.115703125,-0.0705526071862469
0.11572265625,-0.15063344874121568
0.1157421875,-0.3904577281969861
0.11576171875,-0.23737534726880505
0.11578125,0.037669070504842174
0.11580078125,-0.03234834402164168
0.1158203125,-0.25940456962329195
0.11583984375,-0.40225325849287524
0.115859375,-0.2583782555231743
0.11587890625,0.09052438256338648
0.1158984375,0.18087245095270743
0.11591796875,0.18286664062693173
0.1159375,0.3951254432173012
0.11595703125,0.4592084101825925
0.1159765625,0.39915676412694157
0.11599609375,0.4288864730951987
0.116015625,0.4761758876191081
0.11603515625,0.5901007374365626
0.1160546875,0.7110668592449045
0.11607421875,0.7248891951113947
0.11609375,0.6366727952826505
0.11611328125,0.40390325803494376
0.1161328125,0.21187900625916148
0.11615234375,0.26881667631349165
0.116171875,0.3454293959729542
0.11619140625,0.24347875355271412
0.1162109375,0.016297838613391055
0.11623046875,-0.035864380491005
0.11625,0.3040114899134198
0.11626953125,0.3808660763920685
0.1162890625,0.0524815141724015
0.11630859375,0.2723987613310973
0.116328125,0.6487498762896027
0.11634765625,0.44330499922747124
0.1163671875,0.28401702774192994
0.11638671875,0.35773717617828016
0.11640625,0.5011850461794191
0.11642578125,0.5632216456768195
0.1164453125,0.3795946101934423
0.11646484375,0.40591759645983644
0.116484375,0.5736299958312223
0.11650390625,0.7125473751678376
0.1165234375,0.960451969948219
0.11654296875,0.884682386002914
0.1165625,0.6085643438655758
0.11658203125,0.5974662229172156
0.1166015625,0.6334194990732327
0.11662109375,0.7709307287678506
0.116640625,0.9597069786897484
0.11666015625,0.6801764503930308
0.1166796875,0.27927295876661434
0.11669921875,0.20407474610751855
0.11671875,0.2576927229152849
0.11673828125,0.351356542858419
0.1167578125,0.3298242851685139
0.11677734375,0.3711847730301447
0.116796875,0.6185142172179756
0.11681640625,0.5812388849514197
0.1168359375,0.41688307393858537
0.11685546875,0.324123089106505
0.116875,0.09413230878214227
0.11689453125,0.09675558594129957
0.1169140625,0.18393978930559937
0.11693359375,0.0963533297825355
0.116953125,0.05732203322909059
0.11697265625,-0.1764087500641312
0.1169921875,-0.2367034785030078
0.11701171875,0.16664083104454336
0.11703125,0.301448465340393
0.11705078125,0.13685865716307355
0.1170703125,0.07036975002247567
0.11708984375,0.1108422733986446
0.117109375,0.1696244723778957
0.11712890625,-0.003554567071023411
0.1171484375,-0.15081696846329865
0.11716796875,0.15014435577366383
0.1171875,0.24607457624548001
0.11720703125,-0.13995109970479147
0.1172265625,-0.30661924949077585
0.11724609375,-0.15809998875294135
0.117265625,0.11777644202001558
0.11728515625,0.20221658539497608
0.1173046875,-0.02938350839547773
0.11732421875,0.06533375619806901
0.11734375,0.3198786169729581
0.11736328125,0.2214083968517297
0.1173828125,0.08168202193708861
0.11740234375,0.1252943287024154
0.117421875,0.24399525231130886
0.11744140625,0.19930073606468418
0.1174609375,0.028173480671965442
0.11748046875,-0.04536173299845558
0.1175,0.0003813413027186803
0.11751953125,0.17988696676415977
0.1175390625,0.3582630454438711
0.11755859375,0.4749697871312575
0.117578125,0.52582472671086
0.11759765625,0.3090057695472953
0.1176171875,-0.05633194767826579
0.11763671875,-0.2028878449139461
0.11765625,-0.1680784544872479
0.11767578125,-0.27549848126481297
0.1176953125,-0.32387391008420857
0.11771484375,0.05411709213065405
0.117734375,0.2692933956381774
0.11775390625,-0.08266994774781355
0.1177734375,-0.2493256662393188
0.11779296875,-0.041107519647506995
0.1178125,-0.043629950103422716
0.11783203125,-0.2349294666229726
0.1178515625,-0.361707455246144
0.11787109375,-0.5001617056309999
0.117890625,-0.45594881042762786
0.11791015625,0.05193562060561453
0.1179296875,0.3789909839161696
0.11794921875,0.11925069870342439
0.11796875,0.03878825639736433
0.11798828125,0.26323013528253575
0.1180078125,0.3295816686546661
0.11802734375,0.15178393010912247
0.118046875,-0.1335602827078911
0.11806640625,-0.17121558756402425
0.1180859375,-0.07994488452161756
0.11810546875,-0.03789462652746114
0.118125,0.06217811518307454
0.11814453125,-0.017471146197988084
0.1181640625,-0.1728809907919876
0.11818359375,-0.044590812190774425
0.118203125,0.17282587895030443
0.11822265625,0.14536946858317615
0.1182421875,0.12951786078947924
0.11826171875,0.4428688203710629
0.11828125,0.552661456727567
0.11830078125,0.2775798043460032
0.1183203125,0.2153428228875352
0.11833984375,0.20863436167631605
0.118359375,-0.07867843999726992
0.11837890625,-0.20663312493079333
0.1183984375,-0.04056370412731056
0.11841796875,-0.007644248200719857
0.1184375,-0.19351411067508262
0.11845703125,-0.3134811136678282
0.1184765625,-0.17027409157239085
0.11849609375,0.07076101304818233
0.118515625,0.15832754242643027
0.11853515625,0.15265248231942438
0.1185546875,0.13129791866753765
0.11857421875,0.13629273606044057
0.11859375,0.22660107507582888
0.11861328125,0.38390518419243796
0.1186328125,0.48175132125084585
0.11865234375,0.4780191995205767
0.118671875,0.625055474206161
0.11869140625,0.7890245567408722
0.1187109375,0.8163908329261421
0.11873046875,0.861465368437756
0.11875,0.5512893041010267
0.11876953125,0.05222330358383499
0.1187890625,0.001488962518691326
0.11880859375,-0.019696734694598886
0.118828125,-0.30177129784987033
0.11884765625,-0.2502151101721964
0.1188671875,0.19356952977224673
0.11888671875,0.2648438012881621
0.11890625,-0.21718757873161507
0.11892578125,-0.5318468685228146
0.1189453125,-0.42227796917320676
0.11896484375,-0.24290951529438204
0.118984375,-0.26638545294247895
0.11900390625,-0.6344183863671895
0.1190234375,-0.9109721256289531
0.11904296875,-0.6280764003728158
0.1190625,-0.35124049557413517
0.11908203125,-0.5387281742910449
0.1191015625,-0.7514209006018383
0.11912109375,-0.5626104680309829
0.119140625,-0.1510434767807288
0.11916015625,-0.18255339988112818
0.1191796875,-0.5383934593659151
0.11919921875,-0.4678106344763759
0.11921875,-0.1764485915958307
0.11923828125,-0.16483160176750544
0.1192578125,-0.4489203475990383
0.11927734375,-0.6142107565435493
0.119296875,-0.32659062325814986
0.11931640625,-0.1300270135625875
0.1193359375,-0.2899253162067661
0.11935546875,-0.2874700555375359
0.119375,-0.046629839918799376
0.11939453125,0.04704909449081509
0.1194140625,-0.12646370768944198
0.11943359375,-0.11901928765847532
0.119453125,0.17543860411055578
0.11947265625,0.043413946037931334
0.1194921875,-0.20218419832165585
0.11951171875,0.043218802569576005
0.11953125,0.12731631677455252
0.11955078125,0.005782236324994694
0.1195703125,-0.25265101862981076
0.11958984375,-0.7683881334051599
0.119609375,-0.8590387277337765
0.11962890625,-0.7808867984324483
0.1196484375,-0.878668195311864
0.11966796875,-0.838388655590617
0.1196875,-0.9134986364202535
0.11970703125,-0.8781390849821307
0.1197265625,-0.580100759785729
0.11974609375,-0.5130795540933681
0.119765625,-0.5898756832211125
0.11978515625,-0.7002102554786136
0.1198046875,-0.6334750633706373
0.11982421875,-0.2772490700995886
0.11984375,-0.4391356693189952
0.11986328125,-0.8273837495515776
0.1198828125,-0.6443460121678879
0.11990234375,-0.6266783447594425
0.119921875,-0.900745396064152
0.11994140625,-0.8549944245678396
0.1199609375,-0.7538721233150337
0.11998046875,-0.6596615506776946
0.12,-0.5026642899542276
0.12001953125,-0.5207256222201723
0.1200390625,-0.4002482228550376
0.12005859375,-0.12230858745042994
0.120078125,-0.15452617775576402
0.12009765625,-0.3777643315510067
0.1201171875,-0.4768496946767728
0.12013671875,-0.27562824071549313
0.12015625,-0.19412182724641772
0.12017578125,-0.6520879532182164
0.1201953125,-0.8885402767818245
0.12021484375,-0.6044899501119851
0.120234375,-0.4181390222206987
0.12025390625,-0.5242101948235053
0.1202734375,-0.6025036005448137
0.12029296875,-0.3759459025892017
0.1203125,-0.3466176696121863
0.12033203125,-0.5625501439900633
0.1203515625,-0.3244883394595119
0.12037109375,-0.07222138997268085
0.120390625,-0.09122682939169627
0.12041015625,0.07022969922446014
0.1204296875,0.04847649323166313
0.12044921875,-0.19395196378384066
0.12046875,-0.28107856875092035
0.12048828125,-0.33055876675012813
0.1205078125,-0.3324593150527303
0.12052734375,-0.41012773003064573
0.120546875,-0.4763348953158437
0.12056640625,-0.2756674698497382
0.1205859375,-0.263612817987837
0.12060546875,-0.40744670750053064
0.120625,-0.15394351377922963
0.12064453125,0.1570571105066183
0.1206640625,0.14323712035631397
0.12068359375,0.09375866869597249
0.120703125,0.07722921735795932
0.12072265625,0.021463541728564194
0.1207421875,0.03979545161729405
0.12076171875,0.08081256466296174
0.12078125,-0.041378374929598755
0.12080078125,-0.28644357932076653
0.1208203125,-0.2830818242685386
0.12083984375,-0.05003985404137538
0.120859375,-0.007123642902045403
0.12087890625,-0.09741811328073344
0.1208984375,-0.16924758802589324
0.12091796875,-0.2990486842270639
0.1209375,-0.3178900265457686
0.12095703125,-0.2648533514579048
0.1209765625,-0.3892161396648347
0.12099609375,-0.423273247817871
0.121015625,-0.31743358347638523
0.12103515625,-0.47552153377159034
0.1210546875,-0.7008136167230665
0.12107421875,-0.676520727005685
0.12109375,-0.7103694569886312
0.12111328125,-0.8397583137870994
0.1211328125,-0.7871515451326927
0.12115234375,-0.6196375525890386
0.121171875,-0.41943876825244364
0.12119140625,-0.4385001788838168
0.1212109375,-0.6918558586173693
0.12123046875,-0.5919955067040099
0.12125,-0.2661567762083609
0.12126953125,-0.22492160397529848
0.1212890625,-0.3394966163108746
0.12130859375,-0.5143976374133425
0.121328125,-0.6458606294806616
0.12134765625,-0.413963663108279
0.1213671875,-0.18162332281724144
0.12138671875,-0.3746019807051285
0.12140625,-0.37021804186544477
0.12142578125,-0.021405042478689042
0.1214453125,-0.028570615239194783
0.12146484375,-0.3227318695229094
0.121484375,-0.6004235213167641
0.12150390625,-0.5542021826434107
0.1215234375,-0.18197898680817612
0.12154296875,-0.3913580190052208
0.1215625,-0.6831539580008719
0.12158203125,-0.2956820173279926
0.1216015625,-0.2389313547619512
0.12162109375,-0.5588275679545944
0.121640625,-0.4764154101863574
0.12166015625,-0.017829634924764026
0.1216796875,0.26671263331927886
0.12169921875,0.0705280815371266
0.12171875,-0.022041861953135608
0.12173828125,-0.03486325232571242
0.1217578125,-0.08269991906606766
0.12177734375,0.2926066543196248
0.121796875,0.34566275896551757
0.12181640625,-0.09374322211023309
0.1218359375,-0.08546117235676313
0.12185546875,0.06118817944281354
0.121875,-0.01685334670093226
0.12189453125,-0.028493133374474726
0.1219140625,-0.15706014393058454
0.12193359375,-0.42677780161509016
0.121953125,-0.4128478995763219
0.12197265625,-0.1716550559233689
0.1219921875,-0.07017855930805056
0.12201171875,0.022375011986623776
0.12203125,0.22374230218152336
0.12205078125,0.3269553091708156
0.1220703125,0.19718663136115386
0.12208984375,0.07326486113342502
0.122109375,0.2525763903756791
0.12212890625,0.16878515489013785
0.1221484375,-0.23962000270656342
0.12216796875,-0.22997746806943992
0.1221875,-0.08754189578641813
0.12220703125,0.009285506927828105
0.1222265625,0.17715162573662852
0.12224609375,-0.0007293541022734551
0.122265625,-0.26442940133547715
0.12228515625,-0.24465758900951914
0.1223046875,-0.12244669197469767
0.12232421875,0.002649127998849735
0.12234375,0.02333049015685069
0.12236328125,0.1030907017260116
0.1223828125,0.34424913628603016
0.12240234375,0.3894050218136751
0.122421875,0.34854849183739195
0.12244140625,0.3785427353078791
0.1224609375,0.24385021191089018
0.12248046875,0.16210165506015897
0.1225,0.3035147296437051
0.12251953125,0.45690491991399296
0.1225390625,0.49066868383579954
0.12255859375,0.2732123692463444
0.122578125,-0.03986792933192635
0.12259765625,-0.0041215961597574555
0.1226171875,0.18921572106913193
0.12263671875,0.14042307810734939
0.12265625,0.31786169432798306
0.12267578125,0.5757632252219947
0.1226953125,0.396972640748512
0.12271484375,0.5079555476882807
0.122734375,0.7476280099848758
0.12275390625,0.48370269808243993
0.1227734375,0.29360614272495955
0.12279296875,0.17425832389296217
0.1228125,-0.10260085590885144
0.12283203125,-0.2989269131671099
0.1228515625,-0.3412159963924274
0.12287109375,-0.21788311154146417
0.122890625,-0.21462971364002015
0.12291015625,-0.3075561188722591
0.1229296875,-0.3100925023357623
0.12294921875,-0.3265589710391019
0.12296875,-0.1752967006965292
0.12298828125,-0.05987084251470353
0.1230078125,-0.2519197928728553
0.12302734375,-0.36446772755120194
0.123046875,-0.26732370459745997
0.12306640625,-0.15558957640091986
0.1230859375,-0.07324941065198576
0.12310546875,-0.04198193627318345
0.123125,-0.059491393096526526
0.12314453125,-0.008792017724641901
0.1231640625,0.052423927419221666
0.12318359375,0.09727583555213426
0.123203125,0.3122305865024261
0.12322265625,0.3547075803984217
0.1232421875,0.1399327210380119
0.12326171875,0.21946298263200298
0.12328125,0.2384085518275809
0.12330078125,0.01355513979363502
0.1233203125,0.04326623492040837
0.12333984375,-0.002784436021440729
0.123359375,-0.04416120309029924
0.12337890625,0.34580052503811537
0.1233984375,0.5986603013217634
0.12341796875,0.3478853440732339
0.1234375,-0.04460250511880558
0.12345703125,0.09592326759257391
0.1234765625,0.6021573256683825
0.12349609375,0.36796808153566574
0.123515625,-0.06175983837437578
0.12353515625,0.3101965685767875
0.1235546875,0.5712512144369917
0.12357421875,0.30780232109209826
0.12359375,0.16280925155004017
0.12361328125,0.22656319024392158
0.1236328125,0.222063042946628
0.12365234375,0.06360427795173137
0.123671875,0.23100873281928916
0.12369140625,0.4249987648044987
0.1237109375,0.029518301413618185
0.12373046875,-0.20917916725195107
0.12375,-0.22144722907433417
0.12376953125,-0.44671875997108434
0.1237890625,-0.4694132446684426
0.12380859375,-0.21818046175269654
0.123828125,0.15410756999489464
0.12384765625,0.2977755619638223
0.1238671875,-0.010647923743451498
0.12388671875,-0.1025627453047798
0.12390625,0.1907276675448063
0.12392578125,0.3267828372219134
0.1239453125,0.2400928693904182
0.12396484375,0.12621501426849396
0.123984375,0.1121177668494372
0.12400390625,0.32935823576110645
0.1240234375,0.5333454484913109
0.12404296875,0.43192042750833376
0.1240625,0.5046444640063932
0.12408203125,0.7862581331760075
0.1241015625,0.6490396284001115
0.12412109375,0.4230641166287209
0.124140625,0.46516346014384136
0.12416015625,0.5600988226700465
0.1241796875,0.6542507217041782
0.12419921875,0.6292582842925836
0.12421875,0.4696122927888429
0.12423828125,0.24433432116795534
0.1242578125,0.045120667192233226
0.12427734375,-0.06612948345358872
0.124296875,-0.20115670267703076
0.12431640625,-0.15505097317643313
0.1243359375,0.16015775764124823
0.12435546875,0.40277269167023433
0.124375,0.3499722080638571
0.12439453125,0.11646932473057683
0.1244140625,0.18414675634948766
0.12443359375,0.516524828516794
0.124453125,0.5924836304407232
0.12447265625,0.5170577404058131
0.1244921875,0.5535883228875477
0.12451171875,0.7124465705272318
0.12453125,0.8853233478140821
0.12455078125,0.9548807397964927
0.1245703125,1.0238986718409568
0.12458984375,0.9866667405469209
0.124609375,0.7561970108513181
0.12462890625,0.6104274827728642
0.1246484375,0.5454142297956865
0.12466796875,0.4052632021850596
0.1246875,0.40245712979227066
0.12470703125,0.5762370314049821
0.1247265625,0.5527040684197797
0.12474609375,0.2989994841401852
0.124765625,0.2142063086536791
0.12478515625,0.4328529454139397
0.1248046875,0.5886226815212051
0.12482421875,0.4791234879622465
0.12484375,0.19071215372300682
0.12486328125,-0.12497135747717632
0.1248828125,-0.05324623661370366
0.12490234375,0.10458099553703923
0.124921875,-0.10192786409790786
0.12494140625,-0.25202764285054463
0.1249609375,-0.23799693612950445
0.12498046875,0.021470294611183667
0.125,0.20529257549256252
0.12501953125,-0.06749131609216849
0.1250390625,0.0988168761614376
0.12505859375,0.4825650632554027
0.125078125,0.39346446049135386
0.12509765625,0.4570760051378435
0.1251171875,0.6517287201930532
0.12513671875,0.6786963338998007
0.12515625,0.5322880385773442
0.12517578125,0.22232061218774452
0.1251953125,0.17651259373582223
0.12521484375,0.27401049982020464
0.125234375,0.18735577572457476
0.12525390625,0.22280110317459773
0.1252734375,0.31470528244367246
0.12529296875,0.1846297713718545
0.1253125,0.16398654379782532
0.12533203125,0.2792820969656062
0.1253515625,0.1823662822464857
0.12537109375,0.1287598485461655
0.125390625,0.21106953411208113
0.12541015625,0.3171520429617485
0.1254296875,0.5462567672747378
0.12544921875,0.5262143943187048
0.12546875,0.4343225350312975
0.12548828125,0.7876373244683018
0.1255078125,1.0853849906558033
0.12552734375,0.9790694717067902
0.125546875,0.8119170796292832
0.12556640625,0.6771583333114852
0.1255859375,0.2993110290217029
0.12560546875,-0.1296787513415906
0.125625,-0.2345848318950398
0.12564453125,-0.25176976705836057
0.1256640625,-0.45125406053720746
0.12568359375,-0.7150097560854695
0.125703125,-0.6397188738933637
0.12572265625,-0.3097443729651166
0.1257421875,-0.2371079427100426
0.12576171875,-0.2902257712660152
0.12578125,-0.2986791861638769
0.12580078125,-0.31734780261189843
0.1258203125,-0.1590847664729254
0.12583984375,0.04811543434915906
0.125859375,0.026869061089887906
0.12587890625,-0.06445861405622748
0.1258984375,0.0006956822930725415
0.12591796875,0.24627095793636244
0.1259375,0.33494349700821296
0.12595703125,0.2040903433220128
0.1259765625,0.31037839877398626
0.12599609375,0.44626994646317875
0.126015625,0.47968877453127134
0.12603515625,0.5416526298977808
0.1260546875,0.33281714877346485
0.12607421875,0.07814778529702807
0.12609375,0.03205953133010095
0.12611328125,0.05189726849270661
0.1261328125,-0.034338066770592424
0.12615234375,-0.2985447371291508
0.126171875,-0.32578071522370994
0.12619140625,-0.150888907072757
0.1262109375,-0.17021335251776176
0.12623046875,-0.17398490885565135
0.12625,-0.07873579027565086
0.12626953125,0.012965905907961386
0.1262890625,0.13554417975757085
0.12630859375,0.17992655562919993
0.126328125,0.11784686606640726
0.12634765625,0.01891892991156152
0.1263671875,-0.13237455972035997
0.12638671875,-0.267490489456718
0.12640625,-0.15272853102789993
0.12642578125,0.16598524603456843
0.1264453125,0.38907640779734687
0.12646484375,0.3583641769496595
0.126484375,-0.014318350963489039
0.12650390625,-0.19131282810328912
0.1265234375,0.270967828266405
0.12654296875,0.5293584201154383
0.1265625,0.11072101647578417
0.12658203125,-0.2596660834644859
0.1266015625,-0.0416145366378229
0.12662109375,0.47298326488284836
0.126640625,0.6429756605964195
0.12666015625,0.4555057855907021
0.1266796875,0.4290123364336229
0.12669921875,0.5127538438230053
0.12671875,0.4693825188271006
0.12673828125,0.41898683961595307
0.1267578125,0.3795626130950336
0.12677734375,0.3703454413702567
0.126796875,0.1924040970446576
0.12681640625,-0.07772334185779586
0.1268359375,0.13710252487224509
0.12685546875,0.38098587835220904
0.126875,0.12741549930852045
0.12689453125,-0.11962840251880744
0.1269140625,-0.21958862874387824
0.12693359375,-0.38074004909815773
0.126953125,-0.5315191674444586
0.12697265625,-0.6189573486853548
0.1269921875,-0.8417788906377924
0.12701171875,-1.030505958142885
0.12703125,-0.7229685906353218
0.12705078125,-0.48409215657973453
0.1270703125,-0.7367316058814768
0.12708984375,-0.7383708007435186
0.127109375,-0.24742469664207273
0.12712890625,0.2005908596271654
0.1271484375,0.24937897586881347
0.12716796875,0.02186143139678539
0.1271875,-0.08953402152374676
0.12720703125,-0.035108120272956525
0.1272265625,-0.08133486092578937
0.12724609375,-0.1960597472545889
0.127265625,-0.16052689399229497
0.12728515625,0.17447609278793808
0.1273046875,0.4924665960031659
0.12732421875,0.4341510546209686
0.12734375,0.298680978118521
0.12736328125,0.03925622217100238
0.1273828125,-0.25636208682181527
0.12740234375,-0.2102062971604226
0.127421875,-0.09875534125355159
0.12744140625,0.09207757452192572
0.1274609375,0.21205079803633528
0.12748046875,0.0637972476347049
0.1275,0.11224521163794582
0.12751953125,0.15330972950027785
0.1275390625,-0.02035468683686016
0.12755859375,-0.24561802789307807
0.127578125,-0.5759265497563587
0.12759765625,-0.5859292044888328
0.1276171875,-0.2905663573989057
0.12763671875,-0.20547456031461775
0.12765625,-0.3053691475277576
0.12767578125,-0.4948502367797788
0.1276953125,-0.42631779931675345
0.12771484375,-0.18655615883826288
0.127734375,-0.5399146087513913
0.12775390625,-0.945945644048339
0.1277734375,-0.8429672399473327
0.12779296875,-0.73646387243189
0.1278125,-0.6248107356302807
0.12783203125,-0.8051386074189285
0.1278515625,-1.1362220384839417
0.12787109375,-0.7826498547508881
0.127890625,-0.5373483517351392
0.12791015625,-0.7071509684021853
0.1279296875,-0.44818271342785176
0.12794921875,-0.23732102148963075
0.12796875,-0.3937794153905282
0.12798828125,-0.53128158010385
0.1280078125,-0.5682404751241596
0.12802734375,-0.3894579374793256
0.128046875,-0.30043045587249995
0.12806640625,-0.36493609382680525
0.1280859375,-0.2472552173158229
0.12810546875,-0.1266478506226681
0.128125,-0.048553319511995034
0.12814453125,0.01631941848413561
0.1281640625,-0.03806844030340967
0.12818359375,-0.29080754240960655
0.128203125,-0.6126429508030737
0.12822265625,-0.5857522666895175
0.1282421875,-0.5509516806131486
0.12826171875,-0.7484503967779406
0.12828125,-0.7304358458323855
0.12830078125,-0.7805942578249802
0.1283203125,-0.9090241703301914
0.12833984375,-0.6286508594801836
0.128359375,-0.3598600733870536
0.12837890625,-0.41988367467072407
0.1283984375,-0.5419853981011334
0.12841796875,-0.533478957417257
0.1284375,-0.3132987080298958
0.12845703125,-0.19676109213848364
0.1284765625,-0.23788438823447183
0.12849609375,-0.13487153943954477
0.128515625,0.025872586380463865
0.12853515625,0.16905356854889783
0.1285546875,0.12463958258298305
0.12857421875,0.01660965821003204
0.12859375,0.18634213871882538
0.12861328125,0.2576429760427501
0.1286328125,0.11363750597364133
0.12865234375,-0.02201555055564374
0.128671875,-0.13411748945692173
0.12869140625,-0.1506876962808133
0.1287109375,-0.25415371255103486
0.12873046875,-0.37109250584682135
0.12875,-0.2647013835237883
0.12876953125,-0.14521193169028812
0.1287890625,0.004786668894841991
0.12880859375,0.06929119162127564
0.128828125,-0.06598241745318166
0.12884765625,-0.10381820302532549
0.1288671875,-0.18455168439686556
0.12888671875,-0.26908209340182954
0.12890625,-0.3847082217368899
0.12892578125,-0.7641263580569277
0.1289453125,-0.9690197022300586
0.12896484375,-1.0009105676657992
0.128984375,-0.8682192962884516
0.12900390625,-0.5976076520462693
0.1290234375,-0.7339388654977537
0.12904296875,-0.6842830186749216
0.1290625,-0.3266174055267733
0.12908203125,-0.38499291035374145
0.1291015625,-0.47072054875046976
0.12912109375,-0.4502849144782771
0.129140625,-0.3181365150481147
0.12916015625,-0.0724487476548871
0.1291796875,-0.2106156976963133
0.12919921875,-0.21350940534414728
0.12921875,0.10287301904677448
0.12923828125,0.07510585006146644
0.1292578125,-0.14324632125488285
0.12927734375,-0.17539879802767458
0.129296875,-0.11910034814463731
0.12931640625,-0.43401357355820347
0.1293359375,-0.8489966812896304
0.12935546875,-0.7512988161756947
0.129375,-0.5275829738885821
0.12939453125,-0.3504289848877328
0.1294140625,-0.16668323516679184
0.12943359375,-0.18867393575401126
0.129453125,-0.18116587301458523
0.12947265625,-0.14229119767100204
0.1294921875,-0.08848278597874698
0.12951171875,0.08759806196135836
0.12953125,0.047692498427806804
0.12955078125,0.01613515263762385
0.1295703125,-0.05711128303260747
0.12958984375,-0.3984302723289054
0.129609375,-0.2942593868782539
0.12962890625,-0.11424487323212829
0.1296484375,-0.2883140369183459
0.12966796875,-0.24764386720187614
0.1296875,-0.04411362474626812
0.12970703125,0.3248917679304504
0.1297265625,0.4499143536926665
0.12974609375,0.15466336883699416
0.129765625,0.24948626362263215
0.12978515625,0.38534346695668875
0.1298046875,0.2169023875806114
0.12982421875,0.11165677566882147
0.12984375,0.041489455785028724
0.12986328125,-0.04131411211385225
0.1298828125,-0.22386767059327908
0.12990234375,-0.042222655004415216
0.129921875,0.33666909656996286
0.12994140625,-0.1867940902128439
0.1299609375,-0.666944134732161
0.12998046875,-0.19842149619703156
0.13,-0.006512311108868931
0.13001953125,-0.11894206558853915
0.1300390625,0.0764302683987361
0.13005859375,0.22792873450322115
0.130078125,0.31940657590035787
0.13009765625,0.15531164646325224
0.1301171875,-0.10516238008137542
0.13013671875,0.11073814459157749
0.13015625,0.18779083875211575
0.13017578125,-0.04785963141694542
0.1301953125,0.009333931452922245
0.13021484375,0.15315471805571795
0.130234375,0.13954923073295464
0.13025390625,-0.01019754432741515
0.1302734375,-0.09031874252033827
0.13029296875,-0.05140463684163071
0.1303125,-0.12346085900643648
0.13033203125,0.07290591304910779
0.1303515625,0.17898316775194084
0.13037109375,-0.20829128268901803
0.130390625,-0.18645632133343254
0.13041015625,-0.0025269570218661684
0.1304296875,-0.12571624287523608
0.13044921875,-0.08829565133108172
0.13046875,-0.014677096114931266
0.13048828125,0.15984411899654824
0.1305078125,0.29295296839291957
0.13052734375,0.15607328217797392
0.130546875,0.3516060952109884
0.13056640625,0.6218511313390411
0.1305859375,0.5116370271889408
0.13060546875,0.3552153618543981
0.130625,0.31773332520377084
0.13064453125,0.481734466899832
0.1306640625,0.6705146687528873
0.13068359375,0.6500707256470437
0.130703125,0.4829657976540461
0.13072265625,0.36518646456819837
0.1307421875,0.44394286937629646
0.13076171875,0.38668177128786324
0.13078125,0.24997044093113382
0.13080078125,0.4368591961715451
0.1308203125,0.4836072549463318
0.13083984375,0.196812548963337
0.130859375,0.11298584444657082
0.13087890625,0.28120156390576545
0.1308984375,0.48984570511856507
0.13091796875,0.5188209187556669
0.1309375,0.2695492921513064
0.13095703125,-0.05498250733978856
0.1309765625,-0.33720803828816714
0.13099609375,-0.3211075384983715
0.131015625,-0.22074283466855946
0.13103515625,-0.540766456706496
0.1310546875,-0.8900113077549392
0.13107421875,-0.9019361522347334
0.13109375,-0.6068433693276992
0.13111328125,-0.23261900339203717
0.1311328125,-0.16387124481877804
0.13115234375,-0.14503648612595926
0.131171875,0.07773427773907701
0.13119140625,0.27666957335342024
0.1312109375,0.41971817513214854
0.13123046875,0.3793366558648592
0.13125,0.2304769816704133
0.13126953125,0.4214737701417943
0.1312890625,0.516607863027249
0.13130859375,0.2469669490225997
0.131328125,0.36465346793432507
0.13134765625,0.6174359255884782
0.1313671875,0.42640968973267435
0.13138671875,0.34447656332119364
0.13140625,0.5505692785152417
0.13142578125,0.5455827699159023
0.1314453125,0.2793391370259406
0.13146484375,0.19258392676779718
0.131484375,0.2620649274597378
0.13150390625,0.03761844293978768
0.1315234375,-0.1379719145506758
0.13154296875,0.12635426698405738
0.1315625,0.30031894808269227
0.13158203125,0.008442332396589786
0.1316015625,-0.20777217917561547
0.13162109375,0.0510671591737325
0.131640625,0.1326906773192058
0.13166015625,-0.0882594759071931
0.1316796875,-0.0024198403038924454
0.13169921875,0.21607810907506908
0.13171875,0.23604739027079258
0.13173828125,0.05560155304051795
0.1317578125,-0.011860315472791122
0.13177734375,0.27501135416651534
0.131796875,0.5305525364783139
0.13181640625,0.5783466711459863
0.1318359375,0.3810465760750845
0.13185546875,0.06226994489892166
0.131875,0.11217208885440927
0.13189453125,0.3714905318335179
0.1319140625,0.3884790876392299
0.13193359375,0.20256415924218787
0.131953125,0.15145418124271887
0.13197265625,0.29865070253478676
0.1319921875,0.19686353232096257
0.13201171875,-0.11432651798263482
0.13203125,-0.1431307983461742
0.13205078125,0.28577906856384394
0.1320703125,0.7590308673878435
0.13208984375,0.5793643359476539
0.132109375,0.33575297919023084
0.13212890625,0.5584367646223369
0.1321484375,0.5538372736231242
0.13216796875,0.3229464589825492
0.1321875,0.02603411986087222
0.13220703125,-0.08419688830538816
0.1322265625,0.20873867105495403
0.13224609375,0.31483381722370907
0.132265625,0.3964532954755613
0.13228515625,0.5885097023291707
0.1323046875,0.5849017467898759
0.13232421875,0.7069564985211829
0.13234375,0.9006258453350198
0.13236328125,0.8212755824242602
0.1323828125,0.4082208695958515
0.13240234375,0.027148349033521625
0.132421875,0.1835139414868167
0.13244140625,0.40029786451356236
0.1324609375,0.13863158067013498
0.13248046875,-0.2949799023356294
0.1325,-0.5163038933297874
0.13251953125,-0.23744283656278384
0.1325390625,0.146434315907267
0.13255859375,0.13061486651954263
0.132578125,0.31089125462427925
0.13259765625,0.6953625346066112
0.1326171875,0.7883046154886106
0.13263671875,0.8699878679767132
0.13265625,0.8117290751078502
0.13267578125,0.586706735979638
0.1326953125,0.5174557169957023
0.13271484375,0.5050232335784947
0.132734375,0.5617441643984757
0.13275390625,0.47870104943685077
0.1327734375,0.2822943640339243
0.13279296875,0.2899626227291265
0.1328125,0.2710003448769168
0.13283203125,0.35236125004536245
0.1328515625,0.5767647991590501
0.13287109375,0.5743560645777916
0.132890625,0.4613141153430916
0.13291015625,0.3563187318005121
0.1329296875,0.42629569324419403
0.13294921875,0.4683779695789922
0.13296875,-0.04010273066276357
0.13298828125,-0.4399732058228689
0.1330078125,-0.28575218502215244
0.13302734375,-0.20742484015474505
0.133046875,-0.24880798284934186
0.13306640625,-0.29110731244502197
0.1330859375,-0.42096183012656235
0.13310546875,-0.32108355647039194
0.133125,-0.04403998631176166
0.13314453125,0.13290179982471603
0.1331640625,0.22708285778837828
0.13318359375,0.06309284645427933
0.133203125,-0.013749679830436595
0.13322265625,0.4304674334563332
0.1332421875,0.6671200290238715
0.13326171875,0.41078652571608565
0.13328125,0.19364619353695728
0.13330078125,0.0825025631254102
0.1333203125,0.03757519350373483
0.13333984375,0.11110335937339695
0.133359375,0.2656781922948943
0.13337890625,0.20595471272464863
0.1333984375,-0.0853248365409634
0.13341796875,-0.008726122915237125
0.1334375,0.3242646028205861
0.13345703125,0.4115107105581162
0.1334765625,0.3516218438508414
0.13349609375,0.3566727540003045
0.133515625,0.44926919541227367
0.13353515625,0.33514106869697224
0.1335546875,0.12236673473532593
0.13357421875,0.2309184281895335
0.13359375,0.28851837166784167
0.13361328125,0.2827852343181876
0.1336328125,0.42876062889746713
0.13365234375,0.17477061689527137
0.133671875,-0.08713902766766482
0.13369140625,0.10498249691835577
0.1337109375,0.06471653425484915
0.13373046875,-0.07020124422862466
0.13375,0.13520118916912294
0.13376953125,0.3852303692481926
0.1337890625,0.5036980463427339
0.13380859375,0.4571153137795086
0.133828125,0.266937859178236
0.13384765625,-0.02185600545663477
0.1338671875,-0.286172655394994
0.13388671875,-0.30256877896047507
0.13390625,-0.15840977441239973
0.13392578125,-0.1487518651430273
0.1339453125,-0.295363903907727
0.13396484375,-0.2932836468863967
0.133984375,-0.1824897637833568
0.13400390625,-0.18280500682820758
0.1340234375,0.015932432825722487
0.13404296875,0.24191332282841077
0.1340625,0.02871665010307364
0.13408203125,0.009932023217421315
0.1341015625,0.3896006161985735
0.13412109375,0.4029998282121784
0.134140625,0.17774153110484733
0.13416015625,0.18284670358341099
0.1341796875,0.22950120725429268
0.13419921875,0.050753889607497306
0.13421875,-0.18737864620498962
0.13423828125,-0.1496741075545141
0.1342578125,-0.04306651382903478
0.13427734375,-0.03896666873466347
0.134296875,0.0017076655543692022
0.13431640625,0.06833030059994348
0.1343359375,0.1851660656778583
0.13435546875,0.12066384100542274
0.134375,-0.1635069401788356
0.13439453125,-0.22903501519184657
0.1344140625,-0.038564937961900386
0.13443359375,0.12237699431408457
0.134453125,0.1340719590211991
0.13447265625,0.0826717349223556
0.1344921875,0.09610120509853036
0.13451171875,0.23545764915308712
0.13453125,0.23614427759487708
0.13455078125,0.041964038211387264
0.1345703125,0.2741877215309799
0.13458984375,0.5680181654967252
0.134609375,0.2238961675233989
0.13462890625,0.03844987362519789
0.1346484375,0.3719255029457569
0.13466796875,0.5167007928182628
0.1346875,0.3886733462480377
0.13470703125,0.41643907207080166
0.1347265625,0.5478043101610872
0.13474609375,0.3876029152505451
0.134765625,0.15449035312118312
0.13478515625,0.1965501531631553
0.1348046875,0.15569605235567152
0.13482421875,-0.09923572438321684
0.13484375,-0.22080171986873495
0.13486328125,-0.23004691329658594
0.1348828125,-0.29702034311297765
0.13490234375,-0.2876616326558722
0.134921875,-0.2146951668452038
0.13494140625,-0.28857776998265106
0.1349609375,-0.3394750988190789
0.13498046875,-0.3949231020518203
0.135,-0.6467317425172463
0.13501953125,-0.7302798636319723
0.1350390625,-0.7894349378680241
0.13505859375,-0.9649725835960568
0.135078125,-0.8584294192756847
0.13509765625,-0.8138976320637303
0.1351171875,-0.7940170180884059
0.13513671875,-0.39471788348768655
0.13515625,0.013033615513428923
0.13517578125,0.15997575365221983
0.1351953125,0.02598698086440701
0.13521484375,-0.12237944627170022
0.135234375,-0.16747110676362004
0.13525390625,-0.30621718447892543
0.1352734375,-0.21879502699668466
0.13529296875,-0.004142859381017702
0.1353125,-0.18413742446334735
0.13533203125,-0.3586138933657888
0.1353515625,-0.247368546874088
0.13537109375,-0.307557370229975
0.135390625,-0.4579559230852437
0.13541015625,-0.4334977208421418
0.1354296875,-0.3835247690756234
0.13544921875,-0.39486825734454345
0.13546875,-0.3326455034940584
0.13548828125,-0.21423121467707754
0.1355078125,-0.30305656588731633
0.13552734375,-0.20197988092220814
0.135546875,0.10040541764397803
0.13556640625,-0.1728107998937708
0.1355859375,-0.5457132062427742
0.13560546875,-0.5658270883314473
0.135625,-0.6449341290647348
0.13564453125,-0.6180793543391211
0.1356640625,-0.4890130369404698
0.13568359375,-0.5466643869096803
0.135703125,-0.6514574503856976
0.13572265625,-0.6377392242037836
0.1357421875,-0.5989086431138644
0.13576171875,-0.7797483534954203
0.13578125,-1.074577257430128
0.13580078125,-1.0961465959317298
0.1358203125,-0.8726396176425057
0.13583984375,-0.6967027003730627
0.135859375,-0.6339963652247689
0.13587890625,-0.6861311138439026
0.1358984375,-0.6820209073226748
0.13591796875,-0.2262330082117498
0.1359375,0.19259290923368966
0.13595703125,-0.026016139139031176
0.1359765625,-0.23969226427306625
0.13599609375,-0.14838046981276895
0.136015625,0.031464688617051144
0.13603515625,0.14194476155189292
0.1360546875,-0.1605409130162494
0.13607421875,-0.5457656379234668
0.13609375,-0.7059471882200888
0.13611328125,-0.6016154023553332
0.1361328125,-0.34478391543087195
0.13615234375,-0.6139596555517077
0.136171875,-0.9595082908138353
0.13619140625,-0.7075824393578735
0.1362109375,-0.5318376203664796
0.13623046875,-0.5915885716275776
0.13625,-0.5401222045543151
0.13626953125,-0.47497035367746165
0.1362890625,-0.41208472880139957
0.13630859375,-0.36159215775979775
0.136328125,-0.4301961417242408
0.13634765625,-0.46596923762601233
0.1363671875,-0.17078125360955282
0.13638671875,0.14654674280146057
0.13640625,-0.023753480468317725
0.13642578125,-0.3656210073341336
0.1364453125,-0.4538506172630258
0.13646484375,-0.25106593230191093
0.136484375,0.05036555589869453
0.13650390625,0.0707534727842049
0.1365234375,-0.013752135178806087
0.13654296875,0.15588047644289005
0.1365625,0.35891600640960797
0.13658203125,0.28297675490312524
0.1366015625,0.032399210929252284
0.13662109375,0.0009075927986003235
0.136640625,0.11419084732174743
0.13666015625,0.12641896331616786
0.1366796875,0.05252396787893028
0.13669921875,-0.04965035649489339
0.13671875,0.03640160009516764
0.13673828125,0.0721624964683789
0.1367578125,-0.07078442676836305
0.13677734375,-0.1067320487250554
0.136796875,-0.26269380360691974
0.13681640625,-0.5036338702111975
0.1368359375,-0.6170593180799396
0.13685546875,-0.6092023759125653
0.136875,-0.456736472205957
0.13689453125,-0.576848279077441
0.1369140625,-0.8422380259017113
0.13693359375,-0.6474790329652029
0.136953125,-0.42345602027306717
0.13697265625,-0.4422296816051086
0.1369921875,-0.3162611001573993
0.13701171875,-0.416433113312171
0.13703125,-0.7935035834245446
0.13705078125,-0.7034979364161734
0.1370703125,-0.3964513185301765
0.13708984375,-0.4825532164060295
0.137109375,-0.824775364890501
0.13712890625,-0.9085816258508719
0.1371484375,-0.3930728871302008
0.13716796875,-0.1273960078179697
0.1371875,-0.5873772728164286
0.13720703125,-0.5977962260226002
0.1372265625,-0.1540447757256138
0.13724609375,-0.19964580799439882
0.137265625,-0.3984445110013214
0.13728515625,-0.39616572850936843
0.1373046875,-0.42665942078852115
0.13732421875,-0.489292260325738
0.13734375,-0.4446394816317689
0.13736328125,-0.38396191717225164
0.1373828125,-0.42425959577033046
0.13740234375,-0.5132686817472547
0.137421875,-0.5456315190286554
0.13744140625,-0.41709816634689134
0.1374609375,-0.43110325780956005
0.13748046875,-0.6167955929293725
0.1375,-0.6009700148073083
0.13751953125,-0.7106000916459574
0.1375390625,-0.8486421236025959
0.13755859375,-0.564189009137197
0.137578125,-0.3753867241478464
0.13759765625,-0.48838562657848195
0.1376171875,-0.6325582571053203
0.13763671875,-0.7260502718062294
0.13765625,-0.5684791332305011
0.13767578125,-0.2249077626975535
0.1376953125,0.07555882829200238
0.13771484375,0.06501931582305343
0.137734375,-0.2207360675851809
0.13775390625,-0.2776181475566439
0.1377734375,-0.11296306138411985
0.13779296875,0.063556235846005
0.1378125,0.1976452194592388
0.13783203125,0.24263215243065311
0.1378515625,0.32907213085642134
0.13787109375,0.2250433986110046
0.137890625,-0.05125302548616081
0.13791015625,0.04776888929392829
0.1379296875,0.25449081985600125
0.13794921875,0.19872166471959088
0.13796875,0.10504240414064617
0.13798828125,-0.11604789174144864
0.1380078125,-0.305352575382425
0.13802734375,-0.15638330563540118
0.138046875,0.02848750561179915
0.13806640625,0.2477920339429198
0.1380859375,0.3553530826393189
0.13810546875,0.01925915206626748
0.138125,-0.09370524930632096
0.13814453125,0.08852443449643654
0.1381640625,0.06956132769185044
0.13818359375,0.14327867801407382
0.138203125,0.1827018404826301
0.13822265625,0.058262022752406245
0.1382421875,0.009355311654114587
0.13826171875,0.02322909599301355
0.13828125,0.17071576645110872
0.13830078125,0.10345563884464891
0.1383203125,-0.2718131001015607
0.13833984375,-0.3848059833122347
0.138359375,-0.16948954774749228
0.13837890625,0.028598597794275142
0.1383984375,-0.07242765207600993
0.13841796875,-0.1316689625686052
0.1384375,0.15740625246122067
0.13845703125,0.28191861276371344
0.1384765625,0.29262294338822337
0.13849609375,0.4511638112496693
0.138515625,0.4786175618959417
0.13853515625,0.46092048291569787
0.1385546875,0.5172740353367695
0.13857421875,0.6569856190200816
0.13859375,0.71219238254076
0.13861328125,0.40253286940402194
0.1386328125,0.30055703311088333
0.13865234375,0.5636945355275687
0.138671875,0.5248871572295207
0.13869140625,0.3544466914864975
0.1387109375,0.4501204813861486
0.13873046875,0.6265352029660559
0.13875,0.5795009471800175
0.13876953125,0.3515878640140637
0.1387890625,0.29719682705847306
0.13880859375,0.23859147214662288
0.138828125,-0.10490403638434208
0.13884765625,-0.18650389946188278
0.1388671875,0.031218007451289664
0.13888671875,-0.13374308630821402
0.13890625,-0.3661105478562125
0.13892578125,-0.33907630495173846
0.1389453125,-0.2907495787151846
0.13896484375,-0.17464942443939577
0.138984375,-0.289777041109905
0.13900390625,-0.31406472717604295
0.1390234375,0.11060644163841865
0.13904296875,0.12234455544363021
0.1390625,-0.18486932341103432
0.13908203125,-0.22357677554353658
0.1391015625,-0.04710500633693926
0.13912109375,0.21239724749552152
0.139140625,0.18404761657551877
0.13916015625,0.0797429456811783
0.1391796875,0.08405966831729889
0.13919921875,-0.09297030382313241
0.13921875,-0.0355503614308904
0.13923828125,0.14907879990364034
0.1392578125,0.016030078011227477
0.13927734375,0.11128599630108527
0.139296875,0.3463268073840914
0.13931640625,0.2610325626588329
0.1393359375,0.2781783212598353
0.13935546875,0.37332490052288836
0.139375,0.1909985003253666
0.13939453125,0.09149755879602413
0.1394140625,0.23850420618692436
0.13943359375,0.39031332245614314
0.139453125,0.5016730568884787
0.13947265625,0.5767089308698193
0.1394921875,0.5872368840052948
0.13951171875,0.35299844196028685
0.13953125,0.08907406452332502
0.13955078125,0.23370030270295905
0.1395703125,0.33769897914406605
0.13958984375,0.07630949804723006
0.139609375,-0.10687859201044053
0.13962890625,-0.1086091539413928
0.1396484375,-0.1499320609894928
0.13966796875,-0.10307383715742834
0.1396875,0.1158092104932757
0.13970703125,0.11294334919338082
0.1397265625,-0.28686438563428884
0.13974609375,-0.5796804473271842
0.139765625,-0.32674563259925954
0.13978515625,0.057255261012266974
0.1398046875,0.20248522014822568
0.13982421875,0.2844025624572198
0.13984375,0.13012393329829622
0.13986328125,-0.12496716422093516
0.1398828125,-0.06975884921577695
0.13990234375,0.1496500506710327
0.139921875,0.2926027379158089
0.13994140625,0.14863964187386933
0.1399609375,-0.030159135683657617
0.13998046875,0.05825546173131498
0.14,0.11890049166133994
0.14001953125,0.1479156638086804
0.1400390625,0.12866152458708618
0.14005859375,0.0254839105109168
0.140078125,0.18554005664982204
0.14009765625,0.2918625811251837
0.1401171875,0.14576420711625648
0.14013671875,0.047043068419468786
0.14015625,-0.1003739192764164
0.14017578125,0.09286397986576228
0.1401953125,0.41517784834150845
0.14021484375,0.003194025393282951
0.140234375,-0.42437836219539704
0.14025390625,-0.23682713594110744
0.1402734375,0.16407679632564953
0.14029296875,0.40721818835468976
0.1403125,0.2173327810723069
0.14033203125,0.009876885132147645
0.1403515625,0.033159706230962024
0.14037109375,0.12522943552389548
0.140390625,0.3595487027155172
0.14041015625,0.38996096278508663
0.1404296875,0.37867664873929097
0.14044921875,0.5951061014153907
0.14046875,0.610424206188442
0.14048828125,0.5758094320082511
0.1405078125,0.6464909577535423
0.14052734375,0.8099746825842125
0.140546875,0.9868114007805956
0.14056640625,0.8754036407721569
0.1405859375,0.8326771003283263
0.14060546875,0.8334431474374489
0.140625,0.5816839336937087
0.14064453125,0.4091201644791192
0.1406640625,0.25792541098314586
0.14068359375,0.09451389104358807
0.140703125,0.10905883026669586
0.14072265625,0.17995178377487497
0.1407421875,0.3009988889581434
0.14076171875,0.4772166817089011
0.14078125,0.704045400162137
0.14080078125,0.9442722163964253
0.1408203125,0.8625597132511225
0.14083984375,0.5821769485608186
0.140859375,0.5858881546138965
0.14087890625,0.5667370060796593
0.1408984375,0.2617254592898002
0.14091796875,0.02004710155239097
0.1409375,-0.07054644573464425
0.14095703125,0.08842868764417047
0.1409765625,0.3362322629086948
0.14099609375,0.25252204257359023
0.141015625,0.14195507527234835
0.14103515625,0.1655692401214384
0.1410546875,0.06813972669621662
0.14107421875,0.036713932385893364
0.14109375,0.07252118946234817
0.14111328125,-0.04281522647176864
0.1411328125,-0.07858338270040348
0.14115234375,0.01981818299341414
0.141171875,0.019479945302973138
0.14119140625,0.06417435413462994
0.1412109375,0.22088077808850168
0.14123046875,0.3285081120369546
0.14125,0.44028780638743914
0.14126953125,0.5491199923565317
0.1412890625,0.6831091661122766
0.14130859375,0.7966841500389893
0.141328125,0.6673002970695405
0.14134765625,0.5851597267079075
0.1413671875,0.5822911528269356
0.14138671875,0.2372109545245806
0.14140625,0.10920825113230168
0.14142578125,0.5591989524774907
0.1414453125,0.7741921420749494
0.14146484375,0.6433193142022238
0.141484375,0.8274369773903324
0.14150390625,1.1806757065825435
0.1415234375,1.113589559312671
0.14154296875,0.8837870583748798
0.1415625,0.811755008529379
0.14158203125,0.5134299611813788
0.1416015625,0.18759169197233533
0.14162109375,0.33097682404861506
0.141640625,0.4539518833932229
0.14166015625,0.06775787519368107
0.1416796875,-0.2593691175713027
0.14169921875,-0.039250677438934616
0.14171875,0.23085838288238986
0.14173828125,0.08872281969116028
0.1417578125,-0.17631514293357523
0.14177734375,-0.1933225592559099
0.141796875,-0.13768335640156476
0.14181640625,-0.3030992871151912
0.1418359375,-0.38849800946003343
0.14185546875,-0.19760055384672393
0.141875,-0.09452713749045312
0.14189453125,-0.1298908965205231
0.1419140625,-0.21369468259342128
0.14193359375,-0.22927539852718945
0.141953125,0.01849621785516129
0.14197265625,0.21874302305515936
0.1419921875,0.22254414478071982
0.14201171875,0.22613853062457462
0.14203125,0.23636676289657932
0.14205078125,0.3431005232536021
0.1420703125,0.4862821052513166
0.14208984375,0.306393407976444
0.142109375,-0.14170726051212285
0.14212890625,-0.21589460787068265
0.1421484375,0.1548189401275344
0.14216796875,0.2232995322491001
0.1421875,0.010962039818410735
0.14220703125,0.025992792661705785
0.1422265625,0.09438240575535105
0.14224609375,0.21101264034544515
0.142265625,0.3682970939661906
0.14228515625,0.11451264522326131
0.1423046875,-0.30405045015709287
0.14232421875,-0.3475134985710365
0.14234375,-0.1685678282579733
0.14236328125,0.01303750821894211
0.1423828125,0.22718738160596672
0.14240234375,0.2936152081529229
0.142421875,0.05758613915922535
0.14244140625,-0.19691776379397327
0.1424609375,-0.08333288722449406
0.14248046875,0.25003490438588716
0.1425,0.3063936217158989
0.14251953125,0.19883412007595866
0.1425390625,0.27844549994436774
0.14255859375,0.34277437141044775
0.142578125,0.3309223982312137
0.14259765625,0.46197294200107397
0.1426171875,0.5025805525882601
0.14263671875,0.27409796966012534
0.14265625,0.22612137813010771
0.14267578125,0.5055375403647412
0.1426953125,0.6163826980190772
0.14271484375,0.39082542055180747
0.142734375,0.17924403012823453
0.14275390625,0.25411645314144427
0.1427734375,0.2763975366193126
0.14279296875,-0.06954268139594211
0.1428125,-0.05101822626807395
0.14283203125,0.441491572837351
0.1428515625,0.328730380460126
0.14287109375,-0.23651345270853974
0.142890625,-0.20482651524166856
0.14291015625,0.31639601849229027
0.1429296875,0.4601591612129399
0.14294921875,0.038149543297459745
0.14296875,-0.30602645298552533
0.14298828125,-0.03819085346065411
0.1430078125,0.23563196108312986
0.14302734375,-0.0914474292207382
0.143046875,-0.27528955418180956
0.14306640625,-0.2259606381535047
0.1430859375,-0.396602052261951
0.14310546875,-0.531598871349361
0.143125,-0.602722068033981
0.14314453125,-0.4813479475325483
0.1431640625,-0.3624504938699936
0.14318359375,-0.44167313562984123
0.143203125,-0.2658237569175875
0.14322265625,-0.045749328067741464
0.1432421875,-0.032446509754106935
0.14326171875,-0.012197829489809209
0.14328125,0.12858745864403168
0.14330078125,0.375822073512819
0.1433203125,0.3923801844659349
0.14333984375,0.21689725787500935
0.143359375,0.24227286757117505
0.14337890625,0.1863562537805046
0.1433984375,-0.14578368923345023
0.14341796875,-0.3513859273281697
0.1434375,-0.33604678342257127
0.14345703125,-0.2039856427033502
0.1434765625,-0.0859174744225899
0.14349609375,-0.19935949894412883
0.143515625,-0.42720726488825567
0.14353515625,-0.5083230042026176
0.1435546875,-0.3906035452539646
0.14357421875,-0.398516964343151
0.14359375,-0.6654030044667247
0.14361328125,-0.7801976572938762
0.1436328125,-0.7275725530742715
0.14365234375,-0.5599886109860749
0.143671875,-0.27015591485573104
0.14369140625,-0.31700366806946967
0.1437109375,-0.5914721659815487
0.14373046875,-0.6926013704645524
0.14375,-0.6526671587386339
0.14376953125,-0.49529059236809986
0.1437890625,-0.24745433476754236
0.14380859375,-0.037641037630891966
0.143828125,-0.16652201369747746
0.14384765625,-0.350048662616708
0.1438671875,-0.1565744697017592
0.14388671875,-0.23599635383150003
0.14390625,-0.6310052326196133
0.14392578125,-0.6242343760233745
0.1439453125,-0.42342674727834373
0.14396484375,-0.42118631805871964
0.143984375,-0.511973051332975
0.14400390625,-0.3249698009700904
0.1440234375,0.0520523280777199
0.14404296875,0.041108099748826565
0.1440625,-0.16090616260209137
0.14408203125,-0.2492942612677404
0.1441015625,-0.3369423336894719
0.14412109375,-0.3420467571582744
0.144140625,-0.33730580817459094
0.14416015625,-0.36377244737827075
0.1441796875,-0.4221389788537714
0.14419921875,-0.42670815348585955
0.14421875,-0.15273187350094697
0.14423828125,0.056372263342300805
0.1442578125,0.02987574209447423
0.14427734375,-0.006915816344566547
0.144296875,-0.2690861276140557
0.14431640625,-0.5654557141394877
0.1443359375,-0.48088614028203824
0.14435546875,-0.33935532153266645
0.144375,-0.4055031002133477
0.14439453125,-0.5785684067466056
0.1444140625,-0.3975295564694213
0.14443359375,0.09670815049648791
0.144453125,-0.03818297054835565
0.14447265625,-0.32218285934122004
0.1444921875,0.04799508671454602
0.14451171875,0.15189597887863987
0.14453125,-0.24794997895347898
0.14455078125,-0.36304582799538093
0.1445703125,-0.21380416062864507
0.14458984375,-0.07549046841872353
0.144609375,0.06492295314787666
0.14462890625,0.0975344524944922
0.1446484375,0.13362982136727558
0.14466796875,0.33638763270477345
0.1446875,0.5140969119261023
0.14470703125,0.47323208110495446
0.1447265625,0.11331080284575729
0.14474609375,-0.027709944022818386
0.144765625,0.30141530304932007
0.14478515625,0.1665551467000226
0.1448046875,-0.3633889563613192
0.14482421875,-0.4157821385809869
0.14484375,-0.20166765255083735
0.14486328125,-0.24862642910072716
0.1448828125,-0.4290492073497381
0.14490234375,-0.5220877243039763
0.144921875,-0.5817923381170511
0.14494140625,-0.5076627337754684
0.1449609375,-0.4760564829354541
0.14498046875,-0.5276458510928155
0.145,-0.39557624965625515
0.14501953125,-0.4747822526365105
0.1450390625,-0.765639923175709
0.14505859375,-0.894436897138063
0.145078125,-0.8991592699375709
0.14509765625,-0.6525328780653178
0.1451171875,-0.4548434901774396
0.14513671875,-0.6234072998463885
0.14515625,-0.6084847122389317
0.14517578125,-0.33297567304968656
0.1451953125,-0.40643776906163953
0.14521484375,-0.5965458171791183
0.145234375,-0.3409617785235032
0.14525390625,-0.11108180219098832
0.1452734375,-0.24667711922452693
0.14529296875,-0.32713186009176237
0.1453125,-0.3431646306024035
0.14533203125,-0.45931528922515863
0.1453515625,-0.4133835407867514
0.14537109375,-0.18551874024330559
0.145390625,-0.2220229880823465
0.14541015625,-0.3917346329341511
0.1454296875,-0.36673990500685516
0.14544921875,-0.3250629227705143
0.14546875,-0.2156937332674837
0.14548828125,-0.07989294837514917
0.1455078125,-0.13001079474473154
0.14552734375,-0.3478782736431853
0.145546875,-0.4399710881720001
0.14556640625,-0.21979603666074132
0.1455859375,-0.08450375280306202
0.14560546875,0.019374409275896544
0.145625,0.15241311460126222
0.14564453125,0.02313804605460868
0.1456640625,-0.008529491811676226
0.14568359375,0.022349780843836587
0.145703125,-0.11380816973602231
0.14572265625,-0.10113717610942252
0.1457421875,0.023350777918406555
0.14576171875,0.08475231208401895
0.14578125,0.07074254147646099
0.14580078125,0.026532592352169804
0.1458203125,0.03206855065506369
0.14583984375,-0.07195574631668358
0.145859375,-0.23148479154816443
0.14587890625,-0.1452479809700238
0.1458984375,0.06765523628400484
0.14591796875,0.27890891294544184
0.1459375,0.39709985624511906
0.14595703125,0.304969307703272
0.1459765625,0.22865716677156758
0.14599609375,0.08273306748257571
0.146015625,-0.19497861594870913
0.14603515625,-0.36663689500215957
0.1460546875,-0.37617655141786527
0.14607421875,-0.06417066325981201
0.14609375,0.31091267884442186
0.14611328125,0.28387228298238065
0.1461328125,0.005029830269028847
0.14615234375,-0.09709001426657549
0.146171875,0.16358463303140075
0.14619140625,0.29817861512138627
0.1462109375,0.0797939787912051
0.14623046875,0.04216073712205231
0.14625,0.14845903483672046
0.14626953125,0.10798188145784858
0.1462890625,0.07292831957313653
0.14630859375,0.11781175222260769
0.146328125,0.31440672079660886
0.14634765625,0.43260419648670945
0.1463671875,0.19755015206329465
0.14638671875,-0.05526261252768312
0.14640625,-0.15315187499885552
0.14642578125,-0.06179036399416138
0.1464453125,0.1814854152936905
0.14646484375,0.3429243201571904
0.146484375,0.41756483151390156
0.14650390625,0.409970638818924
0.1465234375,0.5136033094125113
0.14654296875,0.7392327617021635
0.1465625,0.7596849846240945
0.14658203125,0.5577755665902754
0.1466015625,0.42948303724336
0.14662109375,0.6960660457467731
0.146640625,0.8235894335384363
0.14666015625,0.5078737564051126
0.1466796875,0.4882168707242988
0.14669921875,0.5556016024951551
0.14671875,0.24955632852604198
0.14673828125,0.03873194256324905
0.1467578125,0.08135222218722349
0.14677734375,0.18083593914157656
0.146796875,0.21616884051421872
0.14681640625,0.2247342036400278
0.1468359375,0.23557894404536062
0.14685546875,-0.07006411370741314
0.146875,-0.3334455797604571
0.14689453125,-0.04652075995600521
0.1469140625,0.140653905957643
0.14693359375,0.026979645425048063
0.146953125,-0.07365771437109095
0.14697265625,-0.07649831694989556
0.1469921875,0.2269607421021365
0.14701171875,0.3426618681996211
0.14703125,0.22641624571748592
0.14705078125,0.35838721116865685
0.1470703125,0.42874712407270577
0.14708984375,0.5468536528056398
0.147109375,0.5646359982171258
0.14712890625,0.24951422550122593
0.1471484375,0.42880478968510793
0.14716796875,0.623713507101893
0.1471875,-0.056764051878031185
0.14720703125,-0.4688172484575651
0.1472265625,-0.034990815782733074
0.14724609375,0.22848616294027957
0.147265625,0.0190481504251862
0.14728515625,-0.11849495416335716
0.1473046875,0.05909189846461488
0.14732421875,0.18335173475835131
0.14734375,0.07262404641174085
0.14736328125,0.16391260252850265
0.1473828125,0.43940502112628543
0.14740234375,0.4827252715039537
0.147421875,0.3517959815512637
0.14744140625,0.3106550227982862
0.1474609375,0.34957871531117973
0.14748046875,0.3903922387996425
0.1475,0.5386877725104142
0.14751953125,0.6459691102285956
0.1475390625,0.6101811825970849
0.14755859375,0.5672061680030588
0.147578125,0.4801779478931858
0.14759765625,0.40001602389251406
0.1476171875,0.3100805060111139
0.14763671875,0.18038085689051578
0.14765625,-0.007355184094223935
0.14767578125,-0.17947445530823988
0.1476953125,-0.16566041874577447
0.14771484375,-0.2529831066993836
0.147734375,-0.31389756224121546
0.14775390625,-0.05935077071874964
0.1477734375,0.14170047849382073
0.14779296875,0.23894408588488178
0.1478125,0.2915771084703638
0.14783203125,0.18165161513301642
0.1478515625,0.11627863413821637
0.14787109375,0.12179517593171282
0.147890625,-0.03441466151956145
0.14791015625,-0.14556226833509797
0.1479296875,0.04045622149656403
0.14794921875,0.24601975252626568
0.14796875,0.29969786877996074
0.14798828125,0.20782065718095835
0.1480078125,0.003232997453197519
0.14802734375,0.1304260383006272
0.148046875,0.5535334422497559
0.14806640625,0.5578740614190905
0.1480859375,0.12594581569033617
0.14810546875,-0.0964672744450232
0.148125,0.09549827635048032
0.14814453125,0.2671702018342322
0.1481640625,0.16559088182507326
0.14818359375,0.04079628082539616
0.148203125,0.055017847714174076
0.14822265625,0.07915713986550357
0.1482421875,0.09699221737332558
0.14826171875,0.25012961205059236
0.14828125,0.36055191404913767
0.14830078125,0.410076255073389
0.1483203125,0.7334205240886957
0.14833984375,0.8639782520677546
0.148359375,0.5159100677621113
0.14837890625,0.5131626480800326
0.1483984375,0.8324794233275477
0.14841796875,0.8855416960568927
0.1484375,0.7441009244670469
0.14845703125,0.476305743720245
0.1484765625,0.43851657669593885
0.14849609375,0.6591598493562698
0.148515625,0.62393931503989
0.14853515625,0.5945519876572797
0.1485546875,0.6781808597280974
0.14857421875,0.618692839682129
0.14859375,0.601329995943585
0.14861328125,0.6572219304101201
0.1486328125,0.6903638834910913
0.14865234375,0.6459375103539845
0.148671875,0.671080627545253
0.14869140625,0.8371037774034253
0.1487109375,0.688945229889562
0.14873046875,0.39386408780926796
0.14875,0.4391970354278245
0.14876953125,0.48187968325576397
0.1487890625,0.3247750294092513
0.14880859375,0.17529324493596016
0.148828125,0.11421615226367522
0.14884765625,0.25196862363953965
0.1488671875,0.33865937651528155
0.14888671875,0.09522056539080974
0.14890625,-0.24913358942436956
0.14892578125,-0.44653915691928725
0.1489453125,-0.33733400472543146
0.14896484375,-0.18047187482319954
0.148984375,-0.137425620117122
0.14900390625,0.17181170741374704
0.1490234375,0.494924544167897
0.14904296875,0.44423828548539823
0.1490625,0.3254143050509936
0.14908203125,0.4279117225172336
0.1491015625,0.541389461692328
0.14912109375,0.324368816466652
0.149140625,0.05968326384733502
0.14916015625,0.13093075206145866
0.1491796875,0.2485528170821675
0.14919921875,0.1733961413329254
0.14921875,0.09465564596013741
0.14923828125,0.07218692987786188
0.1492578125,0.13461915960997867
0.14927734375,0.27092788531795425
0.149296875,0.0787353346909103
0.14931640625,-0.2168951111599796
0.1493359375,0.14696530636483568
0.14935546875,0.7823593586887563
0.149375,0.914985100558843
0.14939453125,0.7439493933423479
0.1494140625,0.6397631642028787
0.14943359375,0.5701651767795607
0.149453125,0.47620875619114145
0.14947265625,0.38027027204699937
0.1494921875,0.3065729235703144
0.14951171875,0.23377951624115975
0.14953125,0.180863680171205
0.14955078125,0.26569799932843585
0.1495703125,0.4896913433625223
0.14958984375,0.6322051193427864
0.149609375,0.6353849406938499
0.14962890625,0.49450660138961355
0.1496484375,0.040478346438184876
0.14966796875,-0.3025270311181445
0.1496875,-0.10187637739024563
0.14970703125,0.17327496045451252
0.1497265625,0.20465155555551423
0.14974609375,0.06541446802338408
0.149765625,-0.2153885203419706
0.14978515625,-0.23351147523479204
0.1498046875,0.053199899464937375
0.14982421875,0.03162322982664924
0.14984375,-0.23668953609104648
0.14986328125,-0.30720011271514214
0.1498828125,-0.1695685413907317
0.14990234375,-0.10739830919541746
0.149921875,-0.23628329796678288
0.14994140625,-0.21876869849855185
0.1499609375,-0.03635828658980697
0.14998046875,0.1210114154986523
0.15,0.3716762490497013
0.15001953125,0.5659116295545431
0.1500390625,0.36542059733369614
0.15005859375,-0.03708718913415855
0.150078125,-0.01276185092329482
0.15009765625,0.32274732222116015
0.1501171875,0.32758806568614435
0.15013671875,0.16320938120236425
0.15015625,0.010733154786405158
0.15017578125,-0.16680947102624913
0.1501953125,-0.034110712784563686
0.15021484375,0.11532298046820286
0.150234375,-0.17992389984121718
0.15025390625,-0.5796458866303547
0.1502734375,-0.7226743077321031
0.15029296875,-0.49702228542637406
0.1503125,-0.16646847671359044
0.15033203125,-0.14606401708276104
0.1503515625,-0.16766007621198933
0.15037109375,-0.1281019796749654
0.150390625,-0.13541182885138217
0.15041015625,0.11528965558248037
0.1504296875,0.2852018050110138
0.15044921875,0.13490500584487874
0.15046875,0.0008485718062652206
0.15048828125,0.04576182326179987
0.1505078125,0.4967076145984803
0.15052734375,0.7203938709350999
0.150546875,0.4287730255972657
0.15056640625,0.5396771584803249
0.1505859375,0.6383476268909637
0.15060546875,0.31287438597663303
0.150625,0.3897731948436014
0.15064453125,0.6134758484368894
0.1506640625,0.4538062657545283
0.15068359375,0.258279360383064
0.150703125,0.24442676846760292
0.15072265625,0.37086813499353927
0.1507421875,0.27393267747921596
0.15076171875,0.05757521285888185
0.15078125,0.1678685911841411
0.15080078125,0.13257259565755858
0.1508203125,-0.10458136975780628
0.15083984375,-0.17053207261278835
0.150859375,-0.23555609315935677
0.15087890625,-0.3292825781605213
0.1508984375,-0.35321697055513807
0.15091796875,-0.2240008701458178
0.1509375,-0.13020259347471935
0.15095703125,-0.31622012442470104
0.1509765625,-0.5153534135741681
0.15099609375,-0.4734748399832165
0.151015625,-0.3008176959959
0.15103515625,-0.16018707602633264
0.1510546875,-0.2042464851987287
0.15107421875,-0.5241759571575668
0.15109375,-0.7374904888998288
0.15111328125,-0.680226247210657
0.1511328125,-0.6949225195521231
0.15115234375,-0.605976344451332
0.151171875,-0.3204375527426408
0.15119140625,-0.09373776118056915
0.1512109375,0.10635381540748008
0.15123046875,0.22228664848437063
0.15125,0.22905967063208796
0.15126953125,0.16482810961054073
0.1512890625,0.1530870692390529
0.15130859375,0.34907105761754403
0.151328125,0.3978998541744979
0.15134765625,0.1039597910974721
0.1513671875,-0.31902024278123964
0.15138671875,-0.5310996515296116
0.15140625,-0.25685471142484395
0.15142578125,-0.11397877448091742
0.1514453125,-0.42353095334131785
0.15146484375,-0.41137939608229135
0.151484375,-0.10273910924544191
0.15150390625,-0.10845850301046539
0.1515234375,-0.2871764069655273
0.15154296875,-0.33897163704403077
0.1515625,-0.31290730712806164
0.15158203125,-0.3038538671060805
0.1516015625,-0.34219958628128266
0.15162109375,-0.42937258284940943
0.151640625,-0.6416461718290125
0.15166015625,-0.9313452298020894
0.1516796875,-0.9507327229160041
0.15169921875,-0.7744746245337475
0.15171875,-0.6380985371887586
0.15173828125,-0.6040758583150033
0.1517578125,-0.6802576505846447
0.15177734375,-0.5108723888856117
0.151796875,-0.35752326804185663
0.15181640625,-0.40350333348937284
0.1518359375,-0.2341788409661723
0.15185546875,-0.32779204066519824
0.151875,-0.6592027792169837
0.15189453125,-0.6553332611508242
0.1519140625,-0.6227903105939315
0.15193359375,-0.47669349449148346
0.151953125,-0.26332238574669836
0.15197265625,-0.42764892090767614
0.1519921875,-0.5276484115101123
0.15201171875,-0.43509180227778643
0.15203125,-0.5221750588522528
0.15205078125,-0.5252718888760153
0.1520703125,-0.2271227773552425
0.15208984375,0.007101634398536533
0.152109375,-0.10782464386470746
0.15212890625,-0.26387261333274803
0.1521484375,-0.2528754282101764
0.15216796875,-0.3076116425384007
0.1521875,-0.3530502631037049
0.15220703125,-0.4373099528664589
0.1522265625,-0.6438111810466707
0.15224609375,-0.5503253085601351
0.152265625,-0.4028615352478072
0.15228515625,-0.5480633722910279
0.1523046875,-0.5922087216367704
0.15232421875,-0.5335891332313109
0.15234375,-0.4682964536175237
0.15236328125,-0.35563891057275476
0.1523828125,-0.23914298908285
0.15240234375,-0.016594427413491618
0.152421875,-0.03503457919213762
0.15244140625,-0.2552304684352163
0.1524609375,-0.15347461636794305
0.15248046875,-0.058523950625137
0.1525,-0.20383470017035102
0.15251953125,-0.21016155151058102
0.1525390625,-0.0005184285799549673
0.15255859375,0.10629308959016359
0.152578125,0.06264271288974625
0.15259765625,0.08666185378174289
0.1526171875,0.19337712053272849
0.15263671875,0.35752570452878213
0.15265625,0.48169527475208573
0.15267578125,0.4821818360023219
0.1526953125,0.4704748297247886
0.15271484375,0.5887323577072714
0.152734375,0.6370213104306033
0.15275390625,0.09530540063126919
0.1527734375,-0.6787358813418215
0.15279296875,-0.7704469072903445
0.1528125,-0.4056219764885578
0.15283203125,-0.28832480543130873
0.1528515625,-0.45683171411209567
0.15287109375,-0.6232607287195939
0.152890625,-0.6663600110315752
0.15291015625,-0.7932396383300206
0.1529296875,-0.8417233948896741
0.15294921875,-0.6303044413651582
0.15296875,-0.7383582035304426
0.15298828125,-0.9307819834629865
0.1530078125,-0.7279479694859093
0.15302734375,-0.6964765670597675
0.153046875,-0.740323146751321
0.15306640625,-0.7519722098280754
0.1530859375,-0.9633420304476936
0.15310546875,-0.9604201644485975
0.153125,-0.9473014586542272
0.15314453125,-0.9805521444272833
0.1531640625,-0.7494192371318773
0.15318359375,-0.5619867266895973
0.153203125,-0.3718839995246165
0.15322265625,-0.35061670989430543
0.1532421875,-0.5032133848492891
0.15326171875,-0.4132279719381524
0.15328125,-0.554734658162475
0.15330078125,-0.720835145612611
0.1533203125,-0.5234970968776318
0.15333984375,-0.5870284201567534
0.153359375,-0.712076884257327
0.15337890625,-0.508242171069614
0.1533984375,-0.25668329545038715
0.15341796875,-0.10834116313669179
0.1534375,-0.06754669615343428
0.15345703125,-0.05625140852414005
0.1534765625,-0.21598435436261185
0.15349609375,-0.5984298641932354
0.153515625,-0.7836767145873537
0.15353515625,-0.6195964250682138
0.1535546875,-0.3275149509014622
0.15357421875,-0.31486104149056604
0.15359375,-0.6617060064162661
0.15361328125,-0.6421202900359358
0.1536328125,-0.2075357282155321
0.15365234375,-0.15153997580633033
0.153671875,-0.31671568535042083
0.15369140625,-0.16489938479105298
0.1537109375,-0.030307183448063532
0.15373046875,-0.2657421202705197
0.15375,-0.46148677029172996
0.15376953125,-0.23672157641973382
0.1537890625,0.1512777779627719
0.15380859375,0.17903212294279583
0.153828125,-0.27492633327158467
0.15384765625,-0.5221597790318439
0.1538671875,-0.2789007973871045
0.15388671875,-0.12719777027971402
0.15390625,-0.09774204846834637
0.15392578125,0.012701716605162946
0.1539453125,0.007363440080446544
0.15396484375,-0.10966953542951047
0.153984375,0.0035125219193804375
0.15400390625,0.35832118321757783
0.1540234375,0.32352094525004943
0.15404296875,-0.01555972142784725
0.1540625,0.07448325090453672
0.15408203125,0.42737476578110434
0.1541015625,0.5167925520067093
0.15412109375,0.27326272361160836
0.154140625,-0.010770724987388638
0.15416015625,-0.15448416068815435
0.1541796875,-0.1809846368840017
0.15419921875,0.012815381561883568
0.15421875,0.2613068313338665
0.15423828125,0.17331828694440382
0.1542578125,-0.24936762407570684
0.15427734375,-0.3266260040554533
0.154296875,0.048525008178360036
0.15431640625,0.05655343690096655
0.1543359375,-0.09183164357554034
0.15435546875,0.09256187271884457
0.154375,0.37393724100384507
0.15439453125,0.4141154600971108
0.1544140625,0.07335510480112481
0.15443359375,0.025733679400427784
0.154453125,0.26626716913090476
0.15447265625,0.20078221735171145
0.1544921875,0.15452007594893463
0.15451171875,0.2583697677685166
0.15453125,0.40568664357396644
0.15455078125,0.40870605384380554
0.1545703125,0.21825534276439007
0.15458984375,0.3355987405472629
0.154609375,0.6273583841099051
0.15462890625,0.7086292499063105
0.1546484375,0.7456034038400385
0.15466796875,0.8037365922534674
0.1546875,0.8264651015680751
0.15470703125,0.7691257723101389
0.1547265625,0.7399757341611715
0.15474609375,0.7422969564724469
0.154765625,0.41270216079827793
0.15478515625,-0.013237630386253627
0.1548046875,-0.18568952784006906
0.15482421875,-0.24330997287492329
0.15484375,-0.1954024975374472
0.15486328125,-0.15504120562983262
0.1548828125,-0.18167519587143055
0.15490234375,-0.28821382603726575
0.154921875,-0.513864995009931
0.15494140625,-0.5539246878256409
0.1549609375,-0.3462966466041821
0.15498046875,-0.2187966538615217
0.155,-0.24840511995803907
0.15501953125,-0.2496760802402115
0.1550390625,-0.17272442565002002
0.15505859375,-0.02972153137034523
0.155078125,0.12367168791481566
0.15509765625,0.20149619135918606
0.1551171875,0.4107619974365471
0.15513671875,0.4674063529072796
0.15515625,-0.05341180287507241
0.15517578125,-0.35722622924347774
0.1551953125,-0.09705321700629413
0.15521484375,-0.05370742093205605
0.155234375,-0.2096038986521265
0.15525390625,-0.12470399423718978
0.1552734375,0.053012709536571764
0.15529296875,0.1460775182361007
0.1553125,0.14918433308051943
0.15533203125,0.05298633757196239
0.1553515625,-0.019640111024553104
0.15537109375,0.06730525489535959
0.155390625,0.24421973545793424
0.15541015625,0.39255362816563977
0.1554296875,0.2626079160171919
0.15544921875,-0.011521738659359236
0.15546875,0.08669611643132961
0.15548828125,0.3770307807655073
0.1555078125,0.5118417174858163
0.15552734375,0.18579762778875647
0.155546875,-0.3855413391621876
0.15556640625,-0.32584399456275076
0.1555859375,-0.13456989457081192
0.15560546875,-0.3823703638407576
0.155625,-0.4870882171582697
0.15564453125,-0.4747924050085939
0.1556640625,-0.46057169092374245
0.15568359375,-0.22968469114124188
0.155703125,-0.03464904798740296
0.15572265625,-0.15786934552228887
0.1557421875,-0.5032234217988169
0.15576171875,-0.6689125370357294
0.15578125,-0.3477981360939647
0.15580078125,0.08721930602075528
0.1558203125,0.10281158174297603
0.15583984375,-0.16658233707709869
0.155859375,-0.23492350478832377
0.15587890625,0.054227987196890176
0.1558984375,0.36944372358565347
0.15591796875,0.3951805267590365
0.1559375,0.22247900560553563
0.15595703125,0.11362353459167462
0.1559765625,0.10767296184946512
0.15599609375,-0.09829308147567258
0.156015625,-0.30981942174225846
0.15603515625,-0.004666530627463736
0.1560546875,0.3290688937033245
0.15607421875,0.23815293677430818
0.15609375,0.1572240010172345
0.15611328125,0.2928165484245942
0.1561328125,0.5048230764368078
0.15615234375,0.5725113584048335
0.156171875,0.3722682592666133
0.15619140625,0.11167922695500952
0.1562109375,0.11884051291568463
0.15623046875,0.24995715088391568
0.15625,-0.02751449734012662
0.15626953125,-0.30346178842403004
0.1562890625,-0.05367620419705699
0.15630859375,0.11173594686780568
0.156328125,-0.024400014388820574
0.15634765625,-0.05128594973943988
0.1563671875,0.16789511376577287
0.15638671875,0.4984918996948645
0.15640625,0.5772180268668073
0.15642578125,0.4531212676008626
0.1564453125,0.49767209729309014
0.15646484375,0.5923999808904471
0.156484375,0.5925708405828792
0.15650390625,0.5511498812697176
0.1565234375,0.4368229967709282
0.15654296875,0.350865662161822
0.1565625,0.3785416808400465
0.15658203125,0.5422948340613875
0.1566015625,0.6787850877873829
0.15662109375,0.6675987914343384
0.156640625,0.8424516762214111
0.15666015625,0.9869192763982386
0.1566796875,0.8103927910204378
0.15669921875,0.7772393206830112
0.15671875,0.8366861625776135
0.15673828125,0.797472258397226
0.1567578125,0.8093684816544509
0.15677734375,0.5873916572741114
0.156796875,0.2921561583742899
0.15681640625,0.3955008130924099
0.1568359375,0.5539642255774515
0.15685546875,0.42269209596985713
0.156875,0.05542277653712299
0.15689453125,-0.16758519774255484
0.1569140625,-0.011980117368173879
0.15693359375,-0.02778835054924224
0.156953125,-0.22816842677539118
0.15697265625,-0.24941260479585975
0.1569921875,-0.19540055151671523
0.15701171875,-0.016063256653002518
0.15703125,0.009509967227761533
0.15705078125,-0.23867017084775727
0.1570703125,-0.20279034804065305
0.15708984375,0.19117114404792435
0.157109375,0.4488733111817196
0.15712890625,0.20299059387058993
0.1571484375,-0.05593823878944055
0.15716796875,0.18885153346334713
0.1571875,0.32921271126496165
0.15720703125,0.22361170859332724
0.1572265625,0.34107703769267783
0.15724609375,0.49286730630904557
0.157265625,0.4169781086686083
0.15728515625,0.24047576316852975
0.1573046875,0.29041079322345725
0.15732421875,0.3624898714677613
0.15734375,0.1484997527955417
0.15736328125,0.08391724188675127
0.1573828125,0.12099481320832073
0.15740234375,0.0486786922583016
0.157421875,0.23917755877558647
0.15744140625,0.4009315130327307
0.1574609375,0.3577220048593044
0.15748046875,0.5488276556252957
0.1575,0.6423134922521976
0.15751953125,0.541782062521166
0.1575390625,0.543038725159229
0.15755859375,0.3535534416525475
0.157578125,0.2354851506881822
0.15759765625,0.4131962661910312
0.1576171875,0.33852144450704613
0.15763671875,-0.06560974133367764
0.15765625,-0.32448350166282525
0.15767578125,-0.0869788365981428
0.1576953125,0.1792270722155796
0.15771484375,0.009656269524062153
0.157734375,-0.07592758140317109
0.15775390625,0.06673032532458345
0.1577734375,0.1306659521077622
0.15779296875,-0.02196032462702155
0.1578125,-0.40790017482033447
0.15783203125,-0.6101109240338588
0.1578515625,-0.49286684277932813
0.15787109375,-0.24018168439678333
0.157890625,-0.13136946025848856
0.15791015625,-0.4460011934090048
0.1579296875,-0.6762034327470667
0.15794921875,-0.5753429054532204
0.15796875,-0.4449895599024808
0.15798828125,-0.35604334354761
0.1580078125,-0.3851865316312962
0.15802734375,-0.19152030031341763
0.158046875,0.053937241949111786
0.15806640625,-0.15448428305611636
0.1580859375,-0.0764921761337473
0.15810546875,0.3034595789625566
0.158125,0.21273758021050745
0.15814453125,0.05190393293824901
0.1581640625,0.05207066780163512
0.15818359375,-0.022978355636995476
0.158203125,-0.16199460301566926
0.15822265625,-0.2888642867487467
0.1582421875,-0.09714051276388057
0.15826171875,-0.019933308185471788
0.15828125,-0.3714591777664815
0.15830078125,-0.3649158054039958
0.1583203125,-0.18857837492398086
0.15833984375,-0.23054102836911294
0.158359375,-0.0858150546907971
0.15837890625,0.02718863223286223
0.1583984375,-0.10666008051128234
0.15841796875,-0.30155191427188854
0.1584375,-0.3470471918473573
0.15845703125,-0.29533226751352537
0.1584765625,-0.4077013023311843
0.15849609375,-0.27410685895768194
0.158515625,-0.024400562618833957
0.15853515625,-0.298490586815929
0.1585546875,-0.4494026916379421
0.15857421875,-0.13292720212638087
0.15859375,-0.008357531470451512
0.15861328125,0.07286205604766895
0.1586328125,0.3772076558935067
0.15865234375,0.5294440743434365
0.158671875,0.5135141762810225
0.15869140625,0.38689732514298614
0.1587109375,0.1871255783803143
0.15873046875,0.1786924647236048
0.15875,0.29561213905584927
0.15876953125,0.535611771312551
0.1587890625,0.6773342609331352
0.15880859375,0.32333198063205815
0.158828125,0.11423076213654126
0.15884765625,0.20871366608301187
0.1588671875,0.03466787430244702
0.15888671875,-0.13916400024599887
0.15890625,-0.22726871270782656
0.15892578125,-0.30853826576035875
0.1589453125,-0.34754001481034114
0.15896484375,-0.48759895883546966
0.158984375,-0.388172502325947
0.15900390625,-0.1700488621396209
0.1590234375,-0.3301352280195943
0.15904296875,-0.4563732733922127
0.1590625,-0.2905610963514674
0.15908203125,-0.17856312435940008
0.1591015625,-0.15094456947918125
0.15912109375,-0.10248799164749475
0.159140625,-0.0652093671930788
0.15916015625,-0.05565132850220948
0.1591796875,0.03451853275097563
0.15919921875,0.09961976519777724
0.15921875,-0.13091274687385204
0.15923828125,-0.1938570133239452
0.1592578125,0.1255904541106087
0.15927734375,0.24224976886270042
0.159296875,0.18423570901027292
0.15931640625,0.12061136310224363
0.1593359375,-0.030282066092735475
0.15935546875,-0.16176074291762804
0.159375,-0.311411360537749
0.15939453125,-0.38470827944364283
0.1594140625,-0.3606629375258436
0.15943359375,-0.423993976197893
0.159453125,-0.37281940505003663
0.15947265625,-0.20854722780210264
0.1594921875,-0.20779290684224888
0.15951171875,-0.1586804627594603
0.15953125,0.05320910251349727
0.15955078125,0.03846312282215206
0.1595703125,-0.17127255903810829
0.15958984375,-0.09265562439796823
0.159609375,0.060450259990695955
0.15962890625,-0.07205115371053816
0.1596484375,-0.2235889933312883
0.15966796875,-0.30533611269027655
0.1596875,-0.29387947557242305
0.15970703125,-0.31483219189323874
0.1597265625,-0.44667823247157185
0.15974609375,-0.29197291447740925
0.159765625,-0.3253118501327062
0.15978515625,-0.6886001415092164
0.1598046875,-0.5258058813083795
0.15982421875,-0.264515727967099
0.15984375,-0.35900108293224486
0.15986328125,-0.40235149739605064
0.1598828125,-0.39630168833709756
0.15990234375,-0.4499165212782956
0.159921875,-0.5458545436719978
0.15994140625,-0.4802532863539204
0.1599609375,-0.3661911655901101
0.15998046875,-0.47141389216135604
0.16,-0.5792611367444018
0.16001953125,-0.6264876200242859
0.1600390625,-0.6268189959176727
0.16005859375,-0.47876362649373383
0.160078125,-0.2248260745167141
0.16009765625,-0.17179953053248284
0.1601171875,-0.3376267321338437
0.16013671875,-0.26512030367140543
0.16015625,-0.3021406332184764
0.16017578125,-0.8040354665260458
0.1601953125,-1.021928857904379
0.16021484375,-0.7717798202188538
0.160234375,-0.6025374395989267
0.16025390625,-0.6022806481252077
0.1602734375,-0.6129866332158406
0.16029296875,-0.3924046742388934
0.1603125,-0.15286110399940323
0.16033203125,-0.3131271160245721
0.1603515625,-0.3857705566609864
0.16037109375,-0.1399453201217825
0.160390625,0.10771104062198278
0.16041015625,0.19462616719421016
0.1604296875,0.07968358475603747
0.16044921875,0.18017004762483813
0.16046875,0.23824454874935397
0.16048828125,0.034083868739130885
0.1605078125,0.20120790645707246
0.16052734375,0.2513902541694848
0.160546875,-0.02427299368447186
0.16056640625,-0.04096958187784476
0.1605859375,-0.18533081910358434
0.16060546875,-0.43001353641394674
0.160625,-0.31572837878043364
0.16064453125,0.018044391821554623
0.1606640625,0.31786230193761367
0.16068359375,0.23989495479256348
0.160703125,-0.02777198208384775
0.16072265625,-0.0280005277093148
0.1607421875,0.014082939589575762
0.16076171875,-0.06872298982886006
0.16078125,-0.23908130286003954
0.16080078125,-0.33008479847948285
0.1608203125,-0.2162136409827084
0.16083984375,-0.23721837101560017
0.160859375,-0.260212422786104
0.16087890625,-0.1670188329544932
0.1608984375,-0.2807745406879659
0.16091796875,-0.4648839481747572
0.1609375,-0.6565530054273516
0.16095703125,-0.810401927363068
0.1609765625,-0.7792683726791956
0.16099609375,-0.784053904579207
0.161015625,-0.8220218816693843
0.16103515625,-0.7507527946401724
0.1610546875,-0.7212009882343307
0.16107421875,-0.7030639620654762
0.16109375,-0.5855520621386385
0.16111328125,-0.5591195870106725
0.1611328125,-0.5668360492791327
0.16115234375,-0.45930163389099465
0.161171875,-0.5051232699430912
0.16119140625,-0.585758014853039
0.1612109375,-0.33014471993704647
0.16123046875,-0.03003582207063946
0.16125,0.054961141919603995
0.16126953125,0.015198800731759166
0.1612890625,-0.28416169044795897
0.16130859375,-0.6616634567374116
0.161328125,-0.6222452755171773
0.16134765625,-0.33127948712233557
0.1613671875,-0.3052204498155684
0.16138671875,-0.4594560845952057
0.16140625,-0.3335459021201948
0.16142578125,-0.0912495349521748
0.1614453125,-0.1730759913880099
0.16146484375,-0.29706215987996837
0.161484375,-0.22511100089790845
0.16150390625,-0.21474224173351275
0.1615234375,-0.2536946704269568
0.16154296875,-0.30318450209602876
0.1615625,-0.3602366588884795
0.16158203125,-0.2722576910924799
0.1616015625,-0.16679550513336083
0.16162109375,-0.22718661447372013
0.161640625,-0.41735021254832827
0.16166015625,-0.5456213497365741
0.1616796875,-0.40865030592891577
0.16169921875,-0.21728431199025533
0.16171875,-0.20621272858361672
0.16173828125,-0.07827452243444043
0.1617578125,0.17283338498038173
0.16177734375,0.21358329168777695
0.161796875,0.14748779549486724
0.16181640625,0.11801629455270021
0.1618359375,0.11579161516646772
0.16185546875,0.0011617851514277716
0.161875,-0.23365912196076866
0.16189453125,-0.12565474245845543
0.1619140625,0.1428053067409928
0.16193359375,-0.016061871265811316
0.161953125,-0.0840764219946575
0.16197265625,0.26447302572427034
0.1619921875,0.2922550914307544
0.16201171875,0.031786914817344324
0.16203125,0.11511492463246745
0.16205078125,0.45819514206488327
0.1620703125,0.5140440254922881
0.16208984375,0.12613190558380288
0.162109375,-0.0623400894241837
0.16212890625,-0.007346001415892828
0.1621484375,-0.0737623481647796
0.16216796875,-0.02934956327172173
0.1621875,-0.23722378041694012
0.16220703125,-0.7049607738169505
0.1622265625,-0.6732233124782403
0.16224609375,-0.20746217110949441
0.162265625,0.07789093555960051
0.16228515625,-0.018380920856881894
0.1623046875,0.13874728760139104
0.16232421875,0.4919036851081388
0.16234375,0.40085395376241767
0.16236328125,0.4049762981759748
0.1623828125,0.5102471784387
0.16240234375,0.3146633192377992
0.162421875,0.35685787213005465
0.16244140625,0.5976051307344038
0.1624609375,0.7158637365171727
0.16248046875,0.7571998187084494
0.1625,0.6021939096209682
0.16251953125,0.5368248115241641
0.1625390625,0.6286869379021427
0.16255859375,0.5519121652905218
0.162578125,0.5397956313715188
0.16259765625,0.29622369919060243
0.1626171875,-0.06157660099685344
0.16263671875,0.3162030213224998
0.16265625,0.5261870049583802
0.16267578125,0.06774032856036617
0.1626953125,-0.06217482545515594
0.16271484375,0.17889061125881212
0.162734375,0.21807290236903765
0.16275390625,-0.03332110289897508
0.1627734375,-0.049874651813052125
0.16279296875,0.07522513073515123
0.1628125,-0.16406992600144868
0.16283203125,-0.06986167728186105
0.1628515625,0.43533085348291645
0.16287109375,0.37645521656334485
0.162890625,0.04097287950002762
0.16291015625,0.06516013645667955
0.1629296875,0.13084270458659017
0.16294921875,0.06795700856214407
0.16296875,0.030305785705207602
0.16298828125,-0.1605479156012955
0.1630078125,-0.42897117705495047
0.16302734375,-0.4095126853032593
0.163046875,-0.30969370688216563
0.16306640625,-0.3583770993805405
0.1630859375,-0.43173214481906735
0.16310546875,-0.34753356342730557
0.163125,-0.10411600912675165
0.16314453125,-0.04072456459563664
0.1631640625,-0.013749727122712795
0.16318359375,0.19271738265674992
0.163203125,0.22576170627393932
0.16322265625,0.17995135201949042
0.1632421875,0.41122453763695055
0.16326171875,0.5082253863863849
0.16328125,0.15349398764386443
0.16330078125,-0.10056632063084983
0.1633203125,-0.009401340581843734
0.16333984375,0.28409219156483423
0.163359375,0.4647368249768225
0.16337890625,0.18147569646697426
0.1633984375,0.16035963485772572
0.16341796875,0.6874552378920551
0.1634375,0.8491217835722789
0.16345703125,0.5199995868751098
0.1634765625,0.33614134427867914
0.16349609375,0.4722381524713673
0.163515625,0.3869335817964945
0.16353515625,0.17911064216343378
0.1635546875,0.44995530164299724
0.16357421875,0.4255914950546975
0.16359375,-0.13455958818395994
0.16361328125,-0.15923530606526645
0.1636328125,0.0008424264425079542
0.16365234375,-0.1284733646633368
0.163671875,0.10643197865970984
0.16369140625,0.3434661613786074
0.1637109375,0.07902718792029076
0.16373046875,-0.08571618294474101
0.16375,0.10188045747702126
0.16376953125,0.2947043306321683
0.1637890625,0.2011896330684387
0.16380859375,-0.02808015001192002
0.163828125,-0.04691122768003089
0.16384765625,0.03330644835739796
0.1638671875,0.17239546024047323
0.16388671875,0.3197515250759761
0.16390625,0.2661749443846696
0.16392578125,0.40817898841034805
0.1639453125,0.7580940810773679
0.16396484375,0.6412918401057048
0.163984375,0.2936581025986851
0.16400390625,0.36467994530287084
0.1640234375,0.6723792610219264
0.16404296875,0.6471727897750328
0.1640625,0.16189946454596932
0.16408203125,0.03291188910778835
0.1641015625,0.4614291263987044
0.16412109375,0.4033438820801223
0.164140625,0.011699842341446675
0.16416015625,-0.04648400349539189
0.1641796875,0.009822626553459203
0.16419921875,0.042124231114887375
0.16421875,0.010857147123986572
0.16423828125,0.059046586546144024
0.1642578125,0.1515136957886843
0.16427734375,0.2015556020910808
0.164296875,0.49168674541861135
0.16431640625,0.6721936169623194
0.1643359375,0.5096023156430239
0.16435546875,0.5322348488068704
0.164375,0.7938927134179096
0.16439453125,0.7865077269736009
0.1644140625,0.5505171558992029
0.16443359375,0.6238015201552674
0.164453125,0.9092296394127662
0.16447265625,0.958745988574124
0.1644921875,0.6460298613968333
0.16451171875,0.39094349560337577
0.16453125,0.6176171109449208
0.16455078125,0.7850253368358153
0.1645703125,0.6608065058524843
0.16458984375,0.6877589146236018
0.164609375,0.8360777174411551
0.16462890625,1.0505648857413081
0.1646484375,1.2501338182299462
0.16466796875,1.125330899088599
0.1646875,0.8474677028640178
0.16470703125,0.7313397778069315
0.1647265625,0.5934476397715389
0.16474609375,0.5157544913061757
0.164765625,0.8980832075280347
0.16478515625,1.244348140841239
0.1648046875,0.8857645223209555
0.16482421875,0.44603945270934564
0.16484375,0.5445419655047589
0.16486328125,0.5508580715438189
0.1648828125,0.13252664364004862
0.16490234375,-0.1250102548321527
0.164921875,-0.08074033611331284
0.16494140625,-0.09199202690355418
0.1649609375,-0.14651599972259866
0.16498046875,-0.07516859534939817
0.165,0.03487081266396611
0.16501953125,0.08196954112136134
0.1650390625,0.09157797762994273
0.16505859375,0.03122024264427108
0.165078125,-0.12044108123716092
0.16509765625,-0.23146556056062945
0.1651171875,-0.2650101114418629
0.16513671875,-0.16672686843718112
0.16515625,-0.041673518071550036
0.16517578125,-0.04491584696667419
0.1651953125,0.2233593756994198
0.16521484375,0.43814904674277855
0.165234375,0.1409955372227126
0.16525390625,0.14444268167460309
0.1652734375,0.4963982541793407
0.16529296875,0.5233263163943804
0.1653125,0.3358283620024061
0.16533203125,0.28068590344624267
0.1653515625,0.4645851716523613
0.16537109375,0.5354013628407093
0.165390625,0.35732554407760564
0.16541015625,0.39550252297141164
0.1654296875,0.6250019240297019
0.16544921875,0.6749002428595613
0.16546875,0.5914461117612694
0.16548828125,0.5270007414241614
0.1655078125,0.5041106903621392
0.16552734375,0.3537122137049582
0.165546875,0.20411703875489537
0.16556640625,0.3737830753947645
0.1655859375,0.32931997859451495
0.16560546875,-0.004970318830853044
0.165625,-0.07034224431217222
0.16564453125,-0.12083169227930912
0.1656640625,-0.21366459219653916
0.16568359375,-0.1696901119262118
0.165703125,0.018632391192496746
0.16572265625,0.18959350796369476
0.1657421875,0.1041763314095566
0.16576171875,0.1545904873934175
0.16578125,0.108519849848968
0.16580078125,-0.15335045801313446
0.1658203125,0.07261059018239195
0.16583984375,0.22039307466767635
0.165859375,-0.19549336603262749
0.16587890625,-0.5576759406309968
0.1658984375,-0.4226576215090554
0.16591796875,-0.13737676481549527
0.1659375,-0.4315423473010895
0.16595703125,-0.6262063094594428
0.1659765625,-0.22912704576140874
0.16599609375,-0.06284210654918498
0.166015625,0.0775086835796775
0.16603515625,0.30552225729555815
0.1660546875,0.1230281356174202
0.16607421875,0.045487427679984
0.16609375,0.3453032298028212
0.16611328125,0.4939186907294713
0.1661328125,0.26269484681042266
0.16615234375,0.08702191995164799
0.166171875,0.32720857828036615
0.16619140625,0.17832495573859672
0.1662109375,-0.47229020667118016
0.16623046875,-0.42790193708710417
0.16625,0.06576554356543766
0.16626953125,0.2582440366007725
0.1662890625,0.17022562129296662
0.16630859375,-0.09984693023691493
0.166328125,-0.0009640953611177241
0.16634765625,0.28943618509557484
0.1663671875,0.22192901028668927
0.16638671875,0.06593541761831902
0.16640625,-0.13503710978407882
0.16642578125,-0.11203566205048596
0.1664453125,0.08336921142860187
0.16646484375,0.002479967855608556
0.166484375,0.2372276223591484
0.16650390625,0.5515195852432088
0.1665234375,0.37846438129167803
0.16654296875,0.3277421972982032
0.1665625,0.47888612127248964
0.16658203125,0.7025901815363348
0.1666015625,0.7319718837770697
0.16662109375,0.5132339663059308
0.166640625,0.7572049689916698
0.16666015625,0.7988260560284905
0.1666796875,0.27546665975678697
0.16669921875,0.23125778617028767
0.16671875,0.39948310863207076
0.16673828125,0.29788524662344007
0.1667578125,0.1551779585346345
0.16677734375,-0.05818986777755501
0.166796875,-0.2643223454258329
0.16681640625,-0.407692825256017
0.1668359375,-0.48629801981972287
0.16685546875,-0.38186543164243564
0.166875,-0.26604082086315417
0.16689453125,-0.3801078848302466
0.1669140625,-0.38555857416899353
0.16693359375,-0.10419642496086619
0.166953125,-0.10526135863815525
0.16697265625,-0.33298410051859223
0.1669921875,-0.09362522898093761
0.16701171875,0.24671104512013137
0.16703125,0.009243702130572948
0.16705078125,-0.3760643145317819
0.1670703125,-0.44347173554910724
0.16708984375,-0.19588447028058872
0.167109375,0.04855219593959803
0.16712890625,-0.05303255287655649
0.1671484375,-0.02418352444870652
0.16716796875,0.1606069324334419
0.1671875,-0.05696364559968995
0.16720703125,-0.3351591250505983
0.1672265625,-0.36313915228014215
0.16724609375,-0.2943667986899328
0.167265625,-0.2811916232658754
0.16728515625,-0.5039504543711335
0.1673046875,-0.5779367635575177
0.16732421875,-0.21432824108924148
0.16734375,0.06954273061251869
0.16736328125,-0.0071437171902324
0.1673828125,-0.11588061872839646
0.16740234375,-0.013216191034280907
0.167421875,0.0926674435019917
0.16744140625,-0.020466879135261844
0.1674609375,-0.13870503315369587
0.16748046875,-0.027002089156723183
0.1675,0.08862362053766631
0.16751953125,0.20674992971250472
0.1675390625,0.31881955191986855
0.16755859375,0.09549978605748292
0.167578125,0.016740568229729785
0.16759765625,0.0027288609047402546
0.1676171875,-0.49161876095623624
0.16763671875,-0.7088628116881055
0.16765625,-0.5320882675723497
0.16767578125,-0.5365264359214565
0.1676953125,-0.706060895906723
0.16771484375,-1.0901043085933335
0.167734375,-1.2684215970847774
0.16775390625,-0.9225025913516389
0.1677734375,-0.7780082805893429
0.16779296875,-1.002953948463644
0.1678125,-0.9754884162207624
0.16783203125,-0.5459858094524423
0.1678515625,-0.14567726289451216
0.16787109375,-0.15452882456078448
0.167890625,-0.2259375896849677
0.16791015625,-0.11899005463985796
0.1679296875,-0.07895816867282435
0.16794921875,-0.026703035315084604
0.16796875,-0.13927958776570495
0.16798828125,-0.41145050548219003
0.1680078125,-0.23021025381931273
0.16802734375,0.16693827588641996
0.168046875,0.18484907015343466
0.16806640625,-0.053759866607069634
0.1680859375,-0.28350719841783756
0.16810546875,-0.3552189223070234
0.168125,-0.3712025723246645
0.16814453125,-0.5572091707163195
0.1681640625,-0.5417768470790914
0.16818359375,-0.29684990162685565
0.168203125,-0.3726705396089059
0.16822265625,-0.51742046507696
0.1682421875,-0.6558930703152942
0.16826171875,-0.8509444806793339
0.16828125,-0.6371852757369119
0.16830078125,-0.44005228978174427
0.1683203125,-0.46863019584598525
0.16833984375,-0.2483420890644131
0.168359375,-0.06482674350858444
0.16837890625,-0.007062186266447553
0.1683984375,-0.028168034458142893
0.16841796875,-0.33456093640060247
0.1684375,-0.43005113657009275
0.16845703125,-0.27320590014460844
0.1684765625,-0.4674079663607891
0.16849609375,-0.7775417591774245
0.168515625,-0.7111106720817811
0.16853515625,-0.1632625052865756
0.1685546875,0.38108382607992086
0.16857421875,0.26411444177204096
0.16859375,-0.05768487968407936
0.16861328125,-0.04372430589812728
0.1686328125,0.056829213547726416
0.16865234375,0.12699599733251635
0.168671875,0.014816420295017965
0.16869140625,-0.2123212623584359
0.1687109375,-0.03450914019268552
0.16873046875,0.16098556147120224
0.16875,-0.2913606843457843
0.16876953125,-0.7844686949658995
0.1687890625,-0.6312183011496453
0.16880859375,-0.21632579815713673
0.168828125,-0.26354120824663685
0.16884765625,-0.5548494895638326
0.1688671875,-0.3746614305686547
0.16888671875,-0.11333884042145966
0.16890625,-0.2175297449473732
0.16892578125,-0.4341249299679303
0.1689453125,-0.6480873756928123
0.16896484375,-0.7027269315448026
0.168984375,-0.7756920079687104
0.16900390625,-1.0016211394153747
0.1690234375,-1.0401136184707287
0.16904296875,-0.8443499672365421
0.1690625,-0.5454454193751528
0.16908203125,-0.5628034429506403
0.1691015625,-0.8189747925254656
0.16912109375,-0.5685176332038169
0.169140625,-0.358259883748164
0.16916015625,-0.7729178739447493
0.1691796875,-0.9669418531102297
0.16919921875,-0.7940824186609778
0.16921875,-0.7824231456562605
0.16923828125,-0.7456423473073515
0.1692578125,-0.6338306074437782
0.16927734375,-0.6701356511955344
0.169296875,-0.7611931494888826
0.16931640625,-0.8079830930309337
0.1693359375,-0.7558305441343995
0.16935546875,-0.5839998372604382
0.169375,-0.5126404951842869
0.16939453125,-0.7061815676328926
0.1694140625,-0.7840715754643833
0.16943359375,-0.45407206887067175
0.169453125,-0.3606898534070062
0.16947265625,-0.6000989189727348
0.1694921875,-0.5189939470421977
0.16951171875,-0.3233002301223672
0.16953125,-0.09780558583406478
0.16955078125,0.05416977945442312
0.1695703125,-0.15656384348447094
0.16958984375,-0.13804423470222596
0.169609375,0.05047032654295889
0.16962890625,0.04526354992707446
0.1696484375,-0.03816070376419163
0.16966796875,-0.35233055016572024
0.1696875,-0.39388844753473257
0.16970703125,-0.12851587197173436
0.1697265625,-0.2128875085479036
0.16974609375,-0.21369040376913728
0.169765625,-0.12284334941056085
0.16978515625,-0.25400912482326826
0.1698046875,-0.29037232443011096
0.16982421875,-0.2721657081806259
0.16984375,-0.11746697297129896
0.16986328125,-0.03986120028443114
0.1698828125,-0.24489920601192666
0.16990234375,-0.3105495715901329
0.169921875,-0.31143191520875313
0.16994140625,-0.16378553807676124
0.1699609375,0.10349163284445415
0.16998046875,0.10066971213960159
0.17,0.10453723889676084
0.17001953125,0.170632182957143
0.1700390625,0.20072892886608013
0.17005859375,0.40614642301519305
0.170078125,0.5028588093219457
0.17009765625,0.07401610293123037
0.1701171875,-0.3737615048615983
0.17013671875,-0.22951318660908554
0.17015625,-0.20126090862624896
0.17017578125,-0.6692824312199284
0.1701953125,-0.7205005488588933
0.17021484375,-0.24301847884218442
0.170234375,0.19663836158960588
0.17025390625,0.5347453219618743
0.1702734375,0.6247712021283023
0.17029296875,0.4398007453722492
0.1703125,0.2728773342387255
0.17033203125,0.112973638350745
0.1703515625,-0.03570528792664717
0.17037109375,-0.052027711746522445
0.170390625,0.08622237466720671
0.17041015625,0.217076394541615
0.1704296875,0.03264007391225386
0.17044921875,-0.0559946037642579
0.17046875,0.2261345031479251
0.17048828125,0.31893600582620607
0.1705078125,0.3640555127326588
0.17052734375,0.5347369007562853
0.170546875,0.4261904275607944
0.17056640625,0.2163013717227228
0.1705859375,0.24418089920430538
0.17060546875,0.5438295402381752
0.170625,0.7054348698796206
0.17064453125,0.4315769380276073
0.1706640625,0.2768395683982845
0.17068359375,0.2871050865418914
0.170703125,0.14022224214490475
0.17072265625,0.07488953345523247
0.1707421875,0.06276368109796103
0.17076171875,0.15761440055898934
0.17078125,0.3614971334753211
0.17080078125,0.24461663966958413
0.1708203125,0.17418211442903392
0.17083984375,0.40150895463087144
0.170859375,0.2886970234526961
0.17087890625,-0.014418981886821461
0.1708984375,-0.09503422973100722
0.17091796875,-0.2613600640841972
0.1709375,-0.47065010843030575
0.17095703125,-0.543676349999951
0.1709765625,-0.5075420292797957
0.17099609375,-0.30504966892369395
0.171015625,-0.3156028269983624
0.17103515625,-0.5125019675297411
0.1710546875,-0.45147580305373103
0.17107421875,-0.27838046317399806
0.17109375,-0.05634445517431301
0.17111328125,0.06418383726846769
0.1711328125,-0.11516975976788492
0.17115234375,-0.24082229859993043
0.171171875,-0.10026215537375052
0.17119140625,0.028393438803715632
0.1712109375,0.032698853196457364
0.17123046875,0.22670339805353162
0.17125,0.45908000535732363
0.17126953125,0.4821116716315794
0.1712890625,0.5270606356237142
0.17130859375,0.4226398737767952
0.171328125,0.2444166005480778
0.17134765625,0.32687092409395
0.1713671875,0.3653776031873774
0.17138671875,0.2306012471095214
0.17140625,-0.020431968469476487
0.17142578125,-0.2260002965647076
0.1714453125,-0.16100722067425577
0.17146484375,-0.004280638639993978
0.171484375,0.26963779498569185
0.17150390625,0.41178570045106255
0.1715234375,0.2453023941912103
0.17154296875,0.386864600769822
0.1715625,0.650813391181817
0.17158203125,0.6440388564756376
0.1716015625,0.4047768946638027
0.17162109375,0.003151458077987425
0.171640625,0.1388452997891787
0.17166015625,0.39998570890106433
0.1716796875,0.1646306947517816
0.17169921875,0.14805851035613754
0.17171875,0.06704438098557358
0.17173828125,-0.16256472828163762
0.1717578125,-0.06361631557419256
0.17177734375,-0.15015656595133137
0.171796875,-0.1994144368204525
0.17181640625,0.0654559059856114
0.1718359375,0.1153329423679623
0.17185546875,0.05022725020641817
0.171875,0.13951985678822504
0.17189453125,0.2869850924613381
0.1719140625,0.3680810190654934
0.17193359375,0.2717218512955723
0.171953125,0.08423701280470826
0.17197265625,0.012061919510446988
0.1719921875,-0.04894592204206722
0.17201171875,-0.07021897976579662
0.17203125,0.18235287611124085
0.17205078125,0.3510831873659044
0.1720703125,0.28212424945464454
0.17208984375,0.26739568311839546
0.172109375,0.25039186538849034
0.17212890625,0.2768775291802871
0.1721484375,0.31434948165739063
0.17216796875,0.24215729651823287
0.1721875,0.23243990945205117
0.17220703125,0.30266504834541064
0.1722265625,0.38325476004150133
0.17224609375,0.43475544043111214
0.172265625,0.4813497988011102
0.17228515625,0.4228324766090171
0.1723046875,0.2110735253275089
0.17232421875,0.17537627162307207
0.17234375,0.31493984213493476
0.17236328125,0.49414140204583223
0.1723828125,0.5998124380547152
0.17240234375,0.5461733794546535
0.172421875,0.668579351238545
0.17244140625,0.900727302987187
0.1724609375,0.9218296316567003
0.17248046875,0.8478485125042685
0.1725,0.9357088437970833
0.17251953125,1.004623945234825
0.1725390625,0.6459297228169976
0.17255859375,0.36173457991114855
0.172578125,0.3788454589901957
0.17259765625,0.4074410525681539
0.1726171875,0.8278142487400391
0.17263671875,1.1619858071437699
0.17265625,1.0375823656620615
0.17267578125,1.054971357735378
0.1726953125,0.9067816041340808
0.17271484375,0.6714218596983277
0.172734375,0.8471273655603566
0.17275390625,0.9331497570108003
0.1727734375,0.7143980048628686
0.17279296875,0.4097158850192202
0.1728125,0.38449186637502664
0.17283203125,0.5564305794208542
0.1728515625,0.2256756309386163
0.17287109375,-0.06819125003565345
0.172890625,0.048924951976367724
0.17291015625,-0.004380568718374795
0.1729296875,0.009876314599289346
0.17294921875,-0.023548820014301974
0.17296875,-0.21605422131648372
0.17298828125,0.026924798173644807
0.1730078125,0.27711031665168495
0.17302734375,0.211896480540769
0.173046875,0.3534567117349224
0.17306640625,0.39718810778999963
0.1730859375,0.09322086901501021
0.17310546875,0.04229948805445917
0.173125,0.32101447920634385
0.17314453125,0.43545119798982973
0.1731640625,0.13223755475762747
0.17318359375,-0.0202133208913495
0.173203125,0.41303811256698497
0.17322265625,0.5831571504862857
0.1732421875,0.39373562158101955
0.17326171875,0.42738939121227715
0.17328125,0.2496155834829641
0.17330078125,0.011488443234519011
0.1733203125,0.07650058940651441
0.17333984375,0.0969046793654274
0.173359375,0.12131039240469561
0.17337890625,0.04955541301979759
0.1733984375,-0.009273247885417647
0.17341796875,0.23933386832309786
0.1734375,0.4071462536429492
0.17345703125,0.47817767559079294
0.1734765625,0.415836725823797
0.17349609375,0.13172566067070712
0.173515625,0.20093369344418555
0.17353515625,0.48080888947021605
0.1735546875,0.4116566529670605
0.17357421875,0.2671116976634244
0.17359375,0.19592037904764203
0.17361328125,0.0034590043691859335
0.1736328125,-0.12946810006385284
0.17365234375,-0.020822731604842624
0.173671875,0.10251082489196914
0.17369140625,-0.032124282426121066
0.1737109375,-0.03884851530795175
0.17373046875,0.1433336508470184
0.17375,-0.07523600797291807
0.17376953125,-0.2918845890915075
0.1737890625,-0.15013641294100563
0.17380859375,-0.006104143124159564
0.173828125,0.034752317588817944
0.17384765625,-0.1740773691036669
0.1738671875,-0.43332396182896515
0.17388671875,-0.5680388022198827
0.17390625,-0.6161187290466882
0.17392578125,-0.3792682532531771
0.1739453125,-0.3104577322811248
0.17396484375,-0.4881053339482023
0.173984375,-0.2060919284131863
0.17400390625,0.27313558643765745
0.1740234375,0.35398685440252015
0.17404296875,0.17254442975121775
0.1740625,0.1853829083919174
0.17408203125,0.3829812173789018
0.1741015625,0.1111581841157352
0.17412109375,-0.26332174608861186
0.174140625,0.03720269475012606
0.17416015625,0.11027467042841822
0.1741796875,-0.4217166414727516
0.17419921875,-0.7073967904039684
0.17421875,-0.6284838382445153
0.17423828125,-0.3072910481804659
0.1742578125,-0.19226917712241698
0.17427734375,-0.3451039438358843
0.174296875,-0.013937402652810599
0.17431640625,0.423309856030758
0.1743359375,0.4234561668385115
0.17435546875,0.25314889745516
0.174375,0.24277882360756364
0.17439453125,0.4771732892848395
0.1744140625,0.473481988271483
0.17443359375,0.1864055451853536
0.174453125,0.0617131827729305
0.17447265625,0.2454650146906649
0.1744921875,0.49182094073871463
0.17451171875,0.3642195810249318
0.17453125,0.2499272084913902
0.17455078125,0.48750361604815784
0.1745703125,0.602938579919694
0.17458984375,0.6258949598212832
0.174609375,0.8282767090032805
0.17462890625,1.0465095640955422
0.1746484375,0.9810098349226459
0.17466796875,0.638106141689333
0.1746875,0.527501176164022
0.17470703125,0.7007436170474642
0.1747265625,0.5849991878130023
0.17474609375,0.24580876521751427
0.174765625,0.2186433919162742
0.17478515625,0.41200689278307284
0.1748046875,0.35380808891501514
0.17482421875,0.08354594799462134
0.17484375,-0.013074964189034248
0.17486328125,-0.09670451744181614
0.1748828125,-0.3538006541744989
0.17490234375,-0.40815760362579945
0.174921875,-0.3277251220702928
0.17494140625,-0.20876662308121668
0.1749609375,0.003080247431091976
0.17498046875,-0.1001566515140731
0.175,-0.1687905640402899
0.17501953125,0.02842961803538431
0.1750390625,0.013341451278628305
0.17505859375,0.1291264216344168
0.175078125,0.3355529567160079
0.17509765625,0.15781296286805435
0.1751171875,0.019279407175846523
0.17513671875,0.10833535999766038
0.17515625,0.10254326721264431
0.17517578125,-0.036037483922859145
0.1751953125,-0.22167565134911899
0.17521484375,-0.30044822349022987
0.175234375,-0.14648742185457103
0.17525390625,-0.06021594594730304
0.1752734375,-0.18090837132628662
0.17529296875,-0.16271120127696026
0.1753125,-0.04619245225691327
0.17533203125,-0.14313003449444175
0.1753515625,-0.3133315022655111
0.17537109375,-0.22686491131467054
0.175390625,0.0791210343006077
0.17541015625,0.1251107036958742
0.1754296875,-0.12474881844854085
0.17544921875,-0.07515262840529607
0.17546875,0.10074965850994685
0.17548828125,0.0636215333973118
0.1755078125,0.11502505956325464
0.17552734375,0.018301495749267163
0.175546875,-0.3325847263285687
0.17556640625,-0.5216579694800776
0.1755859375,-0.49583224621595257
0.17560546875,-0.3992563079267577
0.175625,-0.5512092348710941
0.17564453125,-0.6005661445492603
0.1756640625,-0.1748604772412895
0.17568359375,-0.16253263869927195
0.175703125,-0.49597074422485116
0.17572265625,-0.5122488997102441
0.1757421875,-0.4915668742219078
0.17576171875,-0.3545331789740441
0.17578125,-0.2785713742548709
0.17580078125,-0.34690986048648925
0.1758203125,-0.10987702282200448
0.17583984375,-0.09030838130496428
0.175859375,-0.26327383336172117
0.17587890625,-0.18784695050955702
0.1758984375,-0.1774723496152169
0.17591796875,0.031239638718394358
0.1759375,0.17532792374393308
0.17595703125,-0.24584869761445058
0.1759765625,-0.6520271279885453
0.17599609375,-0.7862345645636907
0.176015625,-0.5667315420596574
0.17603515625,-0.15462534226244898
0.1760546875,-0.09460610179073131
0.17607421875,-0.10347895965599034
0.17609375,-0.030527653316421766
0.17611328125,-0.13399372969206613
0.1761328125,-0.02578644134906488
0.17615234375,0.28520063776870636
0.176171875,0.2421712517275928
0.17619140625,-0.10036647235614193
0.1762109375,-0.44135037787643133
0.17623046875,-0.43627319521636765
0.17625,-0.2563718160465974
0.17626953125,-0.5223527988288583
0.1762890625,-0.6657983454692002
0.17630859375,-0.5165980139462898
0.176328125,-0.5747422340772722
0.17634765625,-0.4174387188016323
0.1763671875,-0.3648214645143835
0.17638671875,-0.6306563406292234
0.17640625,-0.6524341196203716
0.17642578125,-0.46746520961531474
0.1764453125,-0.22665316963529927
0.17646484375,-0.4233112125431219
0.176484375,-0.797635449152999
0.17650390625,-0.5412293715193166
0.1765234375,-0.0829643597256563
0.17654296875,0.25240658993505277
0.1765625,0.27030542918185335
0.17658203125,0.03685451156755966
0.1766015625,0.02305801841986397
0.17662109375,0.003910358542244391
0.176640625,0.233313109234925
0.17666015625,0.5657037630678741
0.1766796875,0.3768375950237453
0.17669921875,0.24253479048057236
0.17671875,0.2759935162917495
0.17673828125,0.14447956048359967
0.1767578125,-0.03420638372452225
0.17677734375,-0.2270170832169957
0.176796875,-0.40599866936888906
0.17681640625,-0.605571368417869
0.1768359375,-0.6323268690938721
0.17685546875,-0.5371827899438999
0.176875,-0.7358350548533581
0.17689453125,-0.8156554139927811
0.1769140625,-0.4300043736834914
0.17693359375,-0.1822585821212674
0.176953125,-0.29116017022427293
0.17697265625,-0.5278953188742936
0.1769921875,-0.9084375014613185
0.17701171875,-1.0851849921646288
0.17703125,-0.8176907021499937
0.17705078125,-0.6691048012098745
0.1770703125,-0.7815441643977838
0.17708984375,-0.7639038967133042
0.177109375,-0.5126683275547502
0.17712890625,-0.12565057627816817
0.1771484375,0.017391063889628588
0.17716796875,-0.08684817720411236
0.1771875,-0.12059550187687035
0.17720703125,-0.15389922649017693
0.1772265625,-0.17566908953308225
0.17724609375,-0.3619793529423181
0.177265625,-0.6912239019883274
0.17728515625,-0.6126363780851903
0.1773046875,-0.2856552956747675
0.17732421875,-0.31060282720227494
0.17734375,-0.6555320518293214
0.17736328125,-0.7674703732792976
0.1773828125,-0.5012123861336988
0.17740234375,-0.34449100814867273
0.177421875,-0.48558453102602284
0.17744140625,-0.5446854159888692
0.1774609375,-0.3156047259257408
0.17748046875,-0.057360165623928164
0.1775,-0.02501227426460327
0.17751953125,-0.2032736090114518
0.1775390625,-0.1893766198910467
0.17755859375,0.07285191125109203
0.177578125,0.03704684087772935
0.17759765625,-0.13596349558681198
0.1776171875,-0.22325408617401868
0.17763671875,-0.2886333462588669
0.17765625,-0.006733018644985857
0.17767578125,0.13217721253398568
0.1776953125,-0.21518264080476696
0.17771484375,-0.2209188110393003
0.177734375,0.1074620708228322
0.17775390625,0.03253237448164778
0.1777734375,-0.3667081862266363
0.17779296875,-0.3877175662630126
0.1778125,0.16220115454392578
0.17783203125,0.5585924205074492
0.1778515625,0.3714393138288789
0.17787109375,-0.021159690727890833
0.177890625,-0.10806511525310702
0.17791015625,0.23054208996800477
0.1779296875,0.4466486420109873
0.17794921875,0.19843164528160245
0.17796875,-0.12851396456697844
0.17798828125,-0.2189271023182308
0.1780078125,-0.15539070216434483
0.17802734375,-0.07523979968432544
0.178046875,0.03071367196333812
0.17806640625,0.1507146509901529
0.1780859375,0.2722277848605811
0.17810546875,0.3131432707689868
0.178125,0.11665463878154327
0.17814453125,-0.16134802132851106
0.1781640625,-0.3165921108822798
0.17818359375,-0.28049406601681826
0.178203125,-0.20478575538073152
0.17822265625,-0.32186617774591286
0.1782421875,-0.4109040557993608
0.17826171875,-0.4943028252426914
0.17828125,-0.6867960140107305
0.17830078125,-0.5784587695409731
0.1783203125,-0.14332569148205707
0.17833984375,0.1925568344836856
0.178359375,0.21489374425780922
0.17837890625,0.11069656734647908
0.1783984375,0.21630965698282537
0.17841796875,0.46381688278403965
0.1784375,0.46290786367985953
0.17845703125,0.3131942813038885
0.1784765625,0.4360823571636483
0.17849609375,0.6495428069699754
0.178515625,0.6039995898855925
0.17853515625,0.3308811788892575
0.1785546875,0.23233460365877082
0.17857421875,0.489827388329676
0.17859375,0.42170709703363174
0.17861328125,0.1688178177894633
0.1786328125,0.5290331821863984
0.17865234375,0.9044026315507804
0.178671875,0.7265732515431489
0.17869140625,0.4749368272564845
0.1787109375,0.5676650549527498
0.17873046875,0.6230657273891427
0.17875,0.17962184787966662
0.17876953125,-0.08087847231966203
0.1787890625,0.12051142865311362
0.17880859375,0.11461737988731795
0.178828125,-0.21185128413023457
0.17884765625,-0.4661671549587283
0.1788671875,-0.3236684070452543
0.17888671875,-0.07643623359897984
0.17890625,0.03695182510809863
0.17892578125,0.06405070362620918
0.1789453125,-0.14902496664689252
0.17896484375,-0.16678133147441104
0.178984375,-0.026536806519836573
0.17900390625,-0.2813053650194659
0.1790234375,-0.4288756242198848
0.17904296875,-0.3007196165614588
0.1790625,-0.3093791146661446
0.17908203125,-0.36163032474712126
0.1791015625,-0.3089810294297026
0.17912109375,-0.07085742591432553
0.179140625,0.22591151642831714
0.17916015625,0.3579531990712433
0.1791796875,0.31013686211435143
0.17919921875,0.13891649122112848
0.17921875,0.049965240722082
0.17923828125,-0.01977711012560804
0.1792578125,-0.03695590689512261
0.17927734375,0.39044375590497993
0.179296875,0.802483518893286
0.17931640625,0.8084114785484116
0.1793359375,0.7184795521262726
0.17935546875,0.4780680421099515
0.179375,0.30372753485914944
0.17939453125,0.4107710918514024
0.1794140625,0.4793327701811357
0.17943359375,0.3977773440249808
0.179453125,0.27084693693369694
0.17947265625,0.29700664971878266
0.1794921875,0.36247211365966303
0.17951171875,0.2513629722784986
0.17953125,0.2836611939192859
0.17955078125,0.4850693131483365
0.1795703125,0.4595420428324123
0.17958984375,0.2149420768497303
0.179609375,-0.07467555041006954
0.17962890625,-0.34771288157639235
0.1796484375,-0.36744738037613317
0.17966796875,-0.054668997454961885
0.1796875,0.15545422538337722
0.17970703125,0.03646237878932799
0.1797265625,-0.173542661285577
0.17974609375,-0.16722770546553592
0.179765625,0.08306680552215565
0.17978515625,0.10952569421300089
0.1798046875,-0.17835709698781296
0.17982421875,-0.2126221197873234
0.17984375,0.14499832104886967
0.17986328125,0.31144307686036915
0.1798828125,0.0827107824451702
0.17990234375,-0.035716356494309785
0.179921875,0.024901864255463493
0.17994140625,0.029610427349342657
0.1799609375,0.06795131334309426
0.17998046875,0.23186914248684415
0.18,0.5347413541758184
0.18001953125,0.5564370566267409
0.1800390625,0.20485052602529977
0.18005859375,0.21724888928457303
0.180078125,0.44632214193215136
0.18009765625,0.4897393704947105
0.1801171875,0.5309907474087548
0.18013671875,0.346007501507348
0.18015625,0.11092443606630768
0.18017578125,0.264007694736763
0.1801953125,0.5073857023526551
0.18021484375,0.4500836455913714
0.180234375,0.16626348549532122
0.18025390625,0.1011539597568211
0.1802734375,0.29192449631628137
0.18029296875,0.23181577636805878
0.1803125,0.07932147636847753
0.18033203125,0.20113287476999925
0.1803515625,0.22919912764726016
0.18037109375,0.2097420908126847
0.180390625,0.308489311154882
0.18041015625,0.17283826321942236
0.1804296875,0.028905018304102845
0.18044921875,0.1801929145037222
0.18046875,0.3088697558236745
0.18048828125,0.20716384020258108
0.1805078125,0.26329223199705865
0.18052734375,0.5967151839944689
0.180546875,0.7029454116962697
0.18056640625,0.657710470208968
0.1805859375,0.6229637678735686
0.18060546875,0.5971627680732503
0.180625,0.7678587391625717
0.18064453125,0.7620685098448395
0.1806640625,0.7559781840106355
0.18068359375,1.1041288244679544
0.180703125,1.110589053912273
0.18072265625,0.7127249070938912
0.1807421875,0.47884705561368257
0.18076171875,0.590347235778961
0.18078125,0.7706141788964654
0.18080078125,0.6060952417938678
0.1808203125,0.5021249121711752
0.18083984375,0.5756707666114703
0.180859375,0.39274238708288056
0.18087890625,0.214269103635011
0.1808984375,0.2803000631105795
0.18091796875,0.5120291508646774
0.1809375,0.43736678646754196
0.18095703125,0.0016237876998869971
0.1809765625,0.06055386914359377
0.18099609375,0.38477350676658933
0.181015625,0.3145829014789398
0.18103515625,0.05685504336011427
0.1810546875,-0.15123663271261414
0.18107421875,-0.1904461099016678
0.18109375,-0.16238356754797192
0.18111328125,-0.06522589915568071
0.1811328125,0.17491649101869589
0.18115234375,0.20355763857298229
0.181171875,0.046966660183451636
0.18119140625,0.09880671321044196
0.1812109375,0.32584268170239783
0.18123046875,0.46160901575632485
0.18125,0.4648851946703402
0.18126953125,0.4192671686041229
0.1812890625,0.3510401123716936
0.18130859375,0.47178181825185583
0.181328125,0.6446576300117642
0.18134765625,0.44685476933920554
0.1813671875,0.20695375639678731
0.18138671875,0.24934356582885067
0.18140625,0.39817094494594657
0.18142578125,0.5538547222427044
0.1814453125,0.5300340521422768
0.18146484375,0.31525076568277344
0.181484375,0.1855416647851592
0.18150390625,0.2246343697208862
0.1815234375,0.196893538702624
0.18154296875,0.136877794292194
0.1815625,0.382166337225874
0.18158203125,0.48713349594277927
0.1816015625,0.4304465482738952
0.18162109375,0.8287443846090254
0.181640625,1.020874624624056
0.18166015625,0.6219441825515993
0.1816796875,0.4198625492450726
0.18169921875,0.6907169383679808
0.18171875,0.6519547430162184
0.18173828125,-0.15180827306322975
0.1817578125,-0.7798765573856514
0.18177734375,-0.7676584184658519
0.181796875,-0.5562523477592997
0.18181640625,-0.38464157101917373
0.1818359375,-0.3941637712713786
0.18185546875,-0.34435626254398655
0.181875,-0.23876675650279505
0.18189453125,-0.19212025341021646
0.1819140625,-0.03456706305348389
0.18193359375,-0.12503770157467423
0.181953125,-0.3059821162197321
0.18197265625,-0.19794088056962095
0.1819921875,-0.2912705491636326
0.18201171875,-0.509830906916103
0.18203125,-0.26489003723661
0.18205078125,0.13566588477148517
0.1820703125,-0.0325851361944621
0.18208984375,-0.48047818447607604
0.182109375,-0.3554206607116586
0.18212890625,0.18600803510881758
0.1821484375,0.36898659211116025
0.18216796875,0.1835233398720159
0.1821875,0.19241418392969312
0.18220703125,0.1558894165259262
0.1822265625,-0.23482787405446873
0.18224609375,-0.2548828704420566
0.182265625,0.008787301298927477
0.18228515625,-0.10548999902092278
0.1823046875,-0.27518704988906967
0.18232421875,-0.3322845096131988
0.18234375,-0.3617500486961195
0.18236328125,-0.303323087028018
0.1823828125,-0.12602854353715987
0.18240234375,0.1723509411477546
0.182421875,0.17984653165443878
0.18244140625,0.02208562842963417
0.1824609375,0.19797918811094958
0.18248046875,0.18183513863760423
0.1825,-0.09966382970425759
0.18251953125,0.06433314615263692
0.1825390625,0.3703332429707449
0.18255859375,0.37791194673578676
0.182578125,0.29382970357169125
0.18259765625,0.39407219810569305
0.1826171875,0.6215235487225849
0.18263671875,0.6089992071666508
0.18265625,0.6119379193159786
0.18267578125,0.5652095950685558
0.1826953125,0.24081971166680893
0.18271484375,0.38408971831005495
0.182734375,0.6814032888690021
0.18275390625,0.44154115360627755
0.1827734375,0.2766043234598029
0.18279296875,0.4370967356183572
0.1828125,0.5016841376916523
0.18283203125,0.27396396380927124
0.1828515625,0.022155856488697646
0.18287109375,0.032885997414182036
0.182890625,-0.01999708848118245
0.18291015625,-0.2418252192425961
0.1829296875,-0.3337144916875016
0.18294921875,-0.416129626382662
0.18296875,-0.33271424637113134
0.18298828125,-0.0033147889572278564
0.1830078125,-0.08422325526993268
0.18302734375,-0.41983394127506
0.183046875,-0.3900528265056409
0.18306640625,-0.21754788409725842
0.1830859375,-0.2583004484070025
0.18310546875,-0.3042658122127013
0.183125,-0.07247139781216423
0.18314453125,0.17941031457002382
0.1831640625,0.14190281907347468
0.18318359375,-0.07507099674917353
0.183203125,-0.09558237544936318
0.18322265625,-0.04557352987882711
0.1832421875,-0.261494229667807
0.18326171875,-0.23507361361250062
0.18328125,0.018399466727560473
0.18330078125,-0.03931187187667482
0.1833203125,-0.13424513716843964
0.18333984375,-0.0856602524299826
0.183359375,-0.0745081164358598
0.18337890625,-0.30115062943622833
0.1833984375,-0.5051463550358658
0.18341796875,-0.10524412833250436
0.1834375,0.3208800815348533
0.18345703125,0.0778940960376607
0.1834765625,-0.23801212345802275
0.18349609375,-0.15280658211616455
0.183515625,0.024907741254893763
0.18353515625,-0.05385503670873333
0.1835546875,-0.3457217123085436
0.18357421875,-0.41850641040891795
0.18359375,-0.3380668526139036
0.18361328125,-0.4035245648918365
0.1836328125,-0.36408555773382617
0.18365234375,-0.4254834627134312
0.183671875,-0.544463085214464
0.18369140625,-0.25546801503526184
0.1837109375,-0.2068145733788514
0.18373046875,-0.6229244089596552
0.18375,-0.7041410514484507
0.18376953125,-0.3897721758564367
0.1837890625,-0.23003087327880262
0.18380859375,-0.3246091083507815
0.183828125,-0.4563023134942469
0.18384765625,-0.4749541260611636
0.1838671875,-0.3583158515952605
0.18388671875,-0.39842736559870456
0.18390625,-0.5585199194768368
0.18392578125,-0.5495381952038232
0.1839453125,-0.48349980556508276
0.18396484375,-0.29630136136642954
0.183984375,-0.1414480768215926
0.18400390625,-0.41943551946456953
0.1840234375,-0.5607499373730003
0.18404296875,-0.20039765638495552
0.1840625,0.06278727112171217
0.18408203125,0.050934082936091446
0.1841015625,-0.19902316096921108
0.18412109375,-0.5022912096880584
0.184140625,-0.3953451260264631
0.18416015625,-0.09490442312067358
0.1841796875,-0.2428021286787697
0.18419921875,-0.6644110772856303
0.18421875,-0.5093537879946745
0.18423828125,-0.19382640774190596
0.1842578125,-0.4296026108768709
0.18427734375,-0.4087361697030788
0.184296875,-0.09020902474683774
0.18431640625,-0.12326008909566867
0.1843359375,-0.14134506223793686
0.18435546875,-0.3060440862765583
0.184375,-0.5640668310115453
0.18439453125,-0.14453580493794865
0.1844140625,0.2307188006565233
0.18443359375,0.028726648611818922
0.184453125,-0.1435278257503148
0.18447265625,-0.1972544989430891
0.1844921875,-0.040322388056445974
0.18451171875,0.10614289109356556
0.18453125,-0.17085798771188282
0.18455078125,-0.41128340739182767
0.1845703125,-0.36997845647835237
0.18458984375,-0.37400190189485805
0.184609375,-0.3688674494782085
0.18462890625,-0.16646127173130032
0.1846484375,0.0706373083673384
0.18466796875,0.29493210609209997
0.1846875,0.4355080127048119
0.18470703125,0.26708707889736133
0.1847265625,0.0241042109305357
0.18474609375,-0.057929753083571255
0.184765625,-0.005646626406839602
0.18478515625,0.021045117866512322
0.1848046875,-0.284229956337544
0.18482421875,-0.52651790747326
0.18484375,-0.3776158315009997
0.18486328125,-0.34300069470685335
0.1848828125,-0.5525112132525585
0.18490234375,-0.8605197178705772
0.184921875,-0.8620527811130636
0.18494140625,-0.4892969989978868
0.1849609375,-0.6488307629576922
0.18498046875,-1.0026711992206108
0.185,-0.8767921498738992
0.18501953125,-0.7577275200292487
0.1850390625,-0.65105328908569
0.18505859375,-0.5782301730161739
0.185078125,-0.6487438806956103
0.18509765625,-0.5933596359024608
0.1851171875,-0.47999255342355396
0.18513671875,-0.3969479732754114
0.18515625,-0.4370852620130862
0.18517578125,-0.5795089039404616
0.1851953125,-0.5756837076903597
0.18521484375,-0.4826845274152141
0.185234375,-0.5128808481664442
0.18525390625,-0.5390797068178358
0.1852734375,-0.2727933556881735
0.18529296875,-0.2152568813648246
0.1853125,-0.6956877587492301
0.18533203125,-0.9052339887479008
0.1853515625,-0.7429422666738708
0.18537109375,-0.6344313479283448
0.185390625,-0.4646875588308986
0.18541015625,-0.3177508789771403
0.1854296875,-0.3389378737175942
0.18544921875,-0.3084881217746572
0.18546875,-0.005769172475665142
0.18548828125,0.083505981250005
0.1855078125,-0.36160357924939307
0.18552734375,-0.6567703466827217
0.185546875,-0.6212266208167279
0.18556640625,-0.4913558158629048
0.1855859375,-0.2761187734271018
0.18560546875,-0.18027369965009327
0.185625,-0.042153823845432675
0.18564453125,-0.009785005902177138
0.1856640625,-0.26601119570872095
0.18568359375,-0.0796431985908525
0.185703125,0.1783519507509639
0.18572265625,-0.1878733947260305
0.1857421875,-0.4404186148380635
0.18576171875,-0.18844492054567188
0.18578125,0.2804044701617643
0.18580078125,0.4945890745127006
0.1858203125,0.1810758119774696
0.18583984375,-0.014054992181849434
0.185859375,0.1584100059768836
0.18587890625,0.2468111613252998
0.1858984375,0.23674094917217314
0.18591796875,0.15557640872102083
0.1859375,0.07447734361096917
0.18595703125,0.14745393492948394
0.1859765625,0.09594280871303837
0.18599609375,-0.12143986234182316
0.186015625,-0.14708622815872416
0.18603515625,0.14018938610226048
0.1860546875,0.24353466761673093
0.18607421875,-0.23094760482870405
0.18609375,-0.5159785834639516
0.18611328125,-0.22178159691675062
0.1861328125,0.013139753979129093
0.18615234375,0.0470654139302468
0.186171875,0.02321893335035587
0.18619140625,-0.0803027256103324
0.1862109375,-0.23415944731843386
0.18623046875,-0.23686657549015142
0.18625,-0.0547611618591551
0.18626953125,-0.024752205035252002
0.1862890625,0.14035119786648445
0.18630859375,0.46185707427419204
0.186328125,0.2555457097106571
0.18634765625,0.09915814174754647
0.1863671875,0.49242700927635097
0.18638671875,0.6189438995158778
0.18640625,0.33316583029630287
0.18642578125,0.09885136018080626
0.1864453125,0.0635030406033138
0.18646484375,0.10716914440721086
0.186484375,-0.008433305029642117
0.18650390625,0.036673241764585904
0.1865234375,0.42408126911093313
0.18654296875,0.5048788491797936
0.1865625,0.282659048576793
0.18658203125,0.3228558266238504
0.1866015625,0.4854446093536917
0.18662109375,0.5577865302602165
0.186640625,0.4247080989227303
0.18666015625,0.09758936596217557
0.1866796875,-0.06086140280055331
0.18669921875,-0.19439612898956965
0.18671875,-0.26892262900970393
0.18673828125,0.0028964706213045685
0.1867578125,0.20867712884097245
0.18677734375,0.19197155953081957
0.186796875,-0.008708896745703715
0.18681640625,-0.17229481739305985
0.1868359375,0.10847644385306739
0.18685546875,0.1278345627205723
0.186875,-0.316181852827663
0.18689453125,-0.37864756651916964
0.1869140625,-0.2798599001134257
0.18693359375,-0.2859622249357744
0.186953125,-0.2359037964097673
0.18697265625,-0.2274541416794661
0.1869921875,-0.004036486007635939
0.18701171875,0.08203813743772431
0.18703125,-0.24054421374642948
0.18705078125,-0.1322991514763489
0.1870703125,0.2679680311477497
0.18708984375,0.1458138544186644
0.187109375,-0.20994568868540664
0.18712890625,-0.18899380228949425
0.1871484375,0.12076997134484535
0.18716796875,0.22466181096069324
0.1871875,-0.012032047449328266
0.18720703125,0.04342867143741019
0.1872265625,0.4419778652401292
0.18724609375,0.3738924385314509
0.187265625,0.05444561677328238
0.18728515625,-0.1673740616628236
0.1873046875,-0.3318125221992447
0.18732421875,-0.14322844287038355
0.18734375,0.0015476838405654274
0.18736328125,-0.12816697795304063
0.1873828125,-0.16214999677537367
0.18740234375,-0.07204466288524405
0.187421875,0.18808745094007343
0.18744140625,0.47983425138869185
0.1874609375,0.4262340727404171
0.18748046875,-0.01870578687695096
0.1875,-0.22980654157162902
0.18751953125,0.21734605318432093
0.1875390625,0.48419723971263356
0.18755859375,0.29949761685036547
0.187578125,0.27712337584859753
0.18759765625,0.260994890490866
0.1876171875,0.19493071502239578
0.18763671875,0.12184339145011021
0.18765625,-0.06072216857764894
0.18767578125,-0.01987506699869509
0.1876953125,0.15240288856861356
0.18771484375,0.2189723002781314
0.187734375,0.3088073662957783
0.18775390625,0.3198105979295848
0.1877734375,0.07299976851868471
0.18779296875,-0.18859796101458726
0.1878125,-0.05198882838264328
0.18783203125,0.23169458260681247
0.1878515625,0.1790628157543587
0.18787109375,-0.10723070762901521
0.187890625,-0.24762785185369451
0.18791015625,0.04222808344047445
0.1879296875,0.25890452530350233
0.18794921875,-0.12374949073329806
0.18796875,-0.35123237828676157
0.18798828125,-0.06051332046853457
0.1880078125,0.2520036928023316
0.18802734375,0.36892948762029876
0.188046875,0.0863619127130335
0.18806640625,-0.10655605765746434
0.1880859375,0.38039377497403015
0.18810546875,0.8685928456352145
0.188125,0.8613466883983794
0.18814453125,0.5748093051705846
0.1881640625,0.27729962282495807
0.18818359375,0.29498926753219257
0.188203125,0.4361906182094786
0.18822265625,0.28125936175672783
0.1882421875,0.12664502645421621
0.18826171875,0.24705957827022024
0.18828125,0.2242938572197373
0.18830078125,0.008934286979977423
0.1883203125,0.0041646841836919975
0.18833984375,0.023357264394823808
0.188359375,-0.11749924531123837
0.18837890625,0.02328507922467299
0.1883984375,0.4040977520941166
0.18841796875,0.4557244541562563
0.1884375,0.31515718368889395
0.18845703125,0.3832587779661341
0.1884765625,0.5788606399210512
0.18849609375,0.7149298850946224
0.188515625,0.733421225125469
0.18853515625,0.7183750339510482
0.1885546875,0.7056401397204664
0.18857421875,0.6871840689747301
0.18859375,0.6532228117503905
0.18861328125,0.46119447604740205
0.1886328125,0.20603134887216085
0.18865234375,0.3411057671197837
0.188671875,0.7648771353744297
0.18869140625,0.7329193365337625
0.1887109375,0.4861104346094185
0.18873046875,0.6459567841123088
0.18875,0.6585041204737079
0.18876953125,0.4384815045379938
0.1887890625,0.5931018038822928
0.18880859375,0.6919788417431328
0.188828125,0.2192363297660843
0.18884765625,-0.028783751122088502
0.1888671875,0.5294603030877887
0.18888671875,0.8390218653801312
0.18890625,0.44477229758445685
0.18892578125,0.1790165949624974
0.1889453125,0.1840044431161537
0.18896484375,0.23383501936414622
0.188984375,0.0753135005648059
0.18900390625,-0.1922628836134828
0.1890234375,-0.03296114614363784
0.18904296875,0.043686971686865125
0.1890625,-0.2601380459677392
0.18908203125,-0.35687445033453297
0.1891015625,-0.37166558137476646
0.18912109375,-0.3812840930442458
0.189140625,-0.17429705222301597
0.18916015625,-0.06596700302613173
0.1891796875,-0.1615422421556416
0.18919921875,-0.26942856131336734
0.18921875,-0.1085843166781495
0.18923828125,0.34893927937163866
0.1892578125,0.4083648365376837
0.18927734375,0.10006402710464495
0.189296875,-0.02303868049071374
0.18931640625,-0.002016552295100893
0.1893359375,0.26703693350116786
0.18935546875,0.49649869417253195
0.189375,0.2850164770837035
0.18939453125,0.031766596539703595
0.1894140625,0.14688954001207233
0.18943359375,0.41251781765243567
0.189453125,0.249344872933704
0.18947265625,0.10660543537796795
0.1894921875,0.30837080541005174
0.18951171875,0.15312036573112847
0.18953125,0.15492733094421637
0.18955078125,0.5038828470763356
0.1895703125,0.3099289454762123
0.18958984375,-0.10919764508407057
0.189609375,-0.23999988195165445
0.18962890625,-0.22553435525433135
0.1896484375,-0.1352993954405191
0.18966796875,-0.04982444601011827
0.1896875,-0.12447746267489794
0.18970703125,-0.2377718248244574
0.1897265625,-0.16865715463185377
0.18974609375,-0.2301382564283437
0.189765625,-0.5630381573298964
0.18978515625,-0.6676349777939002
0.1898046875,-0.49451519248806514
0.18982421875,-0.31909662943108236
0.18984375,-0.14215955644030798
0.18986328125,-0.03238145933743203
0.1898828125,0.007852607257956674
0.18990234375,-0.017977731257146135
0.189921875,-0.0553077796149611
0.18994140625,0.12091206630629801
0.1899609375,0.3227593245419318
0.18998046875,0.26039409587555307
0.19,-0.013797251764453934
0.19001953125,-0.2191709090956085
0.1900390625,-0.3008286587377357
0.19005859375,-0.36734637359130534
0.190078125,-0.04208361910358005
0.19009765625,0.3400594046427453
0.1901171875,0.15751649268096277
0.19013671875,-0.03242423437010258
0.19015625,-0.09162164092213256
0.19017578125,-0.26607207212031214
0.1901953125,-0.22024517768361773
0.19021484375,0.08876201537839094
0.190234375,0.34252439414668956
0.19025390625,0.11562058043016128
0.1902734375,-0.3677085108524466
0.19029296875,-0.30086953078168116
0.1903125,-0.13102295765977612
0.19033203125,-0.24273851731569232
0.1903515625,0.07910146037841202
0.19037109375,0.2958251629236812
0.190390625,-0.035010424491520725
0.19041015625,-0.1395240422510634
0.1904296875,-0.10162686717290303
0.19044921875,-0.0319634897426853
0.19046875,0.026062466937744375
0.19048828125,-0.19703239930183988
0.1905078125,-0.11524996759624656
0.19052734375,0.17453084709932276
0.190546875,0.24487597534281147
0.19056640625,0.3649307000141575
0.1905859375,0.3771205011787655
0.19060546875,0.6718188461538135
0.190625,1.3119386312278611
0.19064453125,1.0867540104342959
0.1906640625,0.3995383242839192
0.19068359375,0.404122175488119
0.190703125,0.6397450633922668
0.19072265625,0.5486475498994652
0.1907421875,0.2507485076454726
0.19076171875,0.10486737061582986
0.19078125,0.18533351601756254
0.19080078125,0.03177094782219793
0.1908203125,-0.2826929160043468
0.19083984375,-0.32590358255265095
0.190859375,-0.18226496476444323
0.19087890625,-0.14528102642101226
0.1908984375,-0.2028279372627226
0.19091796875,-0.15114469396229252
0.1909375,-0.15535184100463328
0.19095703125,-0.27405336915122686
0.1909765625,-0.3470376545157805
0.19099609375,-0.5918305345447323
0.191015625,-0.7917936252883027
0.19103515625,-0.6404539893051632
0.1910546875,-0.6059233231021595
0.19107421875,-0.6758317894942718
0.19109375,-0.3203119091329684
0.19111328125,0.0759271632209843
0.1911328125,-0.0361403814267582
0.19115234375,-0.09254282083181914
0.191171875,0.15691769687574697
0.19119140625,0.2696916904166983
0.1912109375,0.3308277590335209
0.19123046875,0.31360631039100056
0.19125,0.15339934729270058
0.19126953125,-0.05873931391789672
0.1912890625,-0.3517154428958338
0.19130859375,-0.29138805456728994
0.191328125,-0.018888162219313546
0.19134765625,-0.2083583273830314
0.1913671875,-0.41898489941484346
0.19138671875,-0.13422017228914357
0.19140625,0.10463308946121558
0.19142578125,-0.13935422685016016
0.1914453125,-0.4737926525316638
0.19146484375,-0.45667679977886155
0.191484375,-0.306922179315251
0.19150390625,-0.2965754157548659
0.1915234375,-0.14999539536475004
0.19154296875,-0.012206535408453976
0.1915625,-0.2509151542287972
0.19158203125,-0.5182977989767474
0.1916015625,-0.7656113192581686
0.19162109375,-1.0487239701868023
0.191640625,-0.8812412012866866
0.19166015625,-0.29550269016083164
0.1916796875,-0.10940369824494575
0.19169921875,-0.6910443882698074
0.19171875,-0.9394372395423588
0.19173828125,-0.37494255357156137
0.1917578125,-0.22967240955147802
0.19177734375,-0.6269170644765716
0.191796875,-0.8484659046578246
0.19181640625,-0.7572711934423215
0.1918359375,-0.44517508504166053
0.19185546875,-0.5963990334088847
0.191875,-0.9794437746312707
0.19189453125,-0.733447267853816
0.1919140625,-0.37854420795434346
0.19193359375,-0.25482743147714415
0.191953125,-0.23546353663325098
0.19197265625,-0.374545804810555
0.1919921875,-0.34988354072591554
0.19201171875,-0.3063940025909435
0.19203125,-0.30842271544295086
0.19205078125,-0.0021323614200248753
0.1920703125,0.1463592688240354
0.19208984375,-0.07164885870835946
0.192109375,-0.1369788013808008
0.19212890625,-0.04094667148928726
0.1921484375,-0.08961023317397579
0.19216796875,-0.3082820605926799
0.1921875,-0.4050722888245316
0.19220703125,-0.391922958370274
0.1922265625,-0.6472791616359832
0.19224609375,-0.8376075100073621
0.192265625,-0.5925474724151313
0.19228515625,-0.49095780927121324
0.1923046875,-0.810095530032451
0.19232421875,-0.9186911038757822
0.19234375,-0.5701193350057088
0.19236328125,-0.33088786660222685
0.1923828125,-0.35425483938111635
0.19240234375,-0.3063954190038487
0.192421875,-0.2140806159632847
0.19244140625,-0.07337516916849877
0.1924609375,0.0740525953603431
0.19248046875,-0.05740155796409729
0.1925,-0.10681473867817173
0.19251953125,0.16875251922611362
0.1925390625,0.15211086284800357
0.19255859375,-0.14539532501268465
0.192578125,-0.17255016981561347
0.19259765625,0.07186815232442637
0.1926171875,0.20094141563499252
0.19263671875,0.05060739688515695
0.19265625,0.15386764468866215
0.19267578125,0.3649620049595029
0.1926953125,-0.028343674411568792
0.19271484375,-0.3695964220838974
0.192734375,-0.1820419580611801
0.19275390625,-0.09733888859747387
0.1927734375,-0.2917419876596069
0.19279296875,-0.5468117548903835
0.1928125,-0.7316272371923757
0.19283203125,-0.7568575143881007
0.1928515625,-0.6305728181843774
0.19287109375,-0.5029767151719879
0.192890625,-0.6409430426062221
0.19291015625,-0.8990556277890389
0.1929296875,-0.8312441711349353
0.19294921875,-0.7254933721960369
0.19296875,-0.8728468828662515
0.19298828125,-0.7712838295407214
0.1930078125,-0.5437665018528086
0.19302734375,-0.5779438170431719
0.193046875,-0.5407159774863879
0.19306640625,-0.40803110066283815
0.1930859375,-0.506446859809554
0.19310546875,-0.7430281758520728
0.193125,-0.5771890127867159
0.19314453125,-0.1899635776141173
0.1931640625,-0.345842414544596
0.19318359375,-0.6614663358256587
0.193203125,-0.618617689617508
0.19322265625,-0.42174171010428946
0.1932421875,-0.2397144824239617
0.19326171875,-0.38902957388380277
0.19328125,-0.7631777085192357
0.19330078125,-0.6776434544984482
0.1933203125,-0.28457193772372524
0.19333984375,-0.3120298878450368
0.193359375,-0.6779821051479866
0.19337890625,-0.7803840822944501
0.1933984375,-0.392648946737128
0.19341796875,-0.09862035414250056
0.1934375,-0.26308497760651856
0.19345703125,-0.2137983163694785
0.1934765625,0.0027275129187643507
0.19349609375,-0.20649584224885634
0.193515625,-0.4534943279876301
0.19353515625,-0.43567252346574153
0.1935546875,-0.43000821423774377
0.19357421875,-0.4772034183636432
0.19359375,-0.3870858731864558
0.19361328125,-0.28470782191324545
0.1936328125,-0.4290353409299758
0.19365234375,-0.4934469001331706
0.193671875,-0.39944007221977496
0.19369140625,-0.5603450402042314
0.1937109375,-0.5616372744398314
0.19373046875,-0.1747383266048656
0.19375,0.01609675069989132
0.19376953125,-0.0137238421712307
0.1937890625,0.0023505393711591924
0.19380859375,0.16756856199498407
0.193828125,0.29203511578699665
0.19384765625,0.044434388599888214
0.1938671875,-0.2569350218911176
0.19388671875,-0.3607222031001871
0.19390625,-0.2508079017647888
0.19392578125,-0.020987839505576228
0.1939453125,-0.0847766382745936
0.19396484375,-0.0951641319114672
0.193984375,0.004075478268669601
0.19400390625,-0.16689198326151852
0.1940234375,-0.14133012106951884
0.19404296875,-0.0973465830542046
0.1940625,-0.17868073925119962
0.19408203125,-0.054393692770617647
0.1941015625,-0.11711293674940579
0.19412109375,-0.22209903734762604
0.194140625,-0.053656196511341264
0.19416015625,0.25837897347702077
0.1941796875,0.41785155969647325
0.19419921875,0.03968855743142048
0.19421875,-0.13295236044076675
0.19423828125,0.19649181615281494
0.1942578125,0.08599017769984361
0.19427734375,-0.16992869886299566
0.194296875,-0.06420941351837775
0.19431640625,-0.1266311691936689
0.1943359375,-0.2637907248165733
0.19435546875,-0.19653094885711525
0.194375,-0.14048762491482633
0.19439453125,0.007244369141741959
0.1944140625,0.17083503810983314
0.19443359375,0.14277502133891568
0.194453125,0.04112402755943554
0.19447265625,0.025564947476415786
0.1944921875,0.3449356579703632
0.19451171875,0.6405616554537356
0.19453125,0.44105488837272605
0.19455078125,0.32244911601005927
0.1945703125,0.5654920668090867
0.19458984375,0.6287006943161457
0.194609375,0.46896378555960355
0.19462890625,0.44298718417614036
0.1946484375,0.4436239007081221
0.19466796875,0.3817715919090764
0.1946875,0.42607882560984844
0.19470703125,0.3099157390511502
0.1947265625,0.05003052890073561
0.19474609375,0.13862232557476203
0.194765625,0.36904787401694833
0.19478515625,0.3979029543007684
0.1948046875,0.28165070644174384
0.19482421875,-0.004201361902126999
0.19484375,-0.10964501922515005
0.19486328125,0.19746198223901554
0.1948828125,0.3124243039596788
0.19490234375,0.07894167799571962
0.194921875,-0.23574608589841076
0.19494140625,-0.6025923436426471
0.1949609375,-0.5178563267254795
0.19498046875,0.053507906405931144
0.195,0.22692260080616167
0.19501953125,0.13835010131862668
0.1950390625,0.27378723560286916
0.19505859375,0.054351976729624454
0.195078125,-0.207171899453902
0.19509765625,0.07723295016565739
0.1951171875,0.09724620484030969
0.19513671875,-0.1738826368406735
0.19515625,-0.11717358487340052
0.19517578125,0.13152358752786203
0.1951953125,0.20584048088581283
0.19521484375,-0.1362591352547064
0.195234375,-0.3174215137291219
0.19525390625,0.0655062107379763
0.1952734375,0.4193687341338786
0.19529296875,0.4549694146673303
0.1953125,0.3005166813242597
0.19533203125,0.10066154331960098
0.1953515625,0.04804097521372337
0.19537109375,0.27891892755092396
0.195390625,0.4150413029700005
0.19541015625,0.17307548666694178
0.1954296875,0.1059357631851342
0.19544921875,0.2122747398543084
0.19546875,0.27251164641319403
0.19548828125,0.30114240116615304
0.1955078125,0.055112056838700886
0.19552734375,-0.00850559397638851
0.195546875,0.10501306193389318
0.19556640625,-0.06521830276395271
0.1955859375,-0.08317356635361628
0.19560546875,0.11464532762327126
0.195625,0.26751275793290863
0.19564453125,0.2868933665390445
0.1956640625,0.06812939098730834
0.19568359375,0.056629988512764004
0.195703125,0.2579886109640873
0.19572265625,0.04592904599907134
0.1957421875,-0.381819119490904
0.19576171875,-0.6912938018266364
0.19578125,-0.5756977458866058
0.19580078125,0.3228794189941537
0.1958203125,0.7708139950475374
0.19583984375,-0.0070528915502773015
0.195859375,-0.3878137154793161
0.19587890625,0.06914295199574155
0.1958984375,0.24960364038166422
0.19591796875,0.1901588391963911
0.1959375,0.08972531822647666
0.19595703125,-0.028015664196583613
0.1959765625,-0.09144501022610085
0.19599609375,-0.32038121761353555
0.196015625,-0.37239986129676655
0.19603515625,-0.1351248320190065
0.1960546875,0.029483799241222595
0.19607421875,0.09861270540371453
0.19609375,0.1795471518551348
0.19611328125,0.4119883545386478
0.1961328125,0.5781796120167029
0.19615234375,0.5306485537658088
0.196171875,0.36789900111116663
0.19619140625,0.0903839849485516
0.1962109375,0.1117272803793767
0.19623046875,0.34937884240689737
0.19625,0.16080549999680346
0.19626953125,-0.1850710037190108
0.1962890625,-0.1356226260216772
0.19630859375,0.10033200253954977
0.196328125,0.1128897714452949
0.19634765625,0.029726226387530592
0.1963671875,0.2090162321456533
0.19638671875,0.544635338157476
0.19640625,0.6007359894017537
0.19642578125,0.3849785151323356
0.1964453125,0.41477548662588837
0.19646484375,0.6333960514806638
0.196484375,0.5605448645987188
0.19650390625,0.425097487818361
0.1965234375,0.3565677167709922
0.19654296875,0.16152207595482182
0.1965625,0.03249046945170313
0.19658203125,0.0506053219016139
0.1966015625,0.34534268639334953
0.19662109375,0.6873454045589638
0.196640625,0.582368531847854
0.19666015625,0.6333119948739651
0.1966796875,0.9654414344785471
0.19669921875,0.881619400137776
0.19671875,0.6401029801656366
0.19673828125,0.43684386283571924
0.1967578125,0.2899172227912492
0.19677734375,0.32456105341299574
0.196796875,0.4060447287352832
0.19681640625,0.6558158399382368
0.1968359375,0.6615253685948057
0.19685546875,0.4990953587494882
0.196875,0.888456819757514
0.19689453125,1.1033686220515024
0.1969140625,0.6342553053155653
0.19693359375,0.1067140819484918
0.196953125,-0.061474999726920845
0.19697265625,0.1514057326712534
0.1969921875,0.1922965043357468
0.19701171875,-0.11560166212488573
0.19703125,-0.21031755417512166
0.19705078125,-0.29020139133483386
0.1970703125,-0.5078831129390882
0.19708984375,-0.37808895433756984
0.197109375,-0.17231242024505417
0.19712890625,-0.1552950128382131
0.1971484375,-0.13244798087984272
0.19716796875,-0.01397933841063878
0.1971875,0.31091554757656936
0.19720703125,0.468038725820763
0.1972265625,0.24886005379759552
0.19724609375,0.17925485989932557
0.197265625,0.3853147087197013
0.19728515625,0.37989629230438726
0.1973046875,0.01974388402323593
0.19732421875,-0.1296316979538897
0.19734375,0.07206627620993719
0.19736328125,0.08974613697052053
0.1973828125,0.05755743671349724
0.19740234375,0.2792349808062322
0.197421875,0.4633004811271477
0.19744140625,0.5237842182601924
0.1974609375,0.4374027014339762
0.19748046875,0.21542756709918723
0.1975,0.1939955063118276
0.19751953125,0.34264198441413
0.1975390625,0.37695550816893564
0.19755859375,0.23978748836509564
0.197578125,0.1322475700894108
0.19759765625,0.21266351754436863
0.1976171875,0.27176573008212135
0.19763671875,0.3270344531596771
0.19765625,0.36218938427880304
0.19767578125,0.15473611462190814
0.1976953125,0.10671264673458278
0.19771484375,0.2758265917795275
0.197734375,0.156583567697613
0.19775390625,-0.06651013430099309
0.1977734375,-0.05864644994057123
0.19779296875,0.06148430749037188
0.1978125,0.02037791570615386
0.19783203125,-0.1664358753521313
0.1978515625,-0.22219917023205907
0.19787109375,-0.24445466158835777
0.197890625,-0.18648374628361178
0.19791015625,0.11250276109694649
0.1979296875,0.17154394266301554
0.19794921875,-0.08937432683461755
0.19796875,-0.03198481150299394
0.19798828125,0.28202264225267704
0.1980078125,0.2656799543350799
0.19802734375,0.14419195862497536
0.198046875,0.23325672202925052
0.19806640625,0.24467232224136876
0.1980859375,0.3266071686782832
0.19810546875,0.5070227577167628
0.198125,0.38963164665269845
0.19814453125,0.30520287674084834
0.1981640625,0.3497095187893562
0.19818359375,0.19309156930985147
0.198203125,0.10591421331608832
0.19822265625,0.09378152261215902
0.1982421875,0.10566872728370719
0.19826171875,0.25391852858599145
0.19828125,0.2791459311877114
0.19830078125,0.3077030940096748
0.1983203125,0.3056220858946695
0.19833984375,0.0651667969812175
0.198359375,0.020873863492379248
0.19837890625,0.1913607348609765
0.1983984375,0.27577042571403243
0.19841796875,0.3192253593349697
0.1984375,0.3060903085979277
0.19845703125,0.16703450179659504
0.1984765625,-0.03125697895671885
0.19849609375,0.0874318900418765
0.198515625,0.4906875706588282
0.19853515625,0.5334259726907926
0.1985546875,0.2956703011711308
0.19857421875,0.36132655911688616
0.19859375,0.6616531945945414
0.19861328125,0.6951223843071213
0.1986328125,0.5162683538642988
0.19865234375,0.5268941925231532
0.198671875,0.477074539596588
0.19869140625,0.30131662930584613
0.1987109375,0.3595426924449037
0.19873046875,0.3272433774960918
0.19875,0.15156611248692636
0.19876953125,0.2337204175762509
0.1987890625,0.29365778867379955
0.19880859375,0.04192034319004687
0.198828125,-0.2107825713411148
0.19884765625,-0.09330352812093877
0.1988671875,0.09289980353020899
0.19888671875,0.010424045420102872
0.19890625,-0.1411258958948995
0.19892578125,-0.3608517380366489
0.1989453125,-0.47957662688586533
0.19896484375,-0.26098217891573
0.198984375,-0.05316648043637447
0.19900390625,-0.18200841938824208
0.1990234375,-0.3814778385145973
0.19904296875,-0.44152117134196084
0.1990625,-0.6821692098478582
0.19908203125,-0.7926676461285963
0.1991015625,-0.36671189447688163
0.19912109375,-0.027681781809864144
0.199140625,-0.06913927286263402
0.19916015625,-0.07017373438696232
0.1991796875,0.09808139290445023
0.19919921875,0.046426229952984906
0.19921875,-0.10241628600809835
0.19923828125,0.10619632780171538
0.1992578125,0.12833673662292636
0.19927734375,-0.07170634939763769
0.199296875,0.008739484097287233
0.19931640625,0.04713498376500128
0.1993359375,0.05854266084351308
0.19935546875,-0.031028812429864626
0.199375,-0.2611028310521606
0.19939453125,-0.14096499862522954
0.1994140625,0.10649092970117387
0.19943359375,0.14599728002971998
0.199453125,-0.04794607283678722
0.19947265625,-0.1768141451818382
0.1994921875,0.02952121618807237
0.19951171875,0.11801462276363191
0.19953125,-0.04397882342364837
0.19955078125,-0.3269765300506635
0.1995703125,-0.5217812181639119
0.19958984375,-0.49001757364052984
0.199609375,-0.7542703002363257
0.19962890625,-0.9903923035516942
0.1996484375,-0.8017470554147821
0.19966796875,-0.8356754056524087
0.1996875,-0.9076730076828523
0.19970703125,-0.6413744029827578
0.1997265625,-0.28526201709815346
0.19974609375,-0.09233793473061831
0.199765625,-0.28839948338415183
0.19978515625,-0.34907227658156786
0.1998046875,-0.007586634486782274
0.19982421875,-0.08766324621467417
0.19984375,-0.6047230992061822
0.19986328125,-0.6869157912700599
0.1998828125,-0.4298707573843803
0.19990234375,-0.34072185911289715
0.199921875,-0.29845891371599576
0.19994140625,-0.36290473304841114
0.1999609375,-0.31182263529063114
0.19998046875,0.10001424551096194
0.2,0.1612273369606906
0.20001953125,-0.14034515318262916
0.2000390625,-0.05715849927882291
0.20005859375,0.1621203591441889
0.200078125,-0.16747189098905263
0.20009765625,-0.780075784906244
0.2001171875,-0.9311864597544197
0.20013671875,-0.6787101492173211
0.20015625,-0.6942784321314379
0.20017578125,-0.930045687682631
0.2001953125,-0.8723492973169423
0.20021484375,-0.7457573530180638
0.200234375,-0.5984466275444045
0.20025390625,-0.2953492641054037
0.2002734375,-0.3656490456997866
0.20029296875,-0.5588833712356394
0.2003125,-0.3105974766721093
0.20033203125,-0.13516436472419557
0.2003515625,-0.3815046583424505
0.20037109375,-0.5915926388965873
0.200390625,-0.3300064307953455
0.20041015625,0.06699700614589692
0.2004296875,0.040880931411450994
0.20044921875,-0.09828983585040987
0.20046875,-0.0725880774475023
0.20048828125,-0.18082191394930736
0.2005078125,-0.2533427369171466
0.20052734375,0.006266622167408406
0.200546875,0.3633475078911877
0.20056640625,0.4379749763176419
0.2005859375,0.12531816741112978
0.20060546875,-0.2231631057122762
0.200625,-0.1950987040879089
0.20064453125,-0.01939851587420404
0.2006640625,-0.03656685078879065
0.20068359375,-0.017386498277208243
0.200703125,-0.02199686237598778
0.20072265625,-0.1357404535710192
0.2007421875,-0.09528493848309355
0.20076171875,0.0807374272875835
0.20078125,0.1665657566344842
0.20080078125,-0.0395825347549014
0.2008203125,-0.24454777715091786
0.20083984375,-0.2085009877427117
0.200859375,-0.1605252930991019
0.20087890625,-0.38916096627462216
0.2008984375,-0.6948611149419318
0.20091796875,-0.44181004035227656
0.2009375,-0.2298017947747537
0.20095703125,-0.7376843414337824
0.2009765625,-1.1702607936653384
0.20099609375,-1.0601965926227985
0.201015625,-0.8341580875306329
0.20103515625,-0.7798454202411018
0.2010546875,-0.8205257809186144
0.20107421875,-0.905524693808643
0.20109375,-0.8165004539881477
0.20111328125,-0.5008424408421164
0.2011328125,-0.4047234682829829
0.20115234375,-0.3891382443700347
0.201171875,-0.23223234484005179
0.20119140625,-0.26799670835669454
0.2012109375,-0.34940221252467407
0.20123046875,-0.38904634318244397
0.20125,-0.6326117704337195
0.20126953125,-0.6054473422667896
0.2012890625,-0.2916844727225103
0.20130859375,-0.447681773162075
0.201328125,-0.6985914134400046
0.20134765625,-0.41930726114698896
0.2013671875,-0.14956389154507593
0.20138671875,-0.28571304147449084
0.20140625,-0.37887714293571556
0.20142578125,-0.30261165307397364
0.2014453125,-0.3277859633560236
0.20146484375,-0.3062205111628307
0.201484375,-0.2650654880168265
0.20150390625,-0.4604245540577988
0.2015234375,-0.5558285038781072
0.20154296875,-0.271470380868144
0.2015625,-0.11486994462312017
0.20158203125,-0.37914090940117084
0.2016015625,-0.5118491487441634
0.20162109375,-0.27827638525734494
0.201640625,-0.17331431187431737
0.20166015625,-0.3305166193474892
0.2016796875,-0.29667588291659625
0.20169921875,-0.05786545208340173
0.20171875,-0.03199057297938726
0.20173828125,-0.0002032029491106091
0.2017578125,0.27346214907546507
0.20177734375,0.25468474839910593
0.201796875,-0.03665859304695305
0.20181640625,0.027169347598370155
0.2018359375,0.10639420248777318
0.20185546875,-0.23115733041540343
0.201875,-0.40288039728265485
0.20189453125,-0.21787008096021335
0.2019140625,-0.10300561134223474
0.20193359375,-0.18500090405480912
0.201953125,-0.21562314725678244
0.20197265625,0.16071879952682655
0.2019921875,0.5143214746586697
0.20201171875,0.4399624531361882
0.20203125,0.41631739143822355
0.20205078125,0.3506784946640579
0.2020703125,0.049108876753130554
0.20208984375,-0.0020188037533878656
0.202109375,0.19993710281730456
0.20212890625,0.14378054768224258
0.2021484375,-0.16871522399132288
0.20216796875,-0.25369497239910965
0.2021875,-0.2392421245296402
0.20220703125,-0.5037321242007898
0.2022265625,-0.566525079098606
0.20224609375,-0.37958854997573477
0.202265625,-0.566981647574165
0.20228515625,-0.5692239871295312
0.2023046875,-0.07003644195741877
0.20232421875,0.26341505106497387
0.20234375,0.31903341656351814
0.20236328125,0.18690357547163863
0.2023828125,0.2362691953870665
0.20240234375,0.4979769657368175
0.202421875,0.6226440018738111
0.20244140625,0.6913155506182371
0.2024609375,0.4508412882068285
0.20248046875,0.20998356158266102
0.2025,0.35689232561881545
0.20251953125,0.3764265905415842
0.2025390625,0.515194684890046
0.20255859375,0.9191066342068144
0.202578125,0.8718719484138178
0.20259765625,0.521139263954468
0.2026171875,0.34184160194525914
0.20263671875,0.2957573950266182
0.20265625,0.3760167734244185
0.20267578125,0.3470032656838974
0.2026953125,0.13692052746223712
0.20271484375,-0.05637373314618396
0.202734375,-0.16967655682943006
0.20275390625,0.08360507216982538
0.2027734375,0.32102958804728604
0.20279296875,0.1385576089194311
0.2028125,0.17678423358849454
0.20283203125,0.3646690279499318
0.2028515625,0.2062035353874724
0.20287109375,-0.01569618646484418
0.202890625,-0.056807787442656826
0.20291015625,-0.0907492504169253
0.2029296875,-0.24161148011987704
0.20294921875,-0.3586421877681039
0.20296875,-0.4161711541054447
0.20298828125,-0.4927858909952757
0.2030078125,-0.45841250087040664
0.20302734375,-0.08914848054072412
0.203046875,0.35313995298217726
0.20306640625,0.18962955369186515
0.2030859375,-0.11623660644777489
0.20310546875,0.22308451462328518
0.203125,0.43517087290240364
0.20314453125,0.03254206046417602
0.2031640625,-0.10333946899908722
0.20318359375,0.24863490380711634
0.203203125,0.4374277038579254
0.20322265625,0.4084096510035159
0.2032421875,0.3501458125963789
0.20326171875,0.26720167487166874
0.20328125,0.2982512181591905
0.20330078125,0.19776033746201338
0.2033203125,0.05773339008454355
0.20333984375,0.250217542486932
0.203359375,0.2685614950169081
0.20337890625,0.08696569683456654
0.2033984375,0.09177431814277334
0.20341796875,0.13322082018126163
0.2034375,0.3136206517899987
0.20345703125,0.4582733659916307
0.2034765625,0.22325469954821137
0.20349609375,0.08926272372414401
0.203515625,0.33411196722210573
0.20353515625,0.5607704354179179
0.2035546875,0.527381095082144
0.20357421875,0.23911448751204312
0.20359375,0.05493054326117082
0.20361328125,0.2499841918924714
0.2036328125,0.29847980426426785
0.20365234375,-0.11905964679640912
0.203671875,-0.41984339729993636
0.20369140625,-0.31730611171804535
0.2037109375,-0.29875646467163164
0.20373046875,-0.5143169765618071
0.20375,-0.513974481645292
0.20376953125,-0.23263770085647514
0.2037890625,-0.06532787721778832
0.20380859375,-0.05858287665055743
0.203828125,-0.10662997417707479
0.20384765625,-0.14832147606592283
0.2038671875,-0.04228126607068493
0.20388671875,-0.047149637643728703
0.20390625,-0.10126756165991517
0.20392578125,-0.04070847650169869
0.2039453125,-0.24548864145590354
0.20396484375,-0.3244143151252875
0.203984375,-0.21281284184911614
0.20400390625,-0.27595194454220046
0.2040234375,-0.05334477395990651
0.20404296875,0.22134855971729278
0.2040625,0.41096265319667474
0.20408203125,0.7470749498688962
0.2041015625,0.7460528384662035
0.20412109375,0.5929869919634106
0.204140625,0.6898368147478602
0.20416015625,0.6589664859074496
0.2041796875,0.25604605711265516
0.20419921875,-0.08749297177935028
0.20421875,-0.08873834077601203
0.20423828125,-0.08501983828087381
0.2042578125,-0.028880788982525406
0.20427734375,0.17449731173641714
0.204296875,0.18835637476941453
0.20431640625,0.07940421439347413
0.2043359375,0.20386483724376567
0.20435546875,0.4705988812444798
0.204375,0.428571893701016
0.20439453125,0.22823987079395738
0.2044140625,0.27526944541126425
0.20443359375,0.49697309631398345
0.204453125,0.7130239706835496
0.20447265625,0.7039320543683346
0.2044921875,0.47534033504221285
0.20451171875,0.30645079123169594
0.20453125,0.5484852738089732
0.20455078125,1.021467748015079
0.2045703125,0.9552062912262443
0.20458984375,0.6972711712318941
0.204609375,0.9112769516012944
0.20462890625,1.1373946602297687
0.2046484375,1.1296722261558199
0.20466796875,0.9573805559496864
0.2046875,0.8210796335980142
0.20470703125,0.9073255223795984
0.2047265625,0.7960929743103295
0.20474609375,0.673629264088955
0.204765625,0.7120851971102261
0.20478515625,0.5791930713619798
0.2048046875,0.6301020594779153
0.20482421875,0.5716481069265689
0.20484375,0.10627473637788418
0.20486328125,0.11618923293855793
0.2048828125,0.43726060564713937
0.20490234375,0.2829378133054024
0.204921875,-0.0037756105291684196
0.20494140625,-0.07002616214253346
0.2049609375,-0.04873603891508533
0.20498046875,0.07699605372134397
0.205,0.17815784686324082
0.20501953125,0.10007432806012984
0.2050390625,0.07784398022416766
0.20505859375,0.12651170746256113
0.205078125,-0.1476256302407639
0.20509765625,-0.3793433336447096
0.2051171875,-0.0007089069526611189
0.20513671875,0.16909975803654564
0.20515625,-0.18953966586860127
0.20517578125,-0.19473179957357778
0.2051953125,0.13080514680833039
0.20521484375,0.32712344368003565
0.205234375,0.30103879761356533
0.20525390625,0.3685220010454108
0.2052734375,0.7285928729019191
0.20529296875,0.7623551098821142
0.2053125,0.5956307727455772
0.20533203125,0.5872194697090349
0.2053515625,0.28644534245157743
0.20537109375,0.10627702830783255
0.205390625,0.30798242403049175
0.20541015625,0.281943806473106
0.2054296875,0.18073883327386472
0.20544921875,0.33219337019746137
0.20546875,0.6528226907262982
0.20548828125,0.9575542026002483
0.2055078125,0.8963090052404358
0.20552734375,0.6032566836979836
0.205546875,0.5301252872456346
0.20556640625,0.43888666613842164
0.2055859375,0.09094669128038926
0.20560546875,-0.0504820939358434
0.205625,0.08236607115371641
0.20564453125,0.02735147101858606
0.2056640625,-0.10259093860586525
0.20568359375,-0.07097650558019544
0.205703125,-0.02566051739930271
0.20572265625,0.03136887598934137
0.2057421875,-0.03537833751920862
0.20576171875,-0.25205291629601523
0.20578125,-0.30046058907146367
0.20580078125,-0.20114294176924274
0.2058203125,-0.18533698053729025
0.20583984375,-0.3317848219877736
0.205859375,-0.4948210780897517
0.20587890625,-0.6326096576439666
0.2058984375,-0.6691881958085083
0.20591796875,-0.39099034507960123
0.2059375,-0.17562024627195577
0.20595703125,-0.2780649001709181
0.2059765625,-0.28301305689498457
0.20599609375,-0.007814844817383551
0.206015625,0.23422702793190728
0.20603515625,0.19593683010537974
0.2060546875,0.20325779143018918
0.20607421875,0.3721796872725569
0.20609375,0.33583571181730015
0.20611328125,0.19434150341545123
0.2061328125,0.04153494714590719
0.20615234375,-0.14785841567052357
0.206171875,-0.07917334018755744
0.20619140625,0.10737382276867408
0.2062109375,0.1374350436628326
0.20623046875,0.08251167429757617
0.20625,0.10598677329859701
0.20626953125,0.29390989642354487
0.2062890625,0.08047888099750308
0.20630859375,-0.5419033054085106
0.206328125,-0.5402735602506122
0.20634765625,-0.15200583471034868
0.2063671875,-0.18766841296070758
0.20638671875,-0.20658170331529074
0.20640625,0.046565534686409345
0.20642578125,0.059805183302779674
0.2064453125,-0.18313859381369824
0.20646484375,-0.08976335270288135
0.206484375,0.3340463720569949
0.20650390625,0.3594364671578547
0.2065234375,0.23381326869503008
0.20654296875,0.36179247327207503
0.2065625,0.14403133305562943
0.20658203125,-0.036187068538461674
0.2066015625,0.26964260602291706
0.20662109375,0.506008602316919
0.206640625,0.7209255538081631
0.20666015625,0.7702448207246702
0.2066796875,0.6115763158217764
0.20669921875,0.6615856035697062
0.20671875,0.5396413958301822
0.20673828125,0.3872369926032627
0.2067578125,0.5398771087171299
0.20677734375,0.5502202479663603
0.206796875,0.21714738990664637
0.20681640625,-0.21551184235301082
0.2068359375,-0.03013682468523529
0.20685546875,0.33897645624268796
0.206875,-0.033458984281724606
0.20689453125,-0.3237659714435268
0.2069140625,-0.3019549264833832
0.20693359375,-0.2903691848534888
0.206953125,-0.1124679021312972
0.20697265625,-0.15975888598418703
0.2069921875,-0.3345478794532109
0.20701171875,-0.5067579875920158
0.20703125,-0.5769195406158014
0.20705078125,-0.23380458976410545
0.2070703125,-0.14442952841699813
0.20708984375,-0.30830352009210676
0.207109375,-0.21052298168893724
0.20712890625,-0.21284459586500903
0.2071484375,-0.28313566500800336
0.20716796875,-0.1892689683455444
0.2071875,-0.14594594348534576
0.20720703125,-0.22979492896468995
0.2072265625,-0.25457354224275713
0.20724609375,-0.02486022752441562
0.207265625,0.29146907467927163
0.20728515625,0.08279574662077255
0.2073046875,-0.5172465400232391
0.20732421875,-0.4246741297548982
0.20734375,0.12862362897235968
0.20736328125,0.26835978846207403
0.2073828125,0.3479189183268785
0.20740234375,0.2735625293298678
0.207421875,0.00904271401874376
0.20744140625,0.0831587535400416
0.2074609375,0.033910852256883395
0.20748046875,-0.14000259542073928
0.2075,-0.23571460651632406
0.20751953125,-0.2932745585624956
0.2075390625,0.20540640444808556
0.20755859375,0.3825589598887075
0.207578125,-0.2825912557750248
0.20759765625,-0.4984855623505385
0.2076171875,-0.2132810090640304
0.20763671875,-0.01893810417098021
0.20765625,0.07291079436751753
0.20767578125,-0.06447679947469909
0.2076953125,-0.25595905707177485
0.20771484375,-0.3355283777265234
0.207734375,-0.4681996647572789
0.20775390625,-0.6304421238543857
0.2077734375,-0.7033614182329258
0.20779296875,-0.5737498497033373
0.2078125,-0.25304593221515065
0.20783203125,-0.19627086773558214
0.2078515625,-0.3807575724803507
0.20787109375,-0.30617329459830467
0.207890625,-0.12839700371805468
0.20791015625,-0.10908552651510596
0.2079296875,-0.2819244465058137
0.20794921875,-0.41133665528996544
0.20796875,-0.27628830668355164
0.20798828125,-0.22296899971865342
0.2080078125,-0.11269579687260117
0.20802734375,0.1573778076350283
0.208046875,0.22574492366646629
0.20806640625,0.25726712405914937
0.2080859375,-0.05214125246303808
0.20810546875,-0.4122949903636789
0.208125,0.011856019696068788
0.20814453125,0.2614178783053115
0.2081640625,0.019462531754409946
0.20818359375,-0.1843265519196538
0.208203125,-0.5206139938349117
0.20822265625,-0.5351692179239942
0.2082421875,-0.40210368661464224
0.20826171875,-0.5582970678646827
0.20828125,-0.5308394670860458
0.20830078125,-0.49265854173976864
0.2083203125,-0.5467101005136806
0.20833984375,-0.2875200079913654
0.208359375,0.05491327921704947
0.20837890625,0.11185258332738726
0.2083984375,0.034564509325085764
0.20841796875,0.009352637640537273
0.2084375,-0.020829201288265275
0.20845703125,-0.0791963740337305
0.2084765625,-0.16660224036184507
0.20849609375,-0.16690127139146238
0.208515625,-0.22078511691852634
0.20853515625,-0.4282201167956444
0.2085546875,-0.2541309867659939
0.20857421875,0.09390869822237843
0.20859375,0.1287045459173573
0.20861328125,0.1472607948330626
0.2086328125,0.13275817935164702
0.20865234375,0.1343845792396709
0.208671875,0.19024703989347716
0.20869140625,-0.14429854917005702
0.2087109375,-0.4774704028213574
0.20873046875,-0.36939175102199895
0.20875,-0.25020620032482993
0.20876953125,-0.19357593581236482
0.2087890625,-0.0391380809187805
0.20880859375,0.019968775903221346
0.208828125,-0.05517322751670743
0.20884765625,-0.03942692199342231
0.2088671875,0.11806338095358265
0.20888671875,0.07489766194043394
0.20890625,-0.35705262714815
0.20892578125,-0.5849695961367332
0.2089453125,-0.4547404312215608
0.20896484375,-0.5265022871501603
0.208984375,-0.6055872967117879
0.20900390625,-0.5440467663660494
0.2090234375,-0.541970867545315
0.20904296875,-0.43581725410549976
0.2090625,-0.39620403610195265
0.20908203125,-0.5792547405193497
0.2091015625,-0.7541460155273461
0.20912109375,-0.6402538966658464
0.209140625,-0.37705942995950326
0.20916015625,-0.6568540628911012
0.2091796875,-1.139544426369309
0.20919921875,-0.9588109715530515
0.20921875,-0.5553032494456909
0.20923828125,-0.41484113695424285
0.2092578125,-0.3259442888324807
0.20927734375,-0.3520169872896398
0.209296875,-0.49991915386621155
0.20931640625,-0.46023221339348963
0.2093359375,-0.11870423103950718
0.20935546875,0.23963228086483238
0.209375,0.13353330295235766
0.20939453125,-0.32605831352268805
0.2094140625,-0.49499771032370976
0.20943359375,-0.21305428339441126
0.209453125,-0.04254433158827105
0.20947265625,-0.3386604335159682
0.2094921875,-0.6468651968409083
0.20951171875,-0.6925640066415215
0.20953125,-0.5184137764174127
0.20955078125,-0.19826479657666607
0.2095703125,-0.2287644878608541
0.20958984375,-0.4001484101661773
0.209609375,-0.24492268102733702
0.20962890625,-0.07620158456583775
0.2096484375,0.002356476678530922
0.20966796875,-0.08736839493317275
0.2096875,-0.03698165714277152
0.20970703125,0.3304288239852831
0.2097265625,0.18122278479429071
0.20974609375,-0.2512024483967197
0.209765625,-0.2378950823045508
0.20978515625,0.042171833844894493
0.2098046875,0.27816773738466616
0.20982421875,0.0998730968521647
0.20984375,-0.20867084309987657
0.20986328125,-0.14620202173966668
0.2098828125,-0.1490879667438657
0.20990234375,-0.34349905182487284
0.209921875,-0.2055305574405319
0.20994140625,0.06351770707167091
0.2099609375,0.0031922478793585014
0.20998046875,-0.05119643237433529
0.21,0.0388196338676665
0.21001953125,0.05195366671692057
0.2100390625,0.22112030449452982
0.21005859375,0.47615543833970736
0.210078125,0.3847332632330265
0.21009765625,0.01745922071058554
0.2101171875,-0.11226204310517386
0.21013671875,0.22785048701948657
0.21015625,0.4025855354519245
0.21017578125,0.0667333871682658
0.2101953125,-0.2578256135373085
0.21021484375,-0.36101489665164066
0.210234375,-0.14346930413103698
0.21025390625,0.18995803444486276
0.2102734375,0.09782075135348922
0.21029296875,-0.07135172321471887
0.2103125,-0.055237991643132145
0.21033203125,-0.1658862474805952
0.2103515625,-0.2378275101007688
0.21037109375,-0.17138243538042583
0.210390625,-0.08344083916269157
0.21041015625,0.007131787526674687
0.2104296875,-0.07080330458582654
0.21044921875,-0.14568633238207884
0.21046875,-0.014075574582941234
0.21048828125,0.1928330492526214
0.2105078125,0.5378150233418924
0.21052734375,0.8687134128469043
0.210546875,1.02914549166136
0.21056640625,1.1212851024133637
0.2105859375,0.9033936870135346
0.21060546875,0.5713433084237225
0.210625,0.6319166706987827
0.21064453125,0.6783765602493803
0.2106640625,0.43647784685908675
0.21068359375,0.2947972858819338
0.210703125,0.23551555618858017
0.21072265625,0.16239453362957784
0.2107421875,0.15609887947358636
0.21076171875,0.05155653197392107
0.21078125,-0.11859540211378947
0.21080078125,-0.1087335372597452
0.2108203125,-0.011736275118842739
0.21083984375,-0.1134062301374403
0.210859375,-0.237775877007145
0.21087890625,-0.11006437128989699
0.2108984375,-0.18558578155269426
0.21091796875,-0.3996985520549183
0.2109375,-0.21609622681446913
0.21095703125,-0.14890878268162835
0.2109765625,-0.290991798663665
0.21099609375,-0.2642400215144418
0.211015625,-0.3160768579379402
0.21103515625,-0.2793662734219685
0.2110546875,-0.1178605109793723
0.21107421875,-0.09031797672481356
0.21109375,-0.1438093235418476
0.21111328125,-0.29867591481163175
0.2111328125,-0.15626389519670186
0.21115234375,0.24982468077322556
0.211171875,0.280327912454434
0.21119140625,0.2555137923986764
0.2112109375,0.3210584898914306
0.21123046875,0.1692667272256275
0.21125,0.08747431278627071
0.21126953125,0.08503532060677924
0.2112890625,-0.003945936683305493
0.21130859375,-0.10559930697067549
0.211328125,-0.07212841170576119
0.21134765625,0.21112521932275868
0.2113671875,0.33714727921486426
0.21138671875,0.16668493808498583
0.21140625,0.19529565624425282
0.21142578125,0.43942486416071913
0.2114453125,0.4903307272126089
0.21146484375,0.253411771291724
0.211484375,-0.14845387823224365
0.21150390625,-0.2988253807234943
0.2115234375,0.07061501306063712
0.21154296875,0.19101032363002732
0.2115625,-0.15473987810037668
0.21158203125,-0.12967473912758415
0.2116015625,0.14458840056693661
0.21162109375,0.12461403215128908
0.211640625,-0.02691308883080829
0.21166015625,0.10682568470016829
0.2116796875,0.46183056483977825
0.21169921875,0.36505957892302954
0.21171875,0.10904785295554999
0.21173828125,0.2355708156027882
0.2117578125,0.136444279202158
0.21177734375,0.006544256580888898
0.211796875,0.0517822042452592
0.21181640625,-0.24103010573407774
0.2118359375,-0.2300605184181895
0.21185546875,0.07428332191077963
0.211875,-0.08691994061913745
0.21189453125,-0.3343936560964784
0.2119140625,-0.3054159888601966
0.21193359375,-0.009307299714755218
0.211953125,0.16554565944526836
0.21197265625,0.04488769135319876
0.2119921875,0.09294409460075873
0.21201171875,0.1091336642462406
0.21203125,0.1111308125982475
0.21205078125,0.27050382545317003
0.2120703125,0.2365967526371192
0.21208984375,0.31966440305723
0.212109375,0.384471218293726
0.21212890625,0.17895944727186597
0.2121484375,0.3199005581750628
0.21216796875,0.4747563055466407
0.2121875,0.33311723512741
0.21220703125,0.352552194960557
0.2122265625,0.37392246076726154
0.21224609375,0.43700760700400976
0.212265625,0.5436270924540033
0.21228515625,0.3692093885230071
0.2123046875,0.2991596769459139
0.21232421875,0.4046981030750339
0.21234375,0.39785216093833486
0.21236328125,0.3040512081190547
0.2123828125,0.14245643876951009
0.21240234375,0.16869331445431157
0.212421875,0.24611301078053432
0.21244140625,0.3328317303938555
0.2124609375,0.7399884885885109
0.21248046875,0.8813257319224304
0.2125,0.7338287403319612
0.21251953125,0.8328523466175712
0.2125390625,0.8326983607846199
0.21255859375,0.634765364600183
0.212578125,0.44666302404472447
0.21259765625,0.4442732944183584
0.2126171875,0.5606072141760841
0.21263671875,0.5018767212333319
0.21265625,0.5428135981343699
0.21267578125,0.5410444172334778
0.2126953125,0.4116409892497164
0.21271484375,0.5581123724685357
0.212734375,0.562720057807912
0.21275390625,0.4196750108995757
0.2127734375,0.5709089387366916
0.21279296875,0.7866263329206723
0.2128125,0.720339480689424
0.21283203125,0.35459766998063647
0.2128515625,0.11789177138085771
0.21287109375,0.0774623843630235
0.212890625,0.04045633946396035
0.21291015625,0.19640505673839764
0.2129296875,0.3327240832092397
0.21294921875,0.0781857754254969
0.21296875,-0.1381408568378373
0.21298828125,0.005556438538634242
0.2130078125,0.17706276758067319
0.21302734375,0.3944693356595635
0.213046875,0.4583962140854174
0.21306640625,0.14424631045297143
0.2130859375,0.08483339477094567
0.21310546875,0.3921623725065625
0.213125,0.5499952698440909
0.21314453125,0.27885624887105365
0.2131640625,0.014577958644396288
0.21318359375,0.33851660845052284
0.213203125,0.5158973057585301
0.21322265625,0.15866256228029677
0.2132421875,0.06224867998475105
0.21326171875,0.2802627590815001
0.21328125,0.4211991005947621
0.21330078125,0.2679377601956095
0.2133203125,-0.08079833978929776
0.21333984375,-0.08054447452748605
0.213359375,0.08502205935254356
0.21337890625,0.08117433120923825
0.2133984375,0.040863379629213194
0.21341796875,-0.09379798627021396
0.2134375,0.016507101200909507
0.21345703125,0.38543622522519344
0.2134765625,0.6163295096740636
0.21349609375,0.7455948870998409
0.213515625,0.522488112123831
0.21353515625,0.3034235470027864
0.2135546875,0.638844129375761
0.21357421875,0.7792140419996187
0.21359375,0.46482378028565285
0.21361328125,0.2936271109838817
0.2136328125,0.263410832764681
0.21365234375,0.18190633188091979
0.213671875,-0.01830265505219783
0.21369140625,-0.2650236284667329
0.2137109375,-0.20786251582608856
0.21373046875,0.012951239750528967
0.21375,-0.04712905749134378
0.21376953125,-0.22459618389320812
0.2137890625,-0.1851685548093982
0.21380859375,-0.08066876534821359
0.213828125,0.04292744392414742
0.21384765625,0.2708594963774684
0.2138671875,0.15285470320216224
0.21388671875,-0.2798065302422481
0.21390625,-0.4968156457868913
0.21392578125,-0.4132299791487612
0.2139453125,-0.05185859409426788
0.21396484375,0.22253323168430184
0.213984375,0.20691335891708407
0.21400390625,0.205354421622998
0.2140234375,0.2124486271113745
0.21404296875,0.24204342420967884
0.2140625,0.33171827627489947
0.21408203125,0.2936396708434979
0.2141015625,0.07572847336873989
0.21412109375,-0.09982076802192737
0.214140625,-0.115661704810334
0.21416015625,-0.20609035142700308
0.2141796875,-0.26252905811569693
0.21419921875,-0.15239921654602612
0.21421875,-0.03858719627910225
0.21423828125,0.009345302970953082
0.2142578125,-0.020610572039459495
0.21427734375,0.05409174831017884
0.214296875,0.11767189112778431
0.21431640625,0.21441429154916344
0.2143359375,0.28739226961472497
0.21435546875,-0.08282600338334387
0.214375,-0.153374979373473
0.21439453125,0.2059396906299194
0.2144140625,0.18862326748199088
0.21443359375,0.09522221142773238
0.214453125,0.15686267855230315
0.21447265625,0.29856470187917483
0.2144921875,0.4684286770506375
0.21451171875,0.38429407420344336
0.21453125,0.250350660973795
0.21455078125,0.1831650095520379
0.2145703125,0.22751294369793876
0.21458984375,0.5478289706765439
0.214609375,0.5311511549260434
0.21462890625,0.29213384110363405
0.2146484375,0.6116857284709523
0.21466796875,0.8075787583168533
0.2146875,0.4809313414868346
0.21470703125,0.3690101815686653
0.2147265625,0.4501072982673398
0.21474609375,0.43249001485516114
0.214765625,0.367706555277172
0.21478515625,0.16656746746747098
0.2148046875,-0.048899077318850806
0.21482421875,-0.20525117951808594
0.21484375,-0.20574088689440911
0.21486328125,0.062316165301040644
0.2148828125,0.09335676351665476
0.21490234375,0.07339180312090639
0.214921875,0.2655407790623362
0.21494140625,0.11865393416493085
0.2149609375,0.09996793287647263
0.21498046875,0.34382408528018005
0.215,0.140832988913892
0.21501953125,-0.2616932468841643
0.2150390625,-0.5085152882500534
0.21505859375,-0.4809570096148553
0.215078125,-0.4466062293203439
0.21509765625,-0.8267013336856401
0.2151171875,-0.9346542758500291
0.21513671875,-0.37355075656523823
0.21515625,0.09022149774659097
0.21517578125,-0.08151615407383403
0.2151953125,-0.4830053648614176
0.21521484375,-0.24583027161509724
0.215234375,0.2684500328682715
0.21525390625,0.15586024435153453
0.2152734375,0.04591674969615596
0.21529296875,0.2921837251872459
0.2153125,0.1992624556441682
0.21533203125,0.06102203921183787
0.2153515625,0.22433178825249042
0.21537109375,0.22591181932136936
0.215390625,0.09442899529802797
0.21541015625,-0.0009689438496319055
0.2154296875,-0.06266641850512457
0.21544921875,-0.16549839913821432
0.21546875,-0.426491040251664
0.21548828125,-0.3056854011168521
0.2155078125,0.06585829959832845
0.21552734375,-0.15004258743650217
0.215546875,-0.37313199224012483
0.21556640625,-0.11882946892934954
0.2155859375,-0.1929835088170857
0.21560546875,-0.5663245526248568
0.215625,-0.7003888702940679
0.21564453125,-0.8044136998290461
0.2156640625,-0.9092807382584374
0.21568359375,-1.0204561572608188
0.215703125,-1.0319828407308
0.21572265625,-0.7063604416910781
0.2157421875,-0.5732895119893897
0.21576171875,-0.6580907652176518
0.21578125,-0.49970958500981016
0.21580078125,-0.2310499804336623
0.2158203125,-0.14293708426069912
0.21583984375,-0.2927823923932895
0.215859375,-0.406395711908054
0.21587890625,-0.5585940002367412
0.2158984375,-0.5696079515377401
0.21591796875,-0.18374251502597794
0.2159375,-0.16588663883790333
0.21595703125,-0.400402519336632
0.2159765625,-0.30520876382805473
0.21599609375,-0.2231280796061931
0.216015625,0.01632626920706591
0.21603515625,0.26594204216711165
0.2160546875,0.06356625960250842
0.21607421875,0.0013723174322083755
0.21609375,0.03714547329390715
0.21611328125,-0.09706944766613172
0.2161328125,-0.05839222721173408
0.21615234375,-0.2657982509385855
0.216171875,-0.5720298575218961
0.21619140625,-0.4040077648802802
0.2162109375,-0.37880505767973705
0.21623046875,-0.6797174515315605
0.21625,-0.786239870962397
0.21626953125,-0.5425837631093274
0.2162890625,-0.07678474786341039
0.21630859375,0.20688280012302818
0.216328125,0.1944606284274428
0.21634765625,0.022212854215018014
0.2163671875,-0.11588958572122568
0.21638671875,0.08825019608530785
0.21640625,0.14249411709088758
0.21642578125,-0.17087185185223716
0.2164453125,-0.2541626716567821
0.21646484375,-0.3375196856757059
0.216484375,-0.511219224419379
0.21650390625,-0.45728950629782755
0.2165234375,-0.4264966502709865
0.21654296875,-0.355721480934484
0.2165625,-0.19252289383760954
0.21658203125,-0.09503225351211488
0.2166015625,0.09246369542079722
0.21662109375,0.3062292267954195
0.216640625,0.49696743540034627
0.21666015625,0.588543460880891
0.2166796875,0.2724986108425142
0.21669921875,0.006406905498666765
0.21671875,0.25878428486574173
0.21673828125,0.39257078409285395
0.2167578125,0.16884688901011602
0.21677734375,0.1829476732858436
0.216796875,0.28428119381988026
0.21681640625,-0.017152328110124786
0.2168359375,-0.2637283251057109
0.21685546875,-0.29454480679614303
0.216875,-0.5654390874006274
0.21689453125,-0.8663880469985532
0.2169140625,-0.9032471221691876
0.21693359375,-0.7990527482727288
0.216953125,-0.8772209138781986
0.21697265625,-1.0265026293259076
0.2169921875,-0.8130807441145189
0.21701171875,-0.6293569169449175
0.21703125,-0.74245984354698
0.21705078125,-0.8144749396580604
0.2170703125,-0.7241549231009734
0.21708984375,-0.5989030069165161
0.217109375,-0.6345533329933362
0.21712890625,-0.5243509123301437
0.2171484375,-0.2390441322091984
0.21716796875,-0.19116060255308895
0.2171875,-0.16662249347306174
0.21720703125,-0.1555271486853325
0.2172265625,-0.03503744629856713
0.21724609375,0.27467355149969785
0.217265625,0.12887494840375316
0.21728515625,-0.05934419544700751
0.2173046875,0.14296673586047703
0.21732421875,0.096307841361311
0.21734375,-0.12019785183901191
0.21736328125,-0.12685195704826382
0.2173828125,-0.13305870556098748
0.21740234375,-0.34495076371845956
0.217421875,-0.5809905471091856
0.21744140625,-0.5546753819651271
0.2174609375,-0.41115259404667037
0.21748046875,-0.430969363447749
0.2175,-0.3768834723860617
0.21751953125,-0.18317649353844406
0.2175390625,-0.3773749081435529
0.21755859375,-0.6323869916989261
0.217578125,-0.3567160274403088
0.21759765625,-0.1699715748264955
0.2176171875,-0.2737433973700356
0.21763671875,-0.2876538867530295
0.21765625,-0.17885392345406975
0.21767578125,0.17562462124634032
0.2176953125,0.23329828165042016
0.21771484375,-0.08202011053058118
0.217734375,0.12804275592368988
0.21775390625,0.36664652845770174
0.2177734375,0.060330339315552726
0.21779296875,-0.13250447942557975
0.2178125,-0.07330794460274728
0.21783203125,-0.07738368256782559
0.2178515625,-0.0346285011443217
0.21787109375,0.2067822981833175
0.217890625,0.3923573601674205
0.21791015625,0.27928778682651834
0.2179296875,0.14211285857709816
0.21794921875,0.2387731371741263
0.21796875,0.2953322306682222
0.21798828125,0.260373661908337
0.2180078125,0.29781640641956336
0.21802734375,0.30790482979857087
0.218046875,0.32246650452337744
0.21806640625,0.23191091191768484
0.2180859375,0.14706801173011017
0.21810546875,0.3331960263178967
0.218125,0.45014869280222286
0.21814453125,0.3761375289474661
0.2181640625,0.24311341073638412
0.21818359375,0.2595049100213285
0.218203125,0.45288192775021274
0.21822265625,0.18552733160343082
0.2182421875,-0.1767965644258335
0.21826171875,0.1474958559280532
0.21828125,0.3600313583076684
0.21830078125,-0.05347812788426165
0.2183203125,-0.39499765588103586
0.21833984375,-0.18817279496451988
0.218359375,0.21709558574625376
0.21837890625,0.14158458440587374
0.2183984375,-0.06386916643620826
0.21841796875,0.19142084886702182
0.2184375,0.3837299843660684
0.21845703125,0.19096399485257157
0.2184765625,0.056539059085756516
0.21849609375,0.3282486837926589
0.218515625,0.6662193303262518
0.21853515625,0.5988798051145918
0.2185546875,0.5704742367479709
0.21857421875,0.6958192427453938
0.21859375,0.6316657291775173
0.21861328125,0.7001119874064768
0.2186328125,0.6682281862053658
0.21865234375,0.37648021547117316
0.218671875,0.31221934963270925
0.21869140625,0.4251720355997467
0.2187109375,0.595562759364357
0.21873046875,0.4417715937152711
0.21875,0.03950678965175108
0.21876953125,0.04900564829804047
0.2187890625,0.054796398571418097
0.21880859375,0.004694181808894846
0.218828125,0.16868018756401493
0.21884765625,0.05352547916634494
0.2188671875,-0.07043491460439974
0.21888671875,0.02748958414039277
0.21890625,-0.044791436842845936
0.21892578125,-0.15661808842751487
0.2189453125,-0.22837206274339877
0.21896484375,-0.26669710319928264
0.218984375,-0.27272910740379286
0.21900390625,-0.42253612707936405
0.2190234375,-0.46928482003999566
0.21904296875,-0.23417330778673456
0.2190625,0.002111081262414636
0.21908203125,0.022977920972150324
0.2191015625,0.024398830337707803
0.21912109375,0.19285584019736174
0.219140625,0.21923883411842487
0.21916015625,0.1373780554602146
0.2191796875,0.18680751603791726
0.21919921875,0.18422338061287533
0.21921875,0.14094404924774945
0.21923828125,0.19022414212950145
0.2192578125,0.30825698909924604
0.21927734375,0.23055209830093046
0.219296875,-0.12163506850399448
0.21931640625,-0.2432341835477294
0.2193359375,-0.07283645022046731
0.21935546875,0.13269950145505904
0.219375,0.3021823302512907
0.21939453125,0.10054832914165579
0.2194140625,-0.09089208152106322
0.21943359375,0.372483250557047
0.219453125,0.6567401403623001
0.21947265625,0.46904391236674164
0.2194921875,0.5617872295352071
0.21951171875,0.6025723104443912
0.21953125,0.5597515961582008
0.21955078125,0.6659080086250113
0.2195703125,0.5242336124068017
0.21958984375,0.4079786468075307
0.219609375,0.4490987896837195
0.21962890625,0.4901459837509038
0.2196484375,0.48967013911855406
0.21966796875,0.28373157718056663
0.2196875,0.22426702148167904
0.21970703125,0.35327308376008004
0.2197265625,0.25579923903575313
0.21974609375,-0.03957606386517626
0.219765625,-0.2758630512202039
0.21978515625,-0.35647283165658716
0.2198046875,-0.4631302635535825
0.21982421875,-0.4457297928961052
0.21984375,-0.22668035060461553
0.21986328125,-0.3199132669548621
0.2198828125,-0.5300189167100309
0.21990234375,-0.21538185885066052
0.219921875,0.2402391319905799
0.21994140625,0.2148274299327556
0.2199609375,0.09091694771843856
0.21998046875,0.32465447823573046
0.22,0.6672070775686926
0.22001953125,0.6258759132102303
0.2200390625,0.13950246177231174
0.22005859375,-0.07603326776896545
0.220078125,0.16204122187337877
0.22009765625,0.3779593051010437
0.2201171875,0.3867047522675549
0.22013671875,0.02871186084984556
0.22015625,-0.14759580248074178
0.22017578125,0.2529019422135412
0.2201953125,0.4780384525977863
0.22021484375,0.5376257319075898
0.220234375,0.7126308800846184
0.22025390625,0.5317733048990613
0.2202734375,0.1624522263404196
0.22029296875,0.11631538735310196
0.2203125,0.2670646216983518
0.22033203125,0.26043476533464405
0.2203515625,0.0641443847760216
0.22037109375,-0.0063256879793283025
0.220390625,0.24599880353007564
0.22041015625,0.47808675089984537
0.2204296875,0.36451642878489726
0.22044921875,0.34913581434717283
0.22046875,0.6238954506118339
0.22048828125,0.6738681957610011
0.2205078125,0.650242392579824
0.22052734375,0.8936040567968367
0.220546875,0.958131271275348
0.22056640625,0.6961222302649631
0.2205859375,0.5233061752634984
0.22060546875,0.5526572172926036
0.220625,0.5426850840572787
0.22064453125,0.4195700156246488
0.2206640625,0.49813153317539616
0.22068359375,0.7259470372594266
0.220703125,0.6716853782300937
0.22072265625,0.4672419193987767
0.2207421875,0.5308834178463433
0.22076171875,0.8571396575470187
0.22078125,0.8660853750187381
0.22080078125,0.4286970777664352
0.2208203125,0.2323612699038624
0.22083984375,0.3000313625622293
0.220859375,0.34175699085003863
0.22087890625,0.36805566841779375
0.2208984375,0.2506460626985011
0.22091796875,0.2214749300672615
0.2209375,0.2723801392278661
0.22095703125,0.1351307338334496
0.2209765625,0.19011907064054234
0.22099609375,0.46603739959253576
0.221015625,0.6116317109619513
0.22103515625,0.6619575745300679
0.2210546875,0.5578858244448937
0.22107421875,0.2517139108602085
0.22109375,0.1393657912676077
0.22111328125,0.4041242070979341
0.2211328125,0.4773297892744186
0.22115234375,0.3029780734119812
0.221171875,0.3625687912336793
0.22119140625,0.28953031464938395
0.2212109375,-0.04920560643317359
0.22123046875,-0.09052079988176397
0.22125,0.12343413292616465
0.22126953125,0.2255888105003927
0.2212890625,0.2622410399897277
0.22130859375,0.26864830561053243
0.221328125,0.07362995090615233
0.22134765625,-0.06016551516572883
0.2213671875,0.11206121331930922
0.22138671875,0.27713779918984005
0.22140625,0.30493402354730187
0.22142578125,0.2921363828457221
0.2214453125,0.3558339987174323
0.22146484375,0.4979421081933174
0.221484375,0.5280813453211372
0.22150390625,0.5283872243080392
0.2215234375,0.5747866834078054
0.22154296875,0.6456899062776618
0.2215625,0.6789886938892293
0.22158203125,0.4161820340339921
0.2216015625,0.12129550404400363
0.22162109375,0.08483949297424977
0.221640625,-0.02409158911987916
0.22166015625,-0.13296475119515885
0.2216796875,-0.11794456134991031
0.22169921875,-0.12021400381691197
0.22171875,0.18779438788739783
0.22173828125,0.4883954972374851
0.2217578125,0.11581087900962889
0.22177734375,-0.1724536146864272
0.221796875,0.17007268333383246
0.22181640625,0.38096220913165896
0.2218359375,0.08790422986996936
0.22185546875,-0.371432220500523
0.221875,-0.45966481520784164
0.22189453125,-0.1528312606903587
0.2219140625,-0.048443496673069214
0.22193359375,-0.15148319242969205
0.221953125,-0.1436698400716095
0.22197265625,0.00806785548374981
0.2219921875,0.039461040486949886
0.22201171875,-0.36805220378562725
0.22203125,-0.5932385377265518
0.22205078125,-0.08874208663281417
0.2220703125,0.37772216158186256
0.22208984375,0.275448343727178
0.222109375,0.03661715243785779
0.22212890625,0.14972608052665737
0.2221484375,0.42948437480874313
0.22216796875,0.2032615001806415
0.2221875,-0.16629978903537262
0.22220703125,-0.0069717517713359205
0.2222265625,0.2546409298950812
0.22224609375,0.4025756751138915
0.222265625,0.3728254615731444
0.22228515625,0.12085435088577101
0.2223046875,0.10115716476305245
0.22232421875,0.15559961022306754
0.22234375,0.3156956297755445
0.22236328125,0.6061436276641516
0.2223828125,0.20416372696441118
0.22240234375,-0.29330226117620023
0.222421875,-0.17755792605544318
0.22244140625,-0.10025473323457865
0.2224609375,-0.002332668239882612
0.22248046875,0.004059390902946353
0.2225,-0.27714159897413226
0.22251953125,-0.24810455490835148
0.2225390625,-0.03805082987212398
0.22255859375,0.06207699873543744
0.222578125,0.16658369089571307
0.22259765625,0.35379797769139465
0.2226171875,0.6681548908471601
0.22263671875,0.8155195392328195
0.22265625,0.8750439702265719
0.22267578125,1.068550164214405
0.2226953125,0.8490943110270031
0.22271484375,0.4431076206419402
0.222734375,0.6741635210683574
0.22275390625,0.7701668134967117
0.2227734375,0.19883836041307273
0.22279296875,-0.10150555781242843
0.2228125,0.03345436235263642
0.22283203125,0.17894100425571127
0.2228515625,0.14344787636222908
0.22287109375,0.08010366912884416
0.222890625,0.2561650943269813
0.22291015625,0.26739684619709014
0.2229296875,0.23212833824430823
0.22294921875,0.32588473148141806
0.22296875,0.07066011256763761
0.22298828125,-0.10448764215521504
0.2230078125,-0.06090105808194536
0.22302734375,-0.2690690739958116
0.223046875,-0.3867272438047177
0.22306640625,-0.38402343620020796
0.2230859375,-0.5495684949133228
0.22310546875,-0.7311119248550606
0.223125,-0.7548381463084769
0.22314453125,-0.46426426963346856
0.2231640625,-0.1517225772239793
0.22318359375,-0.18211040645484772
0.223203125,-0.1960766453557896
0.22322265625,-0.007119238916908998
0.2232421875,0.03359170727957046
0.22326171875,-0.06842033020906005
0.22328125,-0.07921005399576649
0.22330078125,-0.07537138316590877
0.2233203125,-0.0748233198807015
0.22333984375,-0.11036611554337256
0.223359375,-0.34743442884997855
0.22337890625,-0.5748188476542021
0.2233984375,-0.5533378957861382
0.22341796875,-0.3921443163367295
0.2234375,-0.27268029464785715
0.22345703125,-0.3432932232615058
0.2234765625,-0.43589311759340416
0.22349609375,-0.35641136434929743
0.223515625,-0.24269478308981177
0.22353515625,-0.15015604997004192
0.2235546875,-0.24107670866288794
0.22357421875,-0.5085831531013524
0.22359375,-0.704857567773517
0.22361328125,-0.9060404303191969
0.2236328125,-0.9831891320886125
0.22365234375,-0.9581441620141764
0.223671875,-0.9476657018177616
0.22369140625,-0.7630856286668518
0.2237109375,-0.7200050093127099
0.22373046875,-0.7128878447016102
0.22375,-0.4560329319211064
0.22376953125,-0.3691914531118875
0.2237890625,-0.19635580629711102
0.22380859375,0.043950759357095956
0.223828125,-0.22463680563154734
0.22384765625,-0.4453443419861899
0.2238671875,-0.3990845119440822
0.22388671875,-0.5173438537221534
0.22390625,-0.5623913027057198
0.22392578125,-0.5069324424993141
0.2239453125,-0.4322753632799853
0.22396484375,-0.22364255756180076
0.223984375,-0.3054143863987857
0.22400390625,-0.6425292874550473
0.2240234375,-0.4899085457355067
0.22404296875,-0.11592497406478672
0.2240625,-0.16023483983317044
0.22408203125,-0.21415716850772037
0.2241015625,-0.046135414437719575
0.22412109375,-0.019733595187938442
0.224140625,-0.24646172904000363
0.22416015625,-0.3811219127424367
0.2241796875,-0.15325188404306228
0.22419921875,-0.14909573605572823
0.22421875,-0.4135187345603718
0.22423828125,-0.29656644746660576
0.2242578125,-0.029031171185865085
0.22427734375,0.05004613329049769
0.224296875,-0.1329856888608047
0.22431640625,-0.2861227099976469
0.2243359375,-0.023512299980397514
0.22435546875,0.12472020312186205
0.224375,-0.18953381192790456
0.22439453125,-0.47379348238399854
0.2244140625,-0.37412935869643416
0.22443359375,-0.25865794398280184
0.224453125,-0.476771063428019
0.22447265625,-0.618544273111718
0.2244921875,-0.38126850170741805
0.22451171875,0.01634323793615239
0.22453125,0.21403997849836442
0.22455078125,0.08874056808354261
0.2245703125,0.07356370852929653
0.22458984375,0.36829989715580375
0.224609375,0.5760755929439342
0.22462890625,0.5233642834791621
0.2246484375,0.44212531570783603
0.22466796875,0.34267039183829245
0.2246875,-0.08934031851851135
0.22470703125,-0.5042387645066955
0.2247265625,-0.45469181449661955
0.22474609375,-0.5191626079772259
0.224765625,-0.7918313553199773
0.22478515625,-0.7509181243297871
0.2248046875,-0.6494109032292954
0.22482421875,-0.6569032649529997
0.22484375,-0.5282744282054798
0.22486328125,-0.4467827601247267
0.2248828125,-0.5513178295193908
0.22490234375,-0.5600047969560009
0.224921875,-0.2879359321462029
0.22494140625,-0.08823996224291218
0.2249609375,-0.40662628611822815
0.22498046875,-0.6826310292651919
0.225,-0.4679694042034906
0.22501953125,-0.31734643558531983
0.2250390625,-0.2538623509026226
0.22505859375,-0.18362417334872808
0.225078125,-0.29252496951983104
0.22509765625,-0.4443459695987273
0.2251171875,-0.6317837076024034
0.22513671875,-0.5962985190099628
0.22515625,-0.3402701741617341
0.22517578125,-0.35871906737044024
0.2251953125,-0.6244275101635804
0.22521484375,-0.8809929852556189
0.225234375,-0.7519806838969764
0.22525390625,-0.3829885851177355
0.2252734375,-0.42162655993998044
0.22529296875,-0.586834710297462
0.2253125,-0.4311903333702777
0.22533203125,-0.1924758826528508
0.2253515625,-0.12132857902073611
0.22537109375,-0.10188550645348973
0.225390625,-0.05598617420491753
0.22541015625,-0.2020714590910373
0.2254296875,-0.30994166392611816
0.22544921875,-0.19189971810958445
0.22546875,-0.332873637394675
0.22548828125,-0.5414264769504136
0.2255078125,-0.40499671474399046
0.22552734375,-0.43894909060599785
0.225546875,-0.6291420107337575
0.22556640625,-0.43242401849376827
0.2255859375,-0.08003295440979026
0.22560546875,0.12101486470585879
0.225625,0.03460323099810272
0.22564453125,-0.27429485172751844
0.2256640625,-0.29593675509802086
0.22568359375,-0.1400323209888514
0.225703125,-0.1584564539768638
0.22572265625,-0.23949553102280507
0.2257421875,-0.465890018739365
0.22576171875,-0.6622066522267966
0.22578125,-0.5254415653802973
0.22580078125,-0.30916893856964917
0.2258203125,-0.10612177899309938
0.22583984375,0.17548637222505936
0.225859375,0.37485679999240096
0.22587890625,0.3601005712649399
0.2258984375,0.34834555396256695
0.22591796875,0.44638142554198035
0.2259375,0.31622508170142455
0.22595703125,0.25658221225577393
0.2259765625,0.30987909094038313
0.22599609375,-0.04019820009360604
0.226015625,-0.18340877143137124
0.22603515625,-0.11476730744096893
0.2260546875,-0.19023473410351022
0.22607421875,0.11538161821622589
0.22609375,0.20908222328011022
0.22611328125,-0.2607894044449417
0.2261328125,-0.4867276080992
0.22615234375,-0.4422702220740955
0.226171875,-0.3988087833574363
0.22619140625,-0.44147485380034207
0.2262109375,-0.6272936086700927
0.22623046875,-0.7081940003506417
0.22625,-0.6001465118171662
0.22626953125,-0.4467792836149459
0.2262890625,-0.298132229002523
0.22630859375,-0.13141825124508877
0.226328125,-0.0703751519091034
0.22634765625,-0.1442815136796206
0.2263671875,0.05091496399074727
0.22638671875,0.43809087714933287
0.22640625,0.5411349567694728
0.22642578125,0.48983653721445564
0.2264453125,0.497165009197595
0.22646484375,0.4541119400190309
0.226484375,0.2680282429020216
0.22650390625,0.1464059284386527
0.2265234375,0.30836766243002145
0.22654296875,0.5171859615924083
0.2265625,0.4849572077280172
0.22658203125,0.2834614883943687
0.2266015625,0.19892658397355883
0.22662109375,0.26361237671599547
0.226640625,0.34984684451233083
0.22666015625,0.3731149158115152
0.2266796875,0.23154723258092838
0.22669921875,0.1284217294261006
0.22671875,0.07779331182830293
0.22673828125,-0.06101119204520045
0.2267578125,-0.20853863708301146
0.22677734375,-0.3711337126873776
0.226796875,-0.2894754988757155
0.22681640625,-0.07460445783944969
0.2268359375,-0.1897904346679411
0.22685546875,-0.2876791008235788
0.226875,-0.17175851600992065
0.22689453125,-0.23701857902927487
0.2269140625,-0.3119316079220237
0.22693359375,-0.07366592792633947
0.226953125,0.06296599533012581
0.22697265625,-0.1075514697004446
0.2269921875,-0.12563932846877554
0.22701171875,0.03636309211894785
0.22703125,0.019342740032488696
0.22705078125,-0.20735186850068427
0.2270703125,-0.4802142397551945
0.22708984375,-0.646381217935222
0.227109375,-0.6731899610603775
0.22712890625,-0.6650566177880248
0.2271484375,-0.5132705405389675
0.22716796875,-0.10339386671791816
0.2271875,0.17527765787424698
0.22720703125,0.1481586693998872
0.2272265625,0.06258807790794466
0.22724609375,0.07448791549892318
0.227265625,0.2741863000966617
0.22728515625,0.2021953650396332
0.2273046875,-0.20353635547676968
0.22732421875,-0.2053243138365366
0.22734375,0.1292700635740419
0.22736328125,0.39749169752923724
0.2273828125,0.33390277842148613
0.22740234375,0.04174871089792411
0.227421875,-0.006459337974493273
0.22744140625,0.007387378027304183
0.2274609375,0.19891679149671146
0.22748046875,0.5077691384188208
0.2275,0.250478766536566
0.22751953125,-0.05383438368830691
0.2275390625,0.027729880531448727
0.22755859375,0.034128289327555614
0.227578125,-0.06450407205479447
0.22759765625,-0.2157518204474966
0.2276171875,-0.3447932344955873
0.22763671875,-0.44520509486547666
0.22765625,-0.5454491697909449
0.22767578125,-0.40919366085445025
0.2276953125,-0.27792566570991506
0.22771484375,-0.396142187621213
0.227734375,-0.4233290958387229
0.22775390625,-0.15226632796993775
0.2277734375,-0.020456274671556612
0.22779296875,-0.2375669924982134
0.2278125,-0.11369777919249698
0.22783203125,0.21140466286866014
0.2278515625,-0.0031916963839858023
0.22787109375,-0.2213802289443509
0.227890625,-0.038478641955306155
0.22791015625,-0.006170992473563411
0.2279296875,-0.18179332459275624
0.22794921875,-0.15102049474541784
0.22796875,0.08761790429333333
0.22798828125,0.16744209396041274
0.2280078125,0.10365179923335185
0.22802734375,0.25733421026518294
0.228046875,0.42378968986778054
0.22806640625,0.27958908573103003
0.2280859375,0.08495792308780781
0.22810546875,0.1268566467826896
0.228125,0.3655647380400636
0.22814453125,0.2944850395496088
0.2281640625,-0.21177756803591807
0.22818359375,-0.32669550971148037
0.228203125,-0.07316517201852035
0.22822265625,-0.13977132167049133
0.2282421875,-0.29890489412742416
0.22826171875,-0.37132489941549884
0.22828125,-0.429565391907724
0.22830078125,-0.22617401513852695
0.2283203125,-0.035720412291055215
0.22833984375,-0.1402229104479792
0.228359375,-0.10346168094095712
0.22837890625,0.04349036439240179
0.2283984375,0.0860449054254681
0.22841796875,0.3178777698097427
0.2284375,0.47015453250813904
0.22845703125,0.19911565788812657
0.2284765625,-0.044416914399457774
0.22849609375,-0.022286764708214054
0.228515625,0.021713631359475315
0.22853515625,0.14162714722899156
0.2285546875,0.6012422806965865
0.22857421875,0.9889299318659986
0.22859375,0.9124346068014352
0.22861328125,0.9134702621450423
0.2286328125,1.032872073182177
0.22865234375,0.9413883917825043
0.228671875,0.8428255740311313
0.22869140625,0.709888393663331
0.2287109375,0.5847790608529129
0.22873046875,0.5212835407685135
0.22875,0.5020484113333084
0.22876953125,0.6149131185102762
0.2287890625,0.45158475393852276
0.22880859375,0.15361375757632856
0.228828125,0.2801831903575736
0.22884765625,0.4299377108766505
0.2288671875,0.19223062446691225
0.22888671875,-0.24737179867883874
0.22890625,-0.3963486047474293
0.22892578125,0.010943938051818772
0.2289453125,0.2342482499057459
0.22896484375,-0.10196010758837265
0.228984375,-0.199478101655694
0.22900390625,0.08016374470468424
0.2290234375,0.0946213610969274
0.22904296875,-0.26343920054387976
0.2290625,-0.5694989154446356
0.22908203125,-0.33898707294772584
0.2291015625,0.15956917987344735
0.22912109375,0.19702518892280696
0.229140625,0.0284770517228239
0.22916015625,0.17643477238049587
0.2291796875,0.3763572381897552
0.22919921875,0.31399504778841153
0.22921875,0.22836024438003766
0.22923828125,0.3704633341274436
0.2292578125,0.40663314483939095
0.22927734375,0.19056393404219768
0.229296875,0.03421965511398074
0.22931640625,0.011901587546630007
0.2293359375,-0.1469803833964913
0.22935546875,-0.3579193394281968
0.229375,0.029834937842436446
0.22939453125,0.45476277797411474
0.2294140625,0.1432940949678231
0.22943359375,0.20264713745979376
0.229453125,0.7855274679203601
0.22947265625,0.756225476366295
0.2294921875,0.4277765884021272
0.22951171875,0.2886073935478798
0.22953125,0.20907676281004683
0.22955078125,0.28531377393273616
0.2295703125,0.32146249265316873
0.22958984375,0.1545311701654524
0.229609375,-0.05596943020233699
0.22962890625,-0.049749693754774026
0.2296484375,0.13349308873599075
0.22966796875,0.05394095835334485
0.2296875,0.03273799578372788
0.22970703125,0.14411072416273624
0.2297265625,-0.1174331119453497
0.22974609375,-0.3183320548702109
0.229765625,-0.2893891683504154
0.22978515625,-0.3702683626476123
0.2298046875,-0.512085524052865
0.22982421875,-0.521075400085106
0.22984375,-0.35529365195137447
0.22986328125,-0.4912182949560491
0.2298828125,-0.8150571391880791
0.22990234375,-0.6684376477298922
0.229921875,-0.3960033250824062
0.22994140625,-0.3287811192296832
0.2299609375,-0.12515918723570385
0.22998046875,0.09004154925248399
0.23,0.1276967039240004
0.23001953125,0.15970875714439142
0.2300390625,0.22336505113271596
0.23005859375,0.3917694763709385
0.230078125,0.4086836535610637
0.23009765625,0.107858929776494
0.2301171875,-0.055405534913787385
0.23013671875,-0.16408103329568785
0.23015625,-0.26444160617686757
0.23017578125,-0.17027547393529535
0.2301953125,-0.27956715416530564
0.23021484375,-0.46177519305131265
0.230234375,-0.49125273300633593
0.23025390625,-0.5412267912302563
0.2302734375,-0.46671081202627285
0.23029296875,-0.4375485610730836
0.2303125,-0.5474935508520079
0.23033203125,-0.5021721414397868
0.2303515625,-0.36064938184806616
0.23037109375,-0.31788056790391
0.230390625,-0.30955226040381906
0.23041015625,-0.13393339131569862
0.2304296875,-0.07206501441580078
0.23044921875,-0.32398153354283954
0.23046875,-0.3325369421104222
0.23048828125,0.0026555805654153233
0.2305078125,0.15800605872022175
0.23052734375,0.05488381082512008
0.230546875,0.14580752712660836
0.23056640625,0.24302444108005233
0.2305859375,-0.15823347637037866
0.23060546875,-0.3051355328465135
0.230625,0.1675935286004742
0.23064453125,0.5628453784253149
0.2306640625,0.5107114142517103
0.23068359375,0.00959397400594571
0.230703125,-0.12278325172237288
0.23072265625,0.25604489517993606
0.2307421875,0.4199951364834478
0.23076171875,0.40727411831926785
0.23078125,0.03475032275212349
0.23080078125,-0.2618056327864835
0.2308203125,-0.10492234561529434
0.23083984375,-0.30175628170263424
0.230859375,-0.4407136077901547
0.23087890625,-0.15538185114702505
0.2308984375,-0.07143602728085684
0.23091796875,-0.059947392038684266
0.2309375,-0.05008052214713729
0.23095703125,-0.22662356993862698
0.2309765625,-0.3401632369711301
0.23099609375,-0.17487269330562574
0.231015625,0.06601015938002935
0.23103515625,-0.117817936722761
0.2310546875,-0.45982387404503583
0.23107421875,-0.271958326994637
0.23109375,-0.08191946303598353
0.23111328125,-0.5095226344010719
0.2311328125,-1.041764767027526
0.23115234375,-1.023861079587839
0.231171875,-0.5451472429560233
0.23119140625,-0.3843651086685501
0.2312109375,-0.6158260103650701
0.23123046875,-0.5439916292972955
0.23125,-0.14302290188207814
0.23126953125,0.19949985937826376
0.2312890625,0.048176384205953826
0.23130859375,-0.412461787585832
0.231328125,-0.4668538988653589
0.23134765625,-0.39698420109353133
0.2313671875,-0.33903228817332753
0.23138671875,-0.12661261234780424
0.23140625,-0.18930059710117825
0.23142578125,-0.2386901078034913
0.2314453125,-0.11061704958100949
0.23146484375,-0.28052921101551753
0.231484375,-0.43605243162382545
0.23150390625,-0.06340678402723116
0.2315234375,0.32707870448607457
0.23154296875,-0.0003309258973967638
0.2315625,-0.45875166438598475
0.23158203125,-0.31350174591905894
0.2316015625,-0.03698631940277842
0.23162109375,-0.21638717040701622
0.231640625,-0.6424287988295865
0.23166015625,-0.7121464167764686
0.2316796875,-0.5598242416407415
0.23169921875,-0.6025518408694883
0.23171875,-0.629886320237629
0.23173828125,-0.6209773400920713
0.2317578125,-0.7468273402179411
0.23177734375,-0.8273735216254103
0.231796875,-0.619313933705067
0.23181640625,-0.2796527406951845
0.2318359375,-0.2677391422764991
0.23185546875,-0.4724281903859783
0.231875,-0.5489246815067015
0.23189453125,-0.5182690524100543
0.2319140625,-0.4219017152806652
0.23193359375,-0.2860012803385774
0.231953125,-0.01676219925204228
0.23197265625,0.2264018131166195
0.2319921875,0.19970410746387282
0.23201171875,0.13502110128047634
0.23203125,0.03342745771704678
0.23205078125,-0.04560721987154879
0.2320703125,0.059343963566543714
0.23208984375,-0.08396175924440277
0.232109375,-0.5450707649493729
0.23212890625,-0.7513058944718758
0.2321484375,-0.40596046793716994
0.23216796875,-0.12277085158536663
0.2321875,-0.5150287018801611
0.23220703125,-0.6642160405466627
0.2322265625,-0.20963429630876573
0.23224609375,-0.4227991043522222
0.232265625,-0.9867056980971187
0.23228515625,-0.7311218934284203
0.2323046875,-0.14940814003206176
0.23232421875,-0.02032537848704538
0.23234375,-0.21003247044953882
0.23236328125,-0.04529223489372301
0.2323828125,0.06821510911642502
0.23240234375,-0.28483042324550145
0.232421875,0.027632986457752404
0.23244140625,0.4483985788164167
0.2324609375,0.023169777890723525
0.23248046875,-0.18090690836126666
0.2325,-0.09836107269876362
0.23251953125,-0.216959739907846
0.2325390625,-0.36075229767799505
0.23255859375,-0.33456455570720517
0.232578125,-0.022436304851030504
0.23259765625,0.12203271529086557
0.2326171875,0.23587469399946345
0.23263671875,0.33207249825066965
0.23265625,-0.05249069632021984
0.23267578125,-0.16481737224843232
0.2326953125,0.004354829927000058
0.23271484375,-0.06269925604444261
0.232734375,0.009505837732050215
0.23275390625,-0.027181419807186715
0.2327734375,-0.1484763865841674
0.23279296875,-0.041348161985623855
0.2328125,-0.07274410233523851
0.23283203125,-0.21354366182006235
0.2328515625,-0.3852669100287712
0.23287109375,-0.44759196090014397
0.232890625,-0.28353592388752724
0.23291015625,-0.3882063764564293
0.2329296875,-0.503739454487551
0.23294921875,-0.3639138802704797
0.23296875,-0.32636040850781284
0.23298828125,-0.11720667459976042
0.2330078125,-0.02914074445715624
0.23302734375,-0.30933829342887587
0.233046875,-0.29390446013154825
0.23306640625,-0.2944104516940509
0.2330859375,-0.480550179639582
0.23310546875,-0.45483834964317044
0.233125,-0.5323646580071669
0.23314453125,-0.6123729694668842
0.2331640625,-0.4763598630944732
0.23318359375,-0.46534087190832046
0.233203125,-0.7679638984758757
0.23322265625,-1.0353195189269528
0.2332421875,-0.7318529685014212
0.23326171875,-0.5205779091002634
0.23328125,-0.7988610098328099
0.23330078125,-0.7302128463752219
0.2333203125,-0.6474004179604764
0.23333984375,-0.837045355717097
0.233359375,-0.7262463318739729
0.23337890625,-0.421246928844716
0.2333984375,-0.12968573232876962
0.23341796875,-0.12648377848484432
0.2334375,-0.26006214162380104
0.23345703125,-0.056883959589624195
0.2334765625,0.09935373882170485
0.23349609375,-0.048699086408929435
0.233515625,-0.34508892869552527
0.23353515625,-0.45429483665204934
0.2335546875,-0.22489492200633043
0.23357421875,-0.18920021835625767
0.23359375,-0.3395613935461782
0.23361328125,-0.4875229263041744
0.2336328125,-0.5295092055485652
0.23365234375,-0.1142016652757352
0.233671875,0.02400239214634793
0.23369140625,-0.4569918691927499
0.2337109375,-0.6494000112120393
0.23373046875,-0.40342412049946524
0.23375,-0.0857840140993638
0.23376953125,0.11228879741647989
0.2337890625,0.09639754835804384
0.23380859375,0.055958965753764314
0.233828125,0.18253673882076651
0.23384765625,0.34171086766523884
0.2338671875,0.3600759903817306
0.23388671875,0.2742784919442135
0.23390625,0.1606737340975984
0.23392578125,0.30973927261919115
0.2339453125,0.6896181340499814
0.23396484375,0.6216703996711057
0.233984375,0.13507855741855215
0.23400390625,-0.13786476077281573
0.2340234375,-0.08781227543230044
0.23404296875,0.02324586638974984
0.2340625,0.0013628518611256794
0.23408203125,-0.025596595386655326
0.2341015625,-0.017488460340787854
0.23412109375,-0.07813977540660531
0.234140625,-0.03147032201050717
0.23416015625,-0.05641134770083948
0.2341796875,-0.36140928190961497
0.23419921875,-0.40075591789911585
0.23421875,-0.1042559438470956
0.23423828125,0.0335354751217159
0.2342578125,0.08401845252562232
0.23427734375,0.14705332815041317
0.234296875,0.18683878614040875
0.23431640625,0.10295080193458933
0.2343359375,-0.23497188867470703
0.23435546875,-0.2806723197917772
0.234375,-0.008095668000107345
0.23439453125,-0.11855590107918948
0.2344140625,-0.2663582082967628
0.23443359375,-0.05738143568678449
0.234453125,0.05572721410862412
0.23447265625,-0.012588367410276587
0.2344921875,-0.02425162926155459
0.23451171875,0.0336532878807157
0.23453125,0.1191050811995791
0.23455078125,0.26843664493772534
0.2345703125,0.4239793303660184
0.23458984375,0.4615485776662643
0.234609375,0.5285229158594678
0.23462890625,0.45069649634968756
0.2346484375,0.009369372098965892
0.23466796875,-0.12820274230598055
0.2346875,0.056381856956387796
0.23470703125,-0.008954061346265772
0.2347265625,0.01833705082690195
0.23474609375,0.12243403565726727
0.234765625,0.12138200985400226
0.23478515625,0.36316802501563744
0.2348046875,0.527414976817023
0.23482421875,0.4463439228770179
0.23484375,0.217363395533867
0.23486328125,-0.2514044997327557
0.2348828125,-0.3747943478913811
0.23490234375,-0.2412235630638359
0.234921875,-0.4336030293307098
0.23494140625,-0.5742374262508295
0.2349609375,-0.5252740392535566
0.23498046875,-0.5571341028653065
0.235,-0.6664745815924324
0.23501953125,-0.4168542931538194
0.2350390625,0.14738912576494229
0.23505859375,0.1438768448186892
0.235078125,-0.038757632818995795
0.23509765625,0.12780041906294098
0.2351171875,0.12637307249444124
0.23513671875,0.15718090606788004
0.23515625,0.31901094224701376
0.23517578125,0.4015148343685848
0.2351953125,0.6118719158570849
0.23521484375,0.687846189485023
0.235234375,0.2667688556759609
0.23525390625,-0.20864207206796356
0.2352734375,-0.1653796269758723
0.23529296875,0.1113673443886498
0.2353125,0.030338494501462747
0.23533203125,-0.22580976591016544
0.2353515625,-0.23615896034032047
0.23537109375,-0.2429223248133297
0.235390625,-0.2647438466016451
0.23541015625,0.11453718162566151
0.2354296875,0.48030652510046995
0.23544921875,0.4235980993944444
0.23546875,0.42958906184485346
0.23548828125,0.5116186539412313
0.2355078125,0.45192353975259647
0.23552734375,0.5172585137468799
0.235546875,0.48799941666659885
0.23556640625,0.3337038506364337
0.2355859375,0.47104132158205925
0.23560546875,0.49008144473644716
0.235625,0.19063669811523293
0.23564453125,0.13698568047514348
0.2356640625,0.26214765032453197
0.23568359375,0.08263690234075471
0.235703125,-0.2422642984995662
0.23572265625,-0.24442560520484025
0.2357421875,0.05656359037098367
0.23576171875,0.23257246371014378
0.23578125,0.031269691932120286
0.23580078125,-0.22158079432689903
0.2358203125,-0.10185417411842121
0.23583984375,0.12311152487967575
0.235859375,0.11391892055206478
0.23587890625,0.029360963221456378
0.2358984375,-0.03588180733751961
0.23591796875,0.0016515167232211934
0.2359375,0.11885268951744662
0.23595703125,0.14563865449742935
0.2359765625,0.2682568096912256
0.23599609375,0.39844677698869324
0.236015625,0.27180646055181973
0.23603515625,0.18636732244440726
0.2360546875,0.2755262730780086
0.23607421875,0.35188501246776266
0.23609375,0.4628565208262022
0.23611328125,0.547440958048326
0.2361328125,0.4539941665117749
0.23615234375,0.3774672004492508
0.236171875,0.3921553878571167
0.23619140625,0.2554820639376162
0.2362109375,0.011155538433949308
0.23623046875,0.00400870376145163
0.23625,0.19979646188696898
0.23626953125,0.24976539679906914
0.2362890625,0.2558911255587396
0.23630859375,0.4312427417175593
0.236328125,0.5100414609560775
0.23634765625,0.4076404091218252
0.2363671875,0.3899984645280206
0.23638671875,0.37578379271869
0.23640625,0.3797822383521649
0.23642578125,0.6523484504987429
0.2364453125,0.8084753859403486
0.23646484375,0.5564356154056869
0.236484375,0.3342737276420124
0.23650390625,0.44303696125136094
0.2365234375,0.7033987637327908
0.23654296875,0.7334505665786295
0.2365625,0.5700986619201845
0.23658203125,0.3845328620582096
0.2366015625,0.08868204414937905
0.23662109375,0.1859694042922838
0.236640625,0.641388165729334
0.23666015625,0.5803563013988869
0.2366796875,0.31343173539920055
0.23669921875,0.40993173242138253
0.23671875,0.606000424286376
0.23673828125,0.7468309741080137
0.2367578125,0.8784556012814508
0.23677734375,0.8075514105481177
0.236796875,0.4264142303236118
0.23681640625,0.25870718625709566
0.2368359375,0.40861595733776546
0.23685546875,0.25281347302308166
0.236875,-0.07702300466474703
0.23689453125,-0.002699473705914654
0.2369140625,0.27053104020218893
0.23693359375,0.0986263635815374
0.236953125,-0.3258232405342205
0.23697265625,-0.3949392059234148
0.2369921875,-0.2682760754342691
0.23701171875,-0.20666422867552256
0.23703125,-0.17903570801367671
0.23705078125,-0.01340440581134407
0.2370703125,0.2994349839630365
0.23708984375,0.38565674164637676
0.237109375,0.2978265843479747
0.23712890625,0.33444648477322414
0.2371484375,0.6033567068084431
0.23716796875,0.8105335208470412
0.2371875,0.5011480631226302
0.23720703125,0.18182661986107235
0.2372265625,0.22362924499744063
0.23724609375,0.39311927320544854
0.237265625,0.5101073821001191
0.23728515625,0.08846869067051764
0.2373046875,-0.23934844527725702
0.23732421875,0.09619685077501428
0.23734375,0.13552546575402083
0.23736328125,0.09831636734456059
0.2373828125,0.4460083464696081
0.23740234375,0.537439498902691
0.237421875,0.44441699204361507
0.23744140625,0.5230554912724112
0.2374609375,0.7961741408127538
0.23748046875,0.9612447196511671
0.2375,0.796455724368695
0.23751953125,0.7924343326265904
0.2375390625,0.7725477927089989
0.23755859375,0.30771385876885504
0.237578125,-0.07251351469943147
0.23759765625,-0.10356092398792571
0.2376171875,0.20375649063246298
0.23763671875,0.46494478099205655
0.23765625,0.18603049715519251
0.23767578125,0.16538725108688132
0.2376953125,0.5674707676013814
0.23771484375,0.6000012625395208
0.237734375,0.37398451689190426
0.23775390625,0.06321387241580961
0.2377734375,-0.13823900187150046
0.23779296875,-0.09650156481118323
0.2378125,-0.04787378818211459
0.23783203125,-0.0749899174052056
0.2378515625,-0.43046586811293797
0.23787109375,-0.6403583227386161
0.237890625,-0.14233777790691512
0.23791015625,0.19183250546100214
0.2379296875,0.04228080278911344
0.23794921875,-0.05798127396257245
0.23796875,-0.005146617709722787
0.23798828125,0.3408315476902533
0.2380078125,0.4860139230471828
0.23802734375,0.10986780016061128
0.238046875,0.201037478727785
0.23806640625,0.6753321959264768
0.2380859375,0.6188853259459177
0.23810546875,0.200706576917529
0.238125,-0.10457441333193176
0.23814453125,-0.013890216950415347
0.2381640625,0.1451877128818765
0.23818359375,-0.04812034773451042
0.238203125,-0.1773926622263864
0.23822265625,-0.1460305007615168
0.2382421875,-0.18863656095437842
0.23826171875,-0.3339742300255779
0.23828125,-0.3886212200221028
0.23830078125,0.017918591909714135
0.2383203125,0.3205727681712649
0.23833984375,0.17959913084940438
0.238359375,0.1420702029786705
0.23837890625,0.26907872623772366
0.2383984375,0.5356323417137345
0.23841796875,0.5403886147613216
0.2384375,0.04326630933862794
0.23845703125,-0.1496236657706616
0.2384765625,0.15957328859757314
0.23849609375,0.38541672689944856
0.238515625,0.3982446370762676
0.23853515625,0.4556110829970573
0.2385546875,0.6562884414712065
0.23857421875,0.7772204874975971
0.23859375,0.4430274690532364
0.23861328125,0.15610544835464618
0.2386328125,0.5528103770323258
0.23865234375,0.5945678346262573
0.238671875,-0.009636407403466024
0.23869140625,-0.11492708974946934
0.2387109375,0.10451408774330938
0.23873046875,0.12049659756883993
0.23875,-0.04906069103277483
0.23876953125,-0.18496454348620273
0.2387890625,0.12584356139796954
0.23880859375,0.2458248233801283
0.238828125,-0.09416071007967489
0.23884765625,-0.0557922508837672
0.2388671875,0.13099557561702163
0.23888671875,-0.01039077298439324
0.23890625,-0.1927552333833359
0.23892578125,-0.13349710225174968
0.2389453125,-0.03190333570688199
0.23896484375,-0.2783401961733395
0.238984375,-0.3622470873587058
0.23900390625,-0.11594578121312617
0.2390234375,-0.17915889866697288
0.23904296875,-0.29517258245848044
0.2390625,-0.13401235135406173
0.23908203125,0.1525899539318336
0.2391015625,0.3252492158927577
0.23912109375,0.218617694584396
0.239140625,0.22328532031546713
0.23916015625,0.2612752873976543
0.2391796875,0.07677219860948517
0.23919921875,0.0849310787650159
0.23921875,0.10904042142819789
0.23923828125,-0.013164364621793764
0.2392578125,-0.00333049285608477
0.23927734375,-0.07769171672697356
0.239296875,-0.2172935357122231
0.23931640625,-0.24658640756087896
0.2393359375,0.0012437452171979169
0.23935546875,0.3610570404010378
0.239375,0.1190476568118148
0.23939453125,-0.29413348679625595
0.2394140625,-0.2613237921252217
0.23943359375,-0.2329397589489989
0.239453125,-0.3460547620287346
0.23947265625,-0.32678929581702876
0.2394921875,-0.2931124792461489
0.23951171875,-0.3769894951841864
0.23953125,-0.20524028458797566
0.23955078125,0.03517773228351502
0.2395703125,-0.16290559932956794
0.23958984375,-0.47744519110534134
0.239609375,-0.5278510454208589
0.23962890625,-0.30595111443473283
0.2396484375,-0.2822960362006386
0.23966796875,-0.5460756441085919
0.2396875,-0.5895086340763633
0.23970703125,-0.8273527361905284
0.2397265625,-1.118006585989418
0.23974609375,-0.7366307400341698
0.239765625,-0.422569972063641
0.23978515625,-0.513923113511338
0.2398046875,-0.5443841815524406
0.23982421875,-0.39792341928773844
0.23984375,-0.009053398649046763
0.23986328125,-0.03173515648511535
0.2398828125,-0.5708123985844157
0.23990234375,-0.5469931347812726
0.239921875,0.0023480706512961913
0.23994140625,0.2669388180805164
0.2399609375,0.10996330895717443
0.23998046875,-0.10114393562229984
0.24,-0.20402771868373432
0.24001953125,-0.201656621055596
0.2400390625,0.14568524675342676
0.24005859375,0.29790351515530855
0.240078125,-0.09047712617019699
0.24009765625,-0.40680527154890467
0.2401171875,-0.6748835669403866
0.24013671875,-0.7224287650742356
0.24015625,-0.2958850902812054
0.24017578125,-0.04998808874650905
0.2401953125,-0.3019118886084977
0.24021484375,-0.5792463671427373
0.240234375,-0.5405976310833808
0.24025390625,-0.4406142825362566
0.2402734375,-0.3502666978492465
0.24029296875,-0.28376718485600083
0.2403125,-0.37850644268640515
0.24033203125,-0.36128815947297716
0.2403515625,-0.28669438801371006
0.24037109375,-0.4758495049908176
0.240390625,-0.6263470674772849
0.24041015625,-0.30003423612250063
0.2404296875,0.04092704602585935
0.24044921875,-0.12312136620808807
0.24046875,-0.19183759402902473
0.24048828125,0.09469183602093936
0.2405078125,0.14818683496364887
0.24052734375,0.18294134427769584
0.240546875,0.4838460352326448
0.24056640625,0.41096997667667556
0.2405859375,0.0877807685274967
0.24060546875,0.18959102007024664
0.240625,0.5237008652846022
0.24064453125,0.5584118819324033
0.2406640625,0.14924564130820428
0.24068359375,-0.13628081783731816
0.240703125,0.10624467783698098
0.24072265625,0.35307684976833864
0.2407421875,0.19759517731309287
0.24076171875,0.06939806893419115
0.24078125,0.24362344236788303
0.24080078125,0.14415858391725905
0.2408203125,-0.30287851466121685
0.24083984375,-0.4643321854294517
0.240859375,-0.3338076584479606
0.24087890625,-0.33428594037340514
0.2408984375,-0.5300573233290196
0.24091796875,-0.5800800070269218
0.2409375,-0.5362314502698996
0.24095703125,-0.7102894402297727
0.2409765625,-0.7265341601485471
0.24099609375,-0.4761957541662333
0.241015625,-0.38954093893758057
0.24103515625,-0.39312838130145045
0.2410546875,-0.4219323043143546
0.24107421875,-0.5313336983310235
0.24109375,-0.570785068235705
0.24111328125,-0.5540478602928826
0.2411328125,-0.4398294089849454
0.24115234375,-0.41972846998372637
0.241171875,-0.6522930954436854
0.24119140625,-0.5192519021158705
0.2412109375,-0.20489581866044068
0.24123046875,-0.4355600374952677
0.24125,-0.46652167190674126
0.24126953125,-0.04122803965873642
0.2412890625,-0.05083663151714575
0.24130859375,-0.3668810493612956
0.241328125,-0.5860494320519835
0.24134765625,-0.4271536331337877
0.2413671875,0.12514465567159277
0.24138671875,0.14130448761681313
0.24140625,-0.3304417939676794
0.24142578125,-0.35808528904030146
0.2414453125,-0.11696439555672478
0.24146484375,-0.15576097575648354
0.241484375,-0.262041306167763
0.24150390625,-0.21875144405693492
0.2415234375,-0.21427914028541717
0.24154296875,-0.20382125649304955
0.2415625,-0.25384539330698913
0.24158203125,-0.3794864816978971
0.2416015625,-0.4121659105288285
0.24162109375,-0.6030572533815471
0.241640625,-0.585084814101125
0.24166015625,-0.20474127330406075
0.2416796875,-0.20061523441464366
0.24169921875,-0.21865882101940237
0.24171875,-0.03675144470892207
0.24173828125,0.04515281062960704
0.2417578125,0.1226396969393371
0.24177734375,-0.12544273406413314
0.241796875,-0.21988007752420458
0.24181640625,0.17885168909243856
0.2418359375,0.40551905594386095
0.24185546875,0.479455171469147
0.241875,0.3965479509584424
0.24189453125,0.28051464687377736
0.2419140625,0.2818406850842006
0.24193359375,0.16702446429823206
0.241953125,0.3719694739738497
0.24197265625,0.5541737216584773
0.2419921875,0.2111025470193153
0.24201171875,0.05404795269967569
0.24203125,0.02408704438489341
0.24205078125,-0.043976139792989706
0.2420703125,-0.037433365294084156
0.24208984375,-0.23535225246418323
0.242109375,-0.2177158912632898
0.24212890625,0.004558104591346288
0.2421484375,0.05286964800489813
0.24216796875,0.03473597098921495
0.2421875,-0.187864415054532
0.24220703125,-0.13968391543395572
0.2422265625,0.15441026598230712
0.24224609375,0.02913309872546664
0.242265625,0.1411081803835022
0.24228515625,0.4580510170020886
0.2423046875,0.35738675512768325
0.24232421875,0.2534747756980766
0.24234375,0.17826770498736927
0.24236328125,0.1471958416765497
0.2423828125,0.2569637501126532
0.24240234375,0.19785773461431871
0.242421875,0.1616702937659728
0.24244140625,0.15090904424971802
0.2424609375,-0.07375116958468309
0.24248046875,-0.1128280210099402
0.2425,0.08766239540117471
0.24251953125,0.1362710477402267
0.2425390625,0.2427822336900828
0.24255859375,0.5223100007293683
0.242578125,0.5950818657150073
0.24259765625,0.5014895707626917
0.2426171875,0.4869641371872193
0.24263671875,0.4870105191102829
0.24265625,0.3390163908111742
0.24267578125,0.16627706351476512
0.2426953125,0.31762369127411283
0.24271484375,0.462393722546422
0.242734375,0.28619825269574617
0.24275390625,0.4168800294737344
0.2427734375,0.8028001023723154
0.24279296875,0.7821058192385492
0.2428125,0.6126705981698736
0.24283203125,0.6375039586013895
0.2428515625,0.5754930097521376
0.24287109375,0.2136682847798348
0.242890625,-0.19060993960660688
0.24291015625,-0.35918742392914527
0.2429296875,-0.4470843751548501
0.24294921875,-0.4304379914619568
0.24296875,-0.17279418832426405
0.24298828125,-0.09702531366069496
0.2430078125,-0.2162672413689199
0.24302734375,-0.04009213506209003
0.243046875,0.15579915812677766
0.24306640625,0.10916440839071019
0.2430859375,0.14985395373532234
0.24310546875,0.07360770584566177
0.243125,-0.24759176072194564
0.24314453125,-0.2684713712638281
0.2431640625,-0.11891097264174802
0.24318359375,-0.06422208243757688
0.243203125,0.13533483502187307
0.24322265625,0.2619847382363474
0.2432421875,0.32693869437638123
0.24326171875,0.34394079154463314
0.24328125,0.1356746446103476
0.24330078125,0.21696129532911826
0.2433203125,0.4435361740764818
0.24333984375,0.2981774730966444
0.243359375,0.15701286575024054
0.24337890625,0.3936933328232147
0.2433984375,0.8103695906623227
0.24341796875,0.8609323964455492
0.2434375,0.635295626058614
0.24345703125,0.7172029717366956
0.2434765625,0.8380188630857717
0.24349609375,0.6787872977287823
0.243515625,0.40786989525383077
0.24353515625,0.17983134877215196
0.2435546875,0.25086955887176654
0.24357421875,0.25207332847737346
0.24359375,0.13128740280013806
0.24361328125,0.3238241192910328
0.2436328125,0.20716406637347504
0.24365234375,-0.07155262427494632
0.243671875,-0.037254571323196366
0.24369140625,-0.17035662466041296
0.2437109375,-0.3547985176059779
0.24373046875,-0.6580710687231691
0.24375,-0.9081145613375257
0.24376953125,-0.6317808877851354
0.2437890625,-0.4044573882156732
0.24380859375,-0.19047102041018227
0.243828125,0.20394660074088378
0.24384765625,0.43564271401333765
0.2438671875,0.6483208162946497
0.24388671875,0.6592188487905855
0.24390625,0.5381351014774639
0.24392578125,0.686592225986746
0.2439453125,0.7050629621192442
0.24396484375,0.42185868928521003
0.243984375,0.11531114377138166
0.24400390625,-0.11292036943763047
0.2440234375,-0.22634898723992902
0.24404296875,-0.14634461413612815
0.2440625,0.3356364374519608
0.24408203125,0.743560650463522
0.2441015625,0.45346459332522104
0.24412109375,0.21880303335724283
0.244140625,0.4318616200939063
0.24416015625,0.425483238576253
0.2441796875,0.33807585874491397
0.24419921875,0.4584614565347632
0.24421875,0.4136175673066039
0.24423828125,0.1474084262918692
0.2442578125,0.10105708675639076
0.24427734375,0.2881603804975499
0.244296875,0.30711734726542245
0.24431640625,0.3278894884577327
0.2443359375,0.48622439090895697
0.24435546875,0.5417297469132263
0.244375,0.6869362486940841
0.24439453125,0.8835371650499003
0.2444140625,0.7799573974788849
0.24443359375,0.5770181256449416
0.244453125,0.4767487970308872
0.24447265625,0.4255847774454325
0.2444921875,0.39295211581277656
0.24451171875,0.3375812083014873
0.24453125,0.31811412639853853
0.24455078125,0.18945412185531096
0.2445703125,0.09824168427970098
0.24458984375,0.25871448295419536
0.244609375,0.2805186324125568
0.24462890625,0.4822373842685166
0.2446484375,0.9308016523950897
0.24466796875,0.9147591961184759
0.2446875,0.8379361915545493
0.24470703125,0.9183353816980618
0.2447265625,0.6844215642093259
0.24474609375,0.4531210604178287
0.244765625,0.5025367102265084
0.24478515625,0.4904619172963697
0.2448046875,0.24025425289996433
0.24482421875,0.09509755716821278
0.24484375,0.16636539299914074
0.24486328125,0.19046592088306916
0.2448828125,0.39131723825522846
0.24490234375,0.6099417752289225
0.244921875,0.3898347409561316
0.24494140625,0.1984015191272699
0.2449609375,0.2758626726723056
0.24498046875,0.3327017647801588
0.245,0.30541683909189865
0.24501953125,0.21489060754517833
0.2450390625,0.21737967588674073
0.24505859375,0.2541461356320639
0.245078125,0.030819818215547322
0.24509765625,-0.14776664822587096
0.2451171875,0.17260255867663257
0.24513671875,0.49126414001129254
0.24515625,0.3500751897336515
0.24517578125,0.17227123289090263
0.2451953125,0.2046307401815315
0.24521484375,0.2646599125008335
0.245234375,0.22408070465341273
0.24525390625,0.1803331358524491
0.2452734375,0.14293146620278224
0.24529296875,0.04759074299044448
0.2453125,0.026658443353752993
0.24533203125,0.027258277281653486
0.2453515625,0.057441753205996725
0.24537109375,0.22881606409760824
0.245390625,0.3465366511867174
0.24541015625,0.38747677270731273
0.2454296875,0.5913994802866331
0.24544921875,0.6894006053030711
0.24546875,0.6060768970243386
0.24548828125,0.8243522187355197
0.2455078125,1.0008768678595632
0.24552734375,0.9642029217147843
0.245546875,0.9127915764303
0.24556640625,0.6917096543423219
0.2455859375,0.7628954288528504
0.24560546875,0.7832724603066896
0.245625,0.18609083825511336
0.24564453125,-0.25727675487528384
0.2456640625,-0.32132385184836315
0.24568359375,-0.2568865993349449
0.245703125,-0.23974087180382764
0.24572265625,-0.39226392320055753
0.2457421875,-0.293785476551324
0.24576171875,-0.2330673462306643
0.24578125,-0.5877961097525913
0.24580078125,-0.5506423314882329
0.2458203125,-0.052132643462555486
0.24583984375,0.18004914429498095
0.245859375,0.16728057176712322
0.24587890625,0.015925484857523854
0.2458984375,-0.13043698505713383
0.24591796875,0.07871185234211607
0.2459375,0.3365049357482839
0.24595703125,0.28405479343460177
0.2459765625,0.20507990339422338
0.24599609375,0.18910111664139584
0.246015625,0.06247459392968982
0.24603515625,-0.0670868020006978
0.2460546875,-0.06913033384189653
0.24607421875,0.1610351641530638
0.24609375,0.2177322920157879
0.24611328125,-0.29224697281373807
0.2461328125,-0.5292556411720497
0.24615234375,-0.2455310291856838
0.246171875,-0.13915685693020785
0.24619140625,-0.22283410998897019
0.2462109375,-0.3023391211540139
0.24623046875,-0.21444001594958845
0.24625,-0.07382644730033339
0.24626953125,-0.14722619308282994
0.2462890625,-0.06799408333726727
0.24630859375,0.1318937786934405
0.246328125,0.12693657293921018
0.24634765625,0.10415563986804158
0.2463671875,0.022982471224750063
0.24638671875,0.0231596029975579
0.24640625,0.05047927051392112
0.24642578125,-0.07926040718658672
0.2464453125,0.1355864696571699
0.24646484375,0.26205012865546373
0.246484375,0.2720111076661663
0.24650390625,0.7459410905468505
0.2465234375,0.7772433160503034
0.24654296875,0.4782496015780991
0.2465625,0.4647297154566281
0.24658203125,0.37838876495427587
0.2466015625,0.40963343512124584
0.24662109375,0.47168733606789826
0.246640625,0.4800638032733736
0.24666015625,0.36304137839071626
0.2466796875,0.044213479549560036
0.24669921875,0.17916123261246608
0.24671875,0.1746481015588709
0.24673828125,-0.34491835128124915
0.2467578125,-0.44171078958606386
0.24677734375,-0.33055663713339073
0.246796875,-0.3302761959630218
0.24681640625,-0.3472457873955003
0.2468359375,-0.4282896698883911
0.24685546875,-0.276786425022037
0.246875,-0.08941513576594982
0.24689453125,-0.24778319897974704
0.2469140625,-0.32307121637749797
0.24693359375,0.03135156385404429
0.246953125,0.35730208101669425
0.24697265625,0.2829287377402351
0.2469921875,-0.18013874225453497
0.24701171875,-0.6172059338054072
0.24703125,-0.3810055021134257
0.24705078125,-0.11829551682754397
0.2470703125,-0.5170923574319043
0.24708984375,-0.6471555176935708
0.247109375,-0.31096042470155183
0.24712890625,-0.17973538552619184
0.2471484375,-0.0963799905608052
0.24716796875,0.019604472110192974
0.2471875,-0.05067535826135882
0.24720703125,-0.1560578068805706
0.2472265625,-0.031022686037057837
0.24724609375,0.16519891043044027
0.247265625,0.07342228405805233
0.24728515625,-0.042869275784565945
0.2473046875,0.010535716432500439
0.24732421875,-0.18244243449951858
0.24734375,-0.49072495019148926
0.24736328125,-0.32552548223323946
0.2473828125,0.03370528793756316
0.24740234375,-0.09199503731795132
0.247421875,-0.3587974275825996
0.24744140625,-0.328333826888759
0.2474609375,-0.2302293483433965
0.24748046875,-0.03581967617221199
0.2475,-0.02054066132944611
0.24751953125,-0.25737503087297864
0.2475390625,-0.17899282885236067
0.24755859375,-0.14545161998219303
0.247578125,-0.3539559345897707
0.24759765625,-0.5203449851419113
0.2476171875,-0.7811730155083303
0.24763671875,-0.7869731882328627
0.24765625,-0.61084204891384
0.24767578125,-0.7729891337436431
0.2476953125,-0.8975558986478822
0.24771484375,-0.6277877122874057
0.247734375,-0.29545055865457376
0.24775390625,-0.2829315553064096
0.2477734375,-0.5032547757809458
0.24779296875,-0.6705818958849945
0.2478125,-0.6229797848670338
0.24783203125,-0.393485245045174
0.2478515625,-0.3273942207513122
0.24787109375,-0.5480445685006927
0.247890625,-0.7704326653736954
0.24791015625,-0.6711961116893851
0.2479296875,-0.31343530373979855
0.24794921875,-0.27832305698465465
0.24796875,-0.6153616092335386
0.24798828125,-0.6441650036048316
0.2480078125,-0.3120182018310744
0.24802734375,-0.3372484086999912
0.248046875,-0.7046353748173414
0.24806640625,-0.6371225603987624
0.2480859375,-0.23701366861509388
0.24810546875,-0.054532044770180754
0.248125,-0.05547148988627229
0.24814453125,-0.127624859239434
0.2481640625,-0.24504423919262264
0.24818359375,-0.40718438192513196
0.248203125,-0.4356467601003783
0.24822265625,-0.2537959015194317
0.2482421875,-0.10494316545036857
0.24826171875,-0.05641024077329451
0.24828125,-0.36066986972550813
0.24830078125,-0.6136338160971992
0.2483203125,-0.25290966460881453
0.24833984375,-0.057099003927716316
0.248359375,-0.08493087944883669
0.24837890625,-0.06780398240362062
0.2483984375,-0.21592376512609845
0.24841796875,-0.10022462149548815
0.2484375,-0.006304514204239962
0.24845703125,-0.1394661623691451
0.2484765625,-0.25625872315639375
0.24849609375,-0.5220902413271388
0.248515625,-0.2372220188793431
0.24853515625,0.4097883691441084
0.2485546875,0.19859088794864335
0.24857421875,-0.26359857667059117
0.24859375,-0.14418516408662735
0.24861328125,0.12757260608615517
0.2486328125,0.17974983332140287
0.24865234375,-0.0075306508349637265
0.248671875,-0.0636323879477882
0.24869140625,0.2208570399894892
0.2487109375,0.3789865295419575
0.24873046875,0.26729605707573517
0.24875,0.17720937317624513
0.24876953125,0.1492608683480439
0.2487890625,0.05233703093161817
0.24880859375,-0.07978454707145435
0.248828125,-0.23239186237026652
0.24884765625,-0.5097021003161606
0.2488671875,-0.6221303100055057
0.24888671875,-0.38350303836889993
0.24890625,-0.2679083335401832
0.24892578125,-0.44961458866985304
0.2489453125,-0.5309040848889688
0.24896484375,-0.4835965309319834
0.248984375,-0.4832798046958261
0.24900390625,-0.31921941516422203
0.2490234375,-0.09507044402745649
0.24904296875,-0.16551337983949294
0.2490625,-0.34338491302096524
0.24908203125,-0.3980408144277415
0.2491015625,-0.4192352076577275
0.24912109375,-0.463062957578059
0.249140625,-0.45451258809451345
0.24916015625,-0.43360484682198186
0.2491796875,-0.4369687422972194
0.24919921875,-0.33876045003484667
0.24921875,-0.3708035022379925
0.24923828125,-0.5977601777127937
0.2492578125,-0.6154598109833023
0.24927734375,-0.4786814994947005
0.249296875,-0.27323650559317003
0.24931640625,-0.10650224597652519
0.2493359375,-0.25501172611519846
0.24935546875,-0.23854907996163344
0.249375,0.03648545376771814
0.24939453125,-0.031100068550562014
0.2494140625,-0.20522403727545002
0.24943359375,-0.17457429815536557
0.249453125,-0.179884631123919
0.24947265625,-0.30488899105609923
0.2494921875,-0.4984670519089521
0.24951171875,-0.5666946525268681
0.24953125,-0.43168435918526005
0.24955078125,-0.4519344925495496
0.2495703125,-0.580048527850945
0.24958984375,-0.3881760682516866
0.249609375,-0.08009316954525443
0.24962890625,-0.0428025640671548
0.2496484375,-0.23680284436628118
0.24966796875,-0.4672081433336873
0.2496875,-0.40166157095563243
0.24970703125,-0.03375935621899285
0.2497265625,0.2063925366977848
0.24974609375,0.284296476482125
0.249765625,0.200246030129604
0.24978515625,-0.07331658850473483
0.2498046875,-0.1365566144131009
0.24982421875,-0.05144697335723783
0.24984375,-0.1462873951828011
0.24986328125,-0.1634676886339273
0.2498828125,0.05458242452666748
0.24990234375,0.09547510558301835
0.249921875,0.027506566653868553
0.24994140625,0.4600907926267546
0.2499609375,0.8395835754014902
0.24998046875,0.4762670407694815
0.25,-0.0448410461143877
0.25001953125,-0.38835650762107154
0.2500390625,-0.42252798593928137
0.25005859375,-0.14370905849901203
0.250078125,-0.12395715967776222
0.25009765625,-0.24572895364124886
0.2501171875,-0.24169148921274644
0.25013671875,-0.27136412243087704
0.25015625,-0.20054256564815592
0.25017578125,-0.0734506975273082
0.2501953125,0.04035052183715761
0.25021484375,0.11773146250875845
0.250234375,0.05795831568928343
0.25025390625,0.08449580571589055
0.2502734375,0.09197795157743303
0.25029296875,0.13662147936017371
0.2503125,0.39912864866154596
0.25033203125,0.29181585535221954
0.2503515625,0.07903974884590174
0.25037109375,0.3616061903276736
0.250390625,0.5646058034195852
0.25041015625,0.5479901291331348
0.2504296875,0.5880651598191002
0.25044921875,0.5185307067658049
0.25046875,0.46578513895067075
0.25048828125,0.3545433252843562
0.2505078125,0.03077251374869616
0.25052734375,0.03401023481090762
0.250546875,0.2549282005176063
0.25056640625,0.22877242594157202
0.2505859375,0.28861997289085023
0.25060546875,0.330088804753457
0.250625,0.25636357870276577
0.25064453125,0.5455989189847621
0.2506640625,0.8183674282506483
0.25068359375,0.5920353126152758
0.250703125,0.22386083878573204
0.25072265625,0.25306609810016634
0.2507421875,0.5980578194317689
0.25076171875,0.3955984094489554
0.25078125,-0.030166160387540115
0.25080078125,0.14994195515781852
0.2508203125,0.15221108879020018
0.25083984375,-0.1862760928479246
0.250859375,-0.13936837682932846
0.25087890625,-0.08261091836525852
0.2508984375,-0.3753375874394267
0.25091796875,-0.47636355448952933
0.2509375,-0.15928481235230904
0.25095703125,-0.0561339115733268
0.2509765625,-0.2504758745276297
0.25099609375,-0.03676822312602335
0.251015625,0.2916315373705877
0.25103515625,0.12292753559839296
0.2510546875,0.06683704267773126
0.25107421875,0.31251868476312855
0.25109375,0.19295314035654973
0.25111328125,-0.0826798783961862
0.2511328125,-0.0819838108224252
0.25115234375,0.0085470377626681
0.251171875,-0.0034533415712366816
0.25119140625,-0.11927627324028062
0.2512109375,-0.11691242801623432
0.25123046875,-0.00017044384755870393
0.25125,-0.06859924428654074
0.25126953125,-0.246215946798915
0.2512890625,-0.2861448648320274
0.25130859375,-0.15399958962012808
0.251328125,-0.0467569678317624
0.25134765625,-0.15777519376344068
0.2513671875,-0.17704012552068044
0.25138671875,0.13889671407392062
0.25140625,0.27699278917665565
0.25142578125,0.2849358218196184
0.2514453125,0.5802722458171432
0.25146484375,0.41963488335525045
0.251484375,0.024689131677503487
0.25150390625,0.2706881650778223
0.2515234375,0.44480911299515263
0.25154296875,0.31870235779542205
0.2515625,0.059936545684626176
0.25158203125,-0.12661781565181524
0.2516015625,0.18835018145527926
0.25162109375,0.2183789902517265
0.251640625,0.06181414119674829
0.25166015625,0.13019501334798805
0.2516796875,-0.007537448676536891
0.25169921875,0.11886361428479482
0.25171875,0.08505952604064147
0.25173828125,-0.3222179511306752
0.2517578125,-0.16833518323336194
0.25177734375,-0.11747963523056464
0.251796875,-0.3267013797295964
0.25181640625,-0.0017220836369693585
0.2518359375,0.26008102131227545
0.25185546875,0.20954709057760446
0.251875,0.2683410948250141
0.25189453125,0.3910852611732196
0.2519140625,0.47718486929026904
0.25193359375,0.344299456039982
0.251953125,0.3090187242516699
0.25197265625,0.46387004305524576
0.2519921875,0.16612144043649385
0.25201171875,-0.13830076731135688
0.25203125,-0.07515355205280694
0.25205078125,-0.01830400002622301
0.2520703125,0.23069060080104925
0.25208984375,0.3783804314411557
0.252109375,0.24551978835303148
0.25212890625,0.19213767923451974
0.2521484375,0.04848952616203216
0.25216796875,-0.08547232033660741
0.2521875,-0.22405291466949806
0.25220703125,-0.26268848483947416
0.2522265625,-0.06307208461560194
0.25224609375,-0.2980108560373052
0.252265625,-0.45602024393409724
0.25228515625,-0.12509827353715847
0.2523046875,0.0479183824985524
0.25232421875,0.3165441514611812
0.25234375,0.29560192548194414
0.25236328125,-0.15452877103819376
0.2523828125,-0.04091312008342185
0.25240234375,0.37232156927721366
0.252421875,0.5538025403881937
0.25244140625,0.4146219802095561
0.2524609375,0.2561287758651749
0.25248046875,0.5920782874637232
0.2525,0.7801125938209339
0.25251953125,0.7375266399813611
0.2525390625,0.8482557766189825
0.25255859375,0.5985097779587063
0.252578125,0.3500771609651716
0.25259765625,0.4750124849639773
0.2526171875,0.5462075032336475
0.25263671875,0.6913683450150092
0.25265625,0.8408160715274766
0.25267578125,0.6128139368870043
0.2526953125,0.2977784071991903
0.25271484375,0.22529318957028222
0.252734375,0.24297122381510547
0.25275390625,0.3062257018196972
0.2527734375,0.5021869916548427
0.25279296875,0.6181784939622625
0.2528125,0.4761896842842952
0.25283203125,0.19497099534652768
0.2528515625,-0.0400226707280633
0.25287109375,0.02651418596461392
0.252890625,0.1253557446693756
0.25291015625,-0.20426181469795063
0.2529296875,-0.4399809184548228
0.25294921875,-0.22128951838178731
0.25296875,-0.0504018282192692
0.25298828125,-0.10105105432976742
0.2530078125,-0.010291699307978325
0.25302734375,0.08802281423775171
0.253046875,-0.1956305257479931
0.25306640625,-0.24498307492902166
0.2530859375,0.19236394876657031
0.25310546875,0.2611391041931553
0.253125,-0.004654690952103694
0.25314453125,-0.013369824334358177
0.2531640625,0.07646337467522744
0.25318359375,-0.04121938182589924
0.253203125,-0.332823407912765
0.25322265625,-0.35226268605287797
0.2532421875,0.036864037635703124
0.25326171875,0.21387576192717622
0.25328125,0.16235031754245083
0.25330078125,0.1718408927907449
0.2533203125,0.09309136412018132
0.25333984375,0.2232166195139486
0.253359375,0.6183802050572976
0.25337890625,0.693347413866441
0.2533984375,0.36509502216554424
0.25341796875,0.16483504795466958
0.2534375,0.3367345235261233
0.25345703125,0.4580804098515425
0.2534765625,0.375885395697841
0.25349609375,0.3675946859155962
0.253515625,0.44786783604880187
0.25353515625,0.5347528335275739
0.2535546875,0.427555512996944
0.25357421875,0.23606369893221957
0.25359375,0.32977725561089166
0.25361328125,0.22089451527121062
0.2536328125,-0.17033309093686874
0.25365234375,-0.2008762196532501
0.253671875,-0.2583535103111647
0.25369140625,-0.40878326714859115
0.2537109375,-0.22774784134916506
0.25373046875,-0.22906823012693323
0.25375,-0.297744120767435
0.25376953125,-0.11193842763454616
0.2537890625,-0.06965839848323802
0.25380859375,-0.04674559062516921
0.253828125,-0.06124269175732766
0.25384765625,-0.18522284950762205
0.2538671875,-0.2819648969258993
0.25388671875,-0.43332107078163573
0.25390625,-0.10413492630661451
0.25392578125,0.4909850484151671
0.2539453125,0.5014273900396937
0.25396484375,0.30354763422137904
0.253984375,-0.048257637387842944
0.25400390625,-0.4560023146137077
0.2540234375,-0.17158841363082686
0.25404296875,0.14185621811856106
0.2540625,-0.025852626170704582
0.25408203125,0.06551883676326471
0.2541015625,0.37566313040283983
0.25412109375,0.3557862981842037
0.254140625,0.010224524940406265
0.25416015625,-0.16789682629848612
0.2541796875,0.032652185257171215
0.25419921875,0.10650795216610863
0.25421875,-0.014372898810223973
0.25423828125,0.007206633198591959
0.2542578125,-0.09790344322405632
0.25427734375,-0.3334167983799795
0.254296875,-0.18908241751509705
0.25431640625,0.16859679342534412
0.2543359375,0.25538369672355077
0.25435546875,0.09016673136176195
0.254375,-0.08797397900723497
0.25439453125,-0.2101883288887652
0.2544140625,-0.29765094018602506
0.25443359375,-0.19900202240609205
0.254453125,-0.12143777624101844
0.25447265625,-0.39009570995640924
0.2544921875,-0.4582191251306541
0.25451171875,-0.06605786397752882
0.25453125,0.1961122183690457
0.25455078125,0.12057088892720907
0.2545703125,0.012408345540746019
0.25458984375,0.1912152624810365
0.254609375,0.3733353410510832
0.25462890625,0.25591760707067646
0.2546484375,0.289795981227426
0.25466796875,0.46468170444236345
0.2546875,0.5062759604466884
0.25470703125,0.47151631247602555
0.2547265625,0.2262849936044005
0.25474609375,0.09345702079946011
0.254765625,0.22471763028922287
0.25478515625,0.16984214594180125
0.2548046875,0.07842331236533662
0.25482421875,0.007247399142500544
0.25484375,-0.06816708604315647
0.25486328125,-0.06182728843516909
0.2548828125,-0.40710052622528625
0.25490234375,-0.6264522351994658
0.254921875,-0.4254589801258869
0.25494140625,-0.6252811002889684
0.2549609375,-0.8779518201012251
0.25498046875,-0.7658377921268765
0.255,-0.5886598472925275
0.25501953125,-0.37195368998278966
0.2550390625,-0.31614846756515474
0.25505859375,-0.1591719775667516
0.255078125,0.09445683510980994
0.25509765625,-0.1760138458148658
0.2551171875,-0.4563522023662937
0.25513671875,-0.37596857234673087
0.25515625,-0.360492286299508
0.25517578125,-0.12709101565601183
0.2551953125,0.19845564012299033
0.25521484375,-0.00024966782035930335
0.255234375,-0.18531398944891436
0.25525390625,-0.0011613531052359002
0.2552734375,0.10810748735738536
0.25529296875,-0.08232726828221046
0.2553125,-0.47350797775506004
0.25533203125,-0.548755711279439
0.2553515625,-0.38111165084382503
0.25537109375,-0.33024207985244913
0.255390625,-0.21246097716640436
0.25541015625,-0.20033665169197767
0.2554296875,-0.3343963284060427
0.25544921875,-0.3876927405621122
0.25546875,-0.3595694295872127
0.25548828125,-0.2682992800975581
0.2555078125,-0.34641409625421593
0.25552734375,-0.475411892613698
0.255546875,-0.3140553933156867
0.25556640625,-0.22237395382203173
0.2555859375,-0.37974174975297215
0.25560546875,-0.472764850858032
0.255625,-0.5477048269467774
0.25564453125,-0.634771179132698
0.2556640625,-0.5674753291350607
0.25568359375,-0.3984946442222539
0.255703125,-0.42035990963430725
0.25572265625,-0.7392601675342032
0.2557421875,-0.7790824992219882
0.25576171875,-0.5181985927272614
0.25578125,-0.6546339107989441
0.25580078125,-0.9104866132190634
0.2558203125,-0.9794211337892345
0.25583984375,-0.970177410387461
0.255859375,-0.7432361775059535
0.25587890625,-0.5618387663469627
0.2558984375,-0.40872209127255676
0.25591796875,-0.18419802934606205
0.2559375,-0.18953955537372397
0.25595703125,-0.1522554638562446
0.2559765625,0.03799845871624475
0.25599609375,-0.032947379746981316
0.256015625,-0.22893331786659532
0.25603515625,-0.09066811385330042
0.2560546875,0.24077868569411182
0.25607421875,0.24413421579903344
0.25609375,-0.06137884795743575
0.25611328125,-0.18211100211062003
0.2561328125,-0.17427605417192776
0.25615234375,-0.4274952986926816
0.256171875,-0.5612846733871416
0.25619140625,-0.3754746258942807
0.2562109375,-0.4273399872309497
0.25623046875,-0.6873242527193217
0.25625,-0.7328779964483398
0.25626953125,-0.45703414343893733
0.2562890625,-0.1421474016401758
0.25630859375,-0.18635313651530536
0.256328125,-0.38639893097135636
0.25634765625,-0.40104754004572324
0.2563671875,-0.1694194524708185
0.25638671875,-0.06699734651998102
0.25640625,-0.5387606190886784
0.25642578125,-0.7809696277623692
0.2564453125,-0.39782314494464827
0.25646484375,-0.3310011192618653
0.256484375,-0.40590672739293787
0.25650390625,-0.21844088347548785
0.2565234375,-0.23440714426474824
0.25654296875,-0.2082830376618755
0.2565625,-0.02243422063733408
0.25658203125,-0.03268094394030108
0.2566015625,0.02287096158401485
0.25662109375,0.09361717159336524
0.256640625,-0.09648704271824356
0.25666015625,-0.18138669850475536
0.2566796875,-0.012606109430620335
0.25669921875,0.20661333929932224
0.25671875,0.2807100347408677
0.25673828125,0.11492734828404344
0.2567578125,-0.0038932903544069627
0.25677734375,-0.08875488760463497
0.256796875,-0.27795454772347106
0.25681640625,-0.3008825297023466
0.2568359375,-0.33536265195500564
0.25685546875,-0.5368862455807392
0.256875,-0.5578765570449185
0.25689453125,-0.5026937629626678
0.2569140625,-0.4797157560478482
0.25693359375,-0.3749584340115419
0.256953125,-0.5255021637451543
0.25697265625,-0.8520499272583009
0.2569921875,-0.83446732502779
0.25701171875,-0.6095554259225568
0.25703125,-0.5437901389079041
0.25705078125,-0.6996815166131523
0.2570703125,-0.8037012965690928
0.25708984375,-0.6578603557930786
0.257109375,-0.6248449426975433
0.25712890625,-0.6893125051703065
0.2571484375,-0.6266738122246069
0.25716796875,-0.7159865743660343
0.2571875,-0.7332034570176753
0.25720703125,-0.5412176722486681
0.2572265625,-0.4966675288644923
0.25724609375,-0.5186821249450464
0.257265625,-0.5934968589702965
0.25728515625,-0.5212804785882404
0.2573046875,-0.25978836661283866
0.25732421875,-0.30752913893070366
0.25734375,-0.40788223605659124
0.25736328125,-0.4651274059901741
0.2573828125,-0.6230735826377787
0.25740234375,-0.46433065289354036
0.257421875,-0.2248333055436726
0.25744140625,-0.14103445863165706
0.2574609375,-0.18207322867492162
0.25748046875,-0.4555270609145624
0.2575,-0.5048369807882918
0.25751953125,-0.44643468672824416
0.2575390625,-0.49821724275352963
0.25755859375,-0.2596625207398823
0.257578125,-0.06344683077568539
0.25759765625,0.025019259694435428
0.2576171875,0.2474330369159998
0.25763671875,0.18279226469577242
0.25765625,-0.059116519656464465
0.25767578125,-0.0005185433824548072
0.2576953125,0.15339425731394804
0.25771484375,0.0538660724397928
0.257734375,0.06264374271877719
0.25775390625,0.3997742779230488
0.2577734375,0.3154452380037154
0.25779296875,-0.18641594394910954
0.2578125,-0.2601528129788224
0.25783203125,-0.12713228229355028
0.2578515625,-0.1054446564401256
0.25787109375,-0.07859367764646112
0.257890625,-0.17510062485741984
0.25791015625,-0.15492020077415927
0.2579296875,-0.08975247004870311
0.25794921875,-0.09683607740801735
0.25796875,0.13888679530473363
0.25798828125,0.30521204940879665
0.2580078125,0.3903233955970278
0.25802734375,0.5699141568111823
0.258046875,0.4585609003656335
0.25806640625,0.27958642182301974
0.2580859375,0.381739127789961
0.25810546875,0.4968704777434585
0.258125,0.49733727066892697
0.25814453125,0.38084991224736264
0.2581640625,0.20843210412235233
0.25818359375,0.2714035008405363
0.258203125,0.3442455477435707
0.25822265625,0.0909634493280502
0.2582421875,-0.12446941551757919
0.25826171875,-0.017884806270044205
0.25828125,0.11392256218441596
0.25830078125,-0.0390811480695335
0.2583203125,-0.06954473419949926
0.25833984375,0.21268888326016658
0.258359375,0.31445200215272673
0.25837890625,0.3080065984604109
0.2583984375,0.3014573488037404
0.25841796875,0.18540186226566532
0.2584375,0.18866975101969582
0.25845703125,0.3068745342640031
0.2584765625,0.4153563257787257
0.25849609375,0.4850069052935464
0.258515625,0.4906409611664402
0.25853515625,0.47826497250699557
0.2585546875,0.5538697851350654
0.25857421875,0.8028532450864705
0.25859375,0.7894686797711976
0.25861328125,0.3762185603639006
0.2586328125,0.3447002190558871
0.25865234375,0.7311771036626924
0.258671875,0.7551041204650484
0.25869140625,0.46632064116425437
0.2587109375,0.3920238455386227
0.25873046875,0.3355799322823673
0.25875,0.1480479991883273
0.25876953125,0.13870557371081044
0.2587890625,0.048813080764832956
0.25880859375,-0.19937521511766373
0.258828125,-0.08404429906835251
0.25884765625,0.08135034792818452
0.2588671875,-0.06181693831487178
0.25888671875,0.051587576760187936
0.25890625,0.3165064126046686
0.25892578125,0.31981036492908066
0.2589453125,0.25702898726671924
0.25896484375,0.048659209002115386
0.258984375,-0.2199381664185208
0.25900390625,-0.2262890828189544
0.2590234375,-0.05242421857492822
0.25904296875,0.08196809441103242
0.2590625,0.04868756667734165
0.25908203125,-0.07712852794713687
0.2591015625,-0.17818949508547105
0.25912109375,-0.13122364373390644
0.259140625,0.17245072307892084
0.25916015625,0.3335423071839672
0.2591796875,0.05190217497469734
0.25919921875,-0.0648594952321369
0.25921875,0.1809073364517645
0.25923828125,0.23466207021242996
0.2592578125,0.070963783159479
0.25927734375,-0.013161600582616464
0.259296875,0.13982100523565275
0.25931640625,0.33932092956972837
0.2593359375,0.29735256045885927
0.25935546875,0.22616488097611684
0.259375,0.16693112022488052
0.25939453125,0.14847857786283097
0.2594140625,0.21080134737323103
0.25943359375,-0.050343471624883125
0.259453125,-0.06674235489607598
0.25947265625,0.4592747450954655
0.2594921875,0.5713193531843891
0.25951171875,0.37672888181894476
0.25953125,0.15956043401052203
0.25955078125,-0.08687096497099794
0.2595703125,-0.020418262394313588
0.25958984375,-0.030136087399573533
0.259609375,-0.0630165067109352
0.25962890625,0.12696110762229543
0.2596484375,0.06488107790373318
0.25966796875,-0.029500012030909382
0.2596875,0.06293606500687343
0.25970703125,0.12573066691306425
0.2597265625,0.13438548490125157
0.25974609375,0.15516253862537022
0.259765625,0.23763403480264056
0.25978515625,0.12747282439287583
0.2598046875,0.05225406978577358
0.25982421875,0.18587019115969802
0.25984375,0.1298722632531793
0.25986328125,-0.06294190951260714
0.2598828125,-0.33563074889117367
0.25990234375,-0.44891696479486565
0.259921875,-0.3483864109769653
0.25994140625,-0.39651084725153074
0.2599609375,-0.30576060665922117
0.25998046875,-0.08122733407262016
0.26,0.04300081208478829
0.26001953125,0.1411279638401113
0.2600390625,0.03909003522770381
0.26005859375,-0.029765996417752634
0.260078125,0.18679024413826678
0.26009765625,0.3433902090189834
0.2601171875,0.5098655416971798
0.26013671875,0.7678502160669124
0.26015625,0.6141943035297993
0.26017578125,0.2824522227041622
0.2601953125,0.2940411404187987
0.26021484375,0.2987227059864141
0.260234375,0.10666001285385236
0.26025390625,-0.06996864258106578
0.2602734375,-0.160117781588535
0.26029296875,-0.044522123577599035
0.2603125,0.3129062736773204
0.26033203125,0.6221201700202847
0.2603515625,0.5436852973541407
0.26037109375,0.20939215555666096
0.260390625,0.08706967357134451
0.26041015625,0.2197125534146529
0.2604296875,0.3399676459467051
0.26044921875,0.4120755000396289
0.26046875,0.44703096449853374
0.26048828125,0.4286286818817952
0.2605078125,0.32873174607579314
0.26052734375,0.27751502525608257
0.260546875,0.4555659430025164
0.26056640625,0.5606671732924343
0.2605859375,0.4844025661794231
0.26060546875,0.44307441044499035
0.260625,0.5055124864521153
0.26064453125,0.6620316935130822
0.2606640625,0.5891171000002035
0.26068359375,0.4963235877717094
0.260703125,0.7518031912086218
0.26072265625,0.7841099514383549
0.2607421875,0.5434525382966073
0.26076171875,0.4655767760320163
0.26078125,0.4407601451178236
0.26080078125,0.4131678696307711
0.2608203125,0.3598375295805541
0.26083984375,0.22467383348510062
0.260859375,0.13553824920049412
0.26087890625,0.22249896881902698
0.2608984375,0.4850875784971429
0.26091796875,0.5812753660994701
0.2609375,0.3743824057434062
0.26095703125,0.32827785348342714
0.2609765625,0.41451837892531285
0.26099609375,0.2459591288168171
0.261015625,0.0677299230215323
0.26103515625,0.062486500319420574
0.2610546875,0.0766368198028465
0.26107421875,0.12163528150279757
0.26109375,0.11019510369389351
0.26111328125,-0.09089837095657789
0.2611328125,-0.0770025247658314
0.26115234375,0.45127244388968746
0.261171875,0.7652354432283188
0.26119140625,0.6196484837406354
0.2612109375,0.5957493261929139
0.26123046875,0.5065376491010997
0.26125,0.39655771217499736
0.26126953125,0.5248070771329117
0.2612890625,0.3962992635229718
0.26130859375,-0.006661734227003224
0.261328125,-0.21272284961962942
0.26134765625,0.06987617672136479
0.2613671875,0.5225306420950282
0.26138671875,0.43033145336639467
0.26140625,0.031349130695607276
0.26142578125,0.07833583935427678
0.2614453125,0.41796801611131607
0.26146484375,0.4065535923740805
0.261484375,0.38117860860695285
0.26150390625,0.7613078916202347
0.2615234375,0.7559508612865986
0.26154296875,0.43727713782946764
0.2615625,0.5793565879818484
0.26158203125,0.47009954925939473
0.2616015625,-0.013980434922317743
0.26162109375,0.05310343151917379
0.261640625,0.14405425759804913
0.26166015625,-0.11631387598007704
0.2616796875,-0.04485610720837393
0.26169921875,0.10446360949808647
0.26171875,-0.01881066770692444
0.26173828125,-0.09762256344966568
0.2617578125,0.018231934242002423
0.26177734375,0.146597016452036
0.261796875,-0.0937435971749768
0.26181640625,-0.3888298314641559
0.2618359375,-0.3357612920682465
0.26185546875,-0.42713257272426425
0.261875,-0.7448163390769263
0.26189453125,-0.7589249772437996
0.2619140625,-0.39031748203417527
0.26193359375,-0.23985170713290674
0.261953125,-0.408314908802648
0.26197265625,-0.1860022248960157
0.2619921875,0.15214371498398482
0.26201171875,0.10743200974193232
0.26203125,0.12868013840477152
0.26205078125,0.2973342611199714
0.2620703125,0.33363736146503475
0.26208984375,0.11507909137341593
0.262109375,-0.24066833323110898
0.26212890625,-0.4225953386540512
0.2621484375,-0.3547900030178778
0.26216796875,-0.15281550038730568
0.2621875,-0.08318448078987589
0.26220703125,-0.06090547686430524
0.2622265625,-0.09242299006907946
0.26224609375,-0.43089219897745445
0.262265625,-0.5140384339769006
0.26228515625,-0.3389624155466713
0.2623046875,-0.21616606745006947
0.26232421875,0.16975573352700718
0.26234375,0.22074169132284155
0.26236328125,-0.12328314070668993
0.2623828125,0.007827011129191652
0.26240234375,0.1759819995910221
0.262421875,0.012576203662712634
0.26244140625,-0.04623115274921802
0.2624609375,-0.11832702210031396
0.26248046875,-0.22320566206994857
0.2625,-0.21816543374403416
0.26251953125,0.01977369692828207
0.2625390625,0.5881190432089791
0.26255859375,0.6708661490838916
0.262578125,0.33272014198215216
0.26259765625,0.6898098264320783
0.2626171875,1.0995442646588756
0.26263671875,0.6634507630860939
0.26265625,0.11686697870635214
0.26267578125,0.10989696097695718
0.2626953125,0.27184146549350235
0.26271484375,0.2284673778834575
0.262734375,0.18132802132700634
0.26275390625,0.11933905291549188
0.2627734375,0.020672496873961242
0.26279296875,0.13625610205380242
0.2628125,0.239404335001021
0.26283203125,0.11847798820208184
0.2628515625,-0.06806225489117201
0.26287109375,0.017859491051277224
0.262890625,0.27921761499242903
0.26291015625,-0.08487778582418998
0.2629296875,-0.7004808810586756
0.26294921875,-0.7207462022579194
0.26296875,-0.4451866099994335
0.26298828125,-0.03652218152429219
0.2630078125,0.19961026914844032
0.26302734375,0.05982026441880301
0.263046875,0.0013620513454383181
0.26306640625,0.02127804184911747
0.2630859375,-0.011652168400405241
0.26310546875,-0.3397722864943403
0.263125,-0.6158063280908568
0.26314453125,-0.2870037623268258
0.2631640625,-0.09602563132107583
0.26318359375,-0.12356495413486712
0.263203125,-0.15412090808857773
0.26322265625,-0.38958105161802276
0.2632421875,-0.24518233064454237
0.26326171875,0.028275680811256233
0.26328125,0.012357133081284229
0.26330078125,0.012292713720361996
0.2633203125,-0.13876327773953423
0.26333984375,-0.22383418304494565
0.263359375,-0.22614455317360543
0.26337890625,-0.332027734047457
0.2633984375,-0.19268709021785724
0.26341796875,-0.12820097086645216
0.2634375,-0.25404430964802727
0.26345703125,-0.36644486634494977
0.2634765625,-0.44227460074933006
0.26349609375,-0.2600850531972402
0.263515625,-0.2939239428540946
0.26353515625,-0.5758566987500592
0.2635546875,-0.46879513955737884
0.26357421875,-0.3481336823352186
0.26359375,-0.6225778522646954
0.26361328125,-0.7646242338676084
0.2636328125,-0.4435306409149367
0.26365234375,-0.2508698769030706
0.263671875,-0.42330339432790787
0.26369140625,-0.40984138748118926
0.2637109375,-0.19966571152856327
0.26373046875,-0.09160169181561029
0.26375,-0.014574421650964717
0.26376953125,-0.015553001216769925
0.2637890625,-0.16978540010014523
0.26380859375,-0.3229499165674427
0.263828125,-0.4536789827679623
0.26384765625,-0.5290461397507003
0.2638671875,-0.479244309818756
0.26388671875,-0.3455881716501985
0.26390625,-0.1303319852720387
0.26392578125,-0.22451260494365277
0.2639453125,-0.6180789250786475
0.26396484375,-0.6429674957080542
0.263984375,-0.6038225344260455
0.26400390625,-0.6974793676393958
0.2640234375,-0.44417769739117663
0.26404296875,-0.24164317136799163
0.2640625,-0.22762642823585727
0.26408203125,0.024768556561594927
0.2641015625,0.09228856894863402
0.26412109375,-0.2706254497374734
0.264140625,-0.402301552046065
0.26416015625,-0.17135259561014154
0.2641796875,-0.1651095164634414
0.26419921875,-0.4364930754007309
0.26421875,-0.5296748260767508
0.26423828125,-0.4173120885897251
0.2642578125,-0.46186507576784896
0.26427734375,-0.6305958977474314
0.264296875,-0.692146955907746
0.26431640625,-0.8347976073288382
0.2643359375,-1.040968235063376
0.26435546875,-0.944799749069194
0.264375,-0.7291762145392237
0.26439453125,-0.6651568497211154
0.2644140625,-0.5247380242832085
0.26443359375,-0.20207028310666225
0.264453125,0.12671903595109804
0.26447265625,0.2531275539283212
0.2644921875,0.19862581211257346
0.26451171875,0.2550991751863495
0.26453125,0.37309826398291224
0.26455078125,0.2131237857948698
0.2645703125,-0.049599012852883005
0.26458984375,-0.15087557492524933
0.264609375,-0.14170456762364356
0.26462890625,-0.11330422941769555
0.2646484375,-0.23832594114399233
0.26466796875,-0.14909971446480624
0.2646875,0.16135983561711598
0.26470703125,0.10643576711680582
0.2647265625,-0.050099202491151504
0.26474609375,-0.22670983848935577
0.264765625,-0.2706508701471824
0.26478515625,-0.0689496591440758
0.2648046875,-0.4249492387218794
0.26482421875,-0.8657964100639797
0.26484375,-0.7790763967398787
0.26486328125,-0.7447230959506762
0.2648828125,-0.6852446388068247
0.26490234375,-0.5865915714241312
0.264921875,-0.5353371987373325
0.26494140625,-0.39300261087446076
0.2649609375,-0.5971441893231718
0.26498046875,-0.9083804453786011
0.265,-0.9299965348878886
0.26501953125,-0.8829809597137118
0.2650390625,-0.5451664930331576
0.26505859375,-0.3739672343246077
0.265078125,-0.7374036829666731
0.26509765625,-0.7804617840956951
0.2651171875,-0.5484353694448134
0.26513671875,-0.44026722747252633
0.26515625,-0.3118904430523695
0.26517578125,-0.26788768825422893
0.2651953125,-0.17110367408376892
0.26521484375,0.06816718841872507
0.265234375,0.06327511512169161
0.26525390625,-0.23015927071999231
0.2652734375,-0.4104948629598265
0.26529296875,-0.31839549706465997
0.2653125,-0.12156801858779559
0.26533203125,-0.2111101041068489
0.2653515625,-0.5419156226922484
0.26537109375,-0.3977838755792344
0.265390625,-0.024684573767812384
0.26541015625,-0.26342956566645437
0.2654296875,-0.6136378926554149
0.26544921875,-0.3600323473443026
0.26546875,-0.12109679186043841
0.26548828125,-0.3728231545568357
0.2655078125,-0.4535473254908855
0.26552734375,-0.21630572748363497
0.265546875,-0.23590159188855025
0.26556640625,-0.35770485388602197
0.2655859375,-0.36968225432021884
0.26560546875,-0.38666390425947905
0.265625,-0.21524271875067696
0.26564453125,-0.11299852297049306
0.2656640625,-0.15450271477126168
0.26568359375,0.1623116734159201
0.265703125,0.40482827609129773
0.26572265625,0.12751896504057236
0.2657421875,-0.10933142550859921
0.26576171875,-0.04257956963022317
0.26578125,0.01978134517758269
0.26580078125,-0.038528385896631046
0.2658203125,0.02267058434623144
0.26583984375,0.31315716700401575
0.265859375,0.3559089913596113
0.26587890625,0.037496285327038165
0.2658984375,0.10059436182890144
0.26591796875,0.45297204494525395
0.2659375,0.3930819291590266
0.26595703125,0.09351562134352917
0.2659765625,-0.0758760846106621
0.26599609375,0.026034210072420367
0.266015625,0.08689297281956931
0.26603515625,-0.07033923020281332
0.2660546875,0.14333635027292085
0.26607421875,0.42537013461348155
0.26609375,0.41496018217234854
0.26611328125,0.5151054911997788
0.2661328125,0.3398225707452424
0.26615234375,-0.019523349166061087
0.266171875,0.02678067614978035
0.26619140625,0.006591201168371932
0.2662109375,-0.3442302409903693
0.26623046875,-0.5010991576170676
0.26625,-0.1795704832010778
0.26626953125,0.08386236188514358
0.2662890625,-0.27333741300042447
0.26630859375,-0.7489759379511973
0.266328125,-0.7990282731754539
0.26634765625,-0.5274970198254195
0.2663671875,-0.11219748231698229
0.26638671875,0.13878206820442354
0.26640625,0.259214988615838
0.26642578125,0.3512443281888127
0.2664453125,0.2962863482623245
0.26646484375,0.4892768399158025
0.266484375,0.6740173128723889
0.26650390625,0.5258811749962724
0.2665234375,0.519360348467502
0.26654296875,0.22263511064078811
0.2665625,-0.2403597931238908
0.26658203125,-0.038857073788667436
0.2666015625,0.22473081554776367
0.26662109375,0.2043213256821072
0.266640625,0.36682397484663176
0.26666015625,0.5661315146671098
0.2666796875,0.6287128927368248
0.26669921875,0.645239736666838
0.26671875,0.4017463759505964
0.26673828125,-0.0027661800547809645
0.2667578125,-0.017362395415895765
0.26677734375,0.3678224169904091
0.266796875,0.5317104516485963
0.26681640625,0.08749948402628532
0.2668359375,-0.27515888466938193
0.26685546875,-0.041191993052819606
0.266875,0.1925268140175994
0.26689453125,0.019665262682394963
0.2669140625,-0.42957032679887736
0.26693359375,-0.39564366069834384
0.266953125,0.13532561202386661
0.26697265625,-0.020264023527792677
0.2669921875,-0.4532348100494228
0.26701171875,-0.38814431332180555
0.26703125,-0.33859976947359305
0.26705078125,-0.33344955360826833
0.2670703125,-0.29691231578747856
0.26708984375,-0.4004091194704253
0.267109375,-0.469729198956475
0.26712890625,-0.30440949901220143
0.2671484375,0.19045631343421762
0.26716796875,0.44010985922722656
0.2671875,0.0188781642224088
0.26720703125,-0.09580115332103571
0.2672265625,0.4714371375228455
0.26724609375,0.7001908958772445
0.267265625,0.3229959463189887
0.26728515625,0.11226953106647397
0.2673046875,0.5136823230057666
0.26732421875,0.971688925473849
0.26734375,0.9220411624739577
0.26736328125,0.6270785536514234
0.2673828125,0.3599854420227555
0.26740234375,0.13905026106183996
0.267421875,0.06855593258428386
0.26744140625,0.21532685319219405
0.2674609375,0.31932490090528953
0.26748046875,0.07853310981605593
0.2675,-0.13860400901073583
0.26751953125,0.06830921642363302
0.2675390625,0.15870713705156447
0.26755859375,-0.1799858277254672
0.267578125,-0.4402660448506792
0.26759765625,-0.39242116305218994
0.2676171875,-0.10834848969681192
0.26763671875,0.0957855146257907
0.26765625,0.006057884168572114
0.26767578125,-0.01017235438809562
0.2676953125,0.09520966897771722
0.26771484375,0.14986746133355344
0.267734375,0.04431729990141105
0.26775390625,-0.31889082239063804
0.2677734375,-0.5587196251588606
0.26779296875,-0.4534181018668874
0.2678125,0.031088009889084
0.26783203125,0.45950459135225236
0.2678515625,0.17958500169296
0.26787109375,0.08564667513121338
0.267890625,0.517462302459998
0.26791015625,0.42584269224961735
0.2679296875,0.021499599310133094
0.26794921875,-0.15962254974495504
0.26796875,-0.13116088845379778
0.26798828125,-0.026164036023723393
0.2680078125,-0.14790173690389322
0.26802734375,-0.1453336504458065
0.268046875,0.19355974911943674
0.26806640625,0.6066240119034398
0.2680859375,0.8159711985807301
0.26810546875,0.4747772679731411
0.268125,0.1934643171995527
0.26814453125,0.3289168627606121
0.2681640625,0.25947052614629573
0.26818359375,0.15536692904429167
0.268203125,0.34401397356493024
0.26822265625,0.48709429123509207
0.2682421875,0.35471056204172496
0.26826171875,0.1465109588742737
0.26828125,0.17647694901213873
0.26830078125,0.2621904531526992
0.2683203125,0.12737629314320698
0.26833984375,0.08895634832287186
0.268359375,0.2658089697880137
0.26837890625,0.33665494648382677
0.2683984375,0.3118124923376674
0.26841796875,0.20241821822792735
0.2684375,0.07682158371518563
0.26845703125,0.23506973104483064
0.2684765625,0.3582437342864596
0.26849609375,0.20301912506635772
0.268515625,0.20841851027150232
0.26853515625,0.3655331114159416
0.2685546875,0.39230165176729104
0.26857421875,0.4718923696802696
0.26859375,0.45794271124830377
0.26861328125,0.33262242553766597
0.2686328125,0.6087653576992313
0.26865234375,0.8652177848506768
0.268671875,0.8259400486538337
0.26869140625,0.8925494421746103
0.2687109375,0.9151732310222134
0.26873046875,0.8431100498550164
0.26875,0.6953811840280386
0.26876953125,0.6197795632780361
0.2687890625,0.7253597295963501
0.26880859375,0.5833413375931413
0.268828125,0.4506004843373085
0.26884765625,0.47894567759138873
0.2688671875,0.1771660103354308
0.26888671875,0.005813684107817619
0.26890625,0.21149439221731803
0.26892578125,0.3875386635280801
0.2689453125,0.4608155284315341
0.26896484375,0.19603029498352403
0.268984375,0.11047062941695218
0.26900390625,0.521713299125929
0.2690234375,0.5120398456716725
0.26904296875,0.14581677503775914
0.2690625,-0.13730746189500526
0.26908203125,-0.27955911201499795
0.2691015625,-0.125894722437118
0.26912109375,0.09985301854384432
0.269140625,0.28640655571601137
0.26916015625,0.1167832616464421
0.2691796875,-0.12642812179152513
0.26919921875,0.3246481464519779
0.26921875,0.6582360035746024
0.26923828125,0.46710668128882943
0.2692578125,0.35120144027631606
0.26927734375,0.40451785686639996
0.269296875,0.6796203633942388
0.26931640625,0.8146376045060336
0.2693359375,0.7656140246059207
0.26935546875,0.8266687444952628
0.269375,0.848748842399115
0.26939453125,1.0417860103301284
0.2694140625,1.0801965180711393
0.26943359375,0.6531987466031436
0.269453125,0.4208609842187805
0.26947265625,0.574376984306249
0.2694921875,0.760368858364306
0.26951171875,0.5241626875417513
0.26953125,0.1297375267437902
0.26955078125,0.27023010686769133
0.2695703125,0.48822924923163435
0.26958984375,0.2819047556798093
0.269609375,-0.03361709362773344
0.26962890625,-0.07108424570470781
0.2696484375,0.1309524809522345
0.26966796875,0.14397305243277345
0.2696875,0.08790784142415473
0.26970703125,0.2049828601740234
0.2697265625,0.14768985649425945
0.26974609375,-0.04137780438486688
0.269765625,-0.02457805270838115
0.26978515625,-0.08882467712233197
0.2698046875,-0.4647158255462948
0.26982421875,-0.6592514799620047
0.26984375,-0.39904166848444556
0.26986328125,-0.20187564072879677
0.2698828125,-0.4273247168824854
0.26990234375,-0.48969388100686084
0.269921875,-0.04467356294405622
0.26994140625,0.14420848974211337
0.2699609375,-0.013848171449914203
0.26998046875,0.1513424039276597
0.27,0.46980250924857536
0.27001953125,0.6358840815581461
0.2700390625,0.6513273071578879
0.27005859375,0.42507068523299796
0.270078125,0.1642772763587536
0.27009765625,0.1521660005485651
0.2701171875,0.18717279169239817
0.27013671875,0.03520306433144964
0.27015625,-0.19948631797449723
0.27017578125,-0.4129569793570723
0.2701953125,-0.4625287467563863
0.27021484375,-0.37126179262914266
0.270234375,-0.1538168509342231
0.27025390625,0.17664873883702942
0.2702734375,-0.02345234908467478
0.27029296875,-0.46351145784435754
0.2703125,-0.19926737506189088
0.27033203125,0.09527327051818442
0.2703515625,-0.11413876121408581
0.27037109375,-0.14030869192775183
0.270390625,0.059476863895029805
0.27041015625,0.23016129475963398
0.2704296875,0.3417522884009458
0.27044921875,0.1889733022723961
0.27046875,0.23212260343608193
0.27048828125,0.5005284910126327
0.2705078125,0.27948820281253556
0.27052734375,0.040780055741236075
0.270546875,0.14857809379816106
0.27056640625,0.2564528810555238
0.2705859375,0.3338410513186796
0.27060546875,0.3789053169354296
0.270625,0.4766914789266593
0.27064453125,0.4838310928086075
0.2706640625,0.5019482917889591
0.27068359375,0.7017741745044832
0.270703125,0.5887826715635621
0.27072265625,0.36086896524690837
0.2707421875,0.34735470668971535
0.27076171875,0.16354253412261788
0.27078125,0.0652410271935343
0.27080078125,0.22431037324266506
0.2708203125,0.04398768591202762
0.27083984375,-0.21144945870529894
0.270859375,-0.001214570226628034
0.27087890625,0.22179059842984006
0.2708984375,0.12935150220478386
0.27091796875,-0.008419779583257868
0.2709375,0.10155780301077175
0.27095703125,0.15960127667307916
0.2709765625,-0.013115324698634356
0.27099609375,-0.0215618755028658
0.271015625,-0.36643723737657435
0.27103515625,-0.938629057947679
0.2710546875,-0.7393768988936252
0.27107421875,-0.39939013004403
0.27109375,-0.4986054334577266
0.27111328125,-0.5183173513244509
0.2711328125,-0.19398651997716518
0.27115234375,0.15095640768212865
0.271171875,0.001731632338296249
0.27119140625,-0.269432062740461
0.2712109375,-0.23425049331445283
0.27123046875,-0.0927184407498454
0.27125,0.0976226564916404
0.27126953125,0.10459373569766714
0.2712890625,-0.08856244905965242
0.27130859375,-0.13219512728845234
0.271328125,-0.09230627669751801
0.27134765625,-0.08298363948136697
0.2713671875,-0.23061410673273844
0.27138671875,-0.46017406566968866
0.27140625,-0.21938892635438845
0.27142578125,0.09468006893199941
0.2714453125,-0.09632957602522395
0.27146484375,-0.31308898835646853
0.271484375,-0.4454143409889758
0.27150390625,-0.5319086103387071
0.2715234375,-0.3295379982972892
0.27154296875,-0.10615875658432732
0.2715625,-0.23559852992813543
0.27158203125,-0.5602919757859679
0.2716015625,-0.6223056482722694
0.27162109375,-0.46679349088397615
0.271640625,-0.6846091294617973
0.27166015625,-1.1115543095924967
0.2716796875,-0.8479622578725211
0.27169921875,-0.3727744537610669
0.27171875,-0.6003314858589179
0.27173828125,-0.9226149403324588
0.2717578125,-0.8169729112599284
0.27177734375,-0.5343229479133248
0.271796875,-0.4834068641851706
0.27181640625,-0.6955864234240949
0.2718359375,-0.7851506169813924
0.27185546875,-0.7634468887926753
0.271875,-0.5817879039788436
0.27189453125,-0.3237819594054627
0.2719140625,-0.31252181025581316
0.27193359375,-0.2617062116934197
0.271953125,-0.04807375024962278
0.27197265625,-0.0024070143367776603
0.2719921875,-0.11414530367474209
0.27201171875,-0.14937144342506242
0.27203125,-0.1093247683582538
0.27205078125,-0.10625034342404843
0.2720703125,-0.16643518002727434
0.27208984375,-0.20936876318895398
0.272109375,-0.11937901815863253
0.27212890625,-0.140647299627931
0.2721484375,-0.3374195361644954
0.27216796875,-0.3139493095936874
0.2721875,-0.12925370137255715
0.27220703125,-0.12272783227454964
0.2722265625,-0.3624302580107151
0.27224609375,-0.5273539919384245
0.272265625,-0.4170235448935662
0.27228515625,-0.3497984808816163
0.2723046875,-0.3461473589546143
0.27232421875,-0.42602251559268267
0.27234375,-0.6966400338127205
0.27236328125,-0.5344221748000779
0.2723828125,-0.06962561984662866
0.27240234375,-0.2054766293697995
0.272421875,-0.44449578560238484
0.27244140625,-0.16058589001085677
0.2724609375,0.023502180928108532
0.27248046875,-0.21788013921226568
0.2725,-0.45166212662210226
0.27251953125,-0.3410026171874081
0.2725390625,-0.09492016386012467
0.27255859375,-0.014164378434501813
0.272578125,0.015514174740125682
0.27259765625,-0.04446500534870384
0.2726171875,-0.1544878660097526
0.27263671875,0.039247545606481915
0.27265625,0.2758366222428627
0.27267578125,0.21868925544052253
0.2726953125,0.050016810864421044
0.27271484375,-0.14230429956823304
0.272734375,-0.309818385303689
0.27275390625,-0.31332113949575835
0.2727734375,-0.1890590259216397
0.27279296875,-0.2898987988904197
0.2728125,-0.501752346603934
0.27283203125,-0.29209674941541514
0.2728515625,-0.26700647760903984
0.27287109375,-0.7314814421725709
0.272890625,-0.7823981420065826
0.27291015625,-0.5468563618418273
0.2729296875,-0.3849328856111899
0.27294921875,-0.2899169916616099
0.27296875,-0.521515569108786
0.27298828125,-0.6659267585193797
0.2730078125,-0.7760636591813244
0.27302734375,-1.113083386048291
0.273046875,-1.1697158681662523
0.27306640625,-1.0402862904003871
0.2730859375,-0.9099865937100962
0.27310546875,-0.8355600562825038
0.273125,-0.7117816512819455
0.27314453125,-0.22332795235779007
0.2731640625,0.03367483887096652
0.27318359375,-0.06607129752823862
0.273203125,-0.09406590881360839
0.27322265625,-0.0754025587392337
0.2732421875,0.21353601062017932
0.27326171875,0.24668487682239154
0.27328125,-0.2492423209904227
0.27330078125,-0.38301216255332254
0.2733203125,-0.4273928867822685
0.27333984375,-0.7092248895053216
0.273359375,-0.8361624280276779
0.27337890625,-0.9186327284239266
0.2733984375,-0.6856544082838454
0.27341796875,-0.3369838314667467
0.2734375,-0.43885511140628364
0.27345703125,-0.6257446634192247
0.2734765625,-0.7339023546450751
0.27349609375,-0.5410074056195437
0.273515625,-0.07656983148532814
0.27353515625,0.06916021989822785
0.2735546875,0.2010673611343586
0.27357421875,0.39951841644013897
0.27359375,0.41807340787368674
0.27361328125,0.4623564099915641
0.2736328125,0.3465210644866431
0.27365234375,0.17952916236005134
0.273671875,0.1515501844367446
0.27369140625,0.19215573518970627
0.2737109375,0.40694930608692814
0.27373046875,0.3417204718248634
0.27375,0.04962251593908526
0.27376953125,0.13810218644010555
0.2737890625,0.13367681238407095
0.27380859375,-0.0757534096329192
0.273828125,-0.004450820454965393
0.27384765625,-0.02785317324996879
0.2738671875,-0.3250549103664675
0.27388671875,-0.45137864160076413
0.27390625,-0.20657089661999606
0.27392578125,0.09886721430208711
0.2739453125,0.11234003975398721
0.27396484375,0.09741339702520538
0.273984375,0.20469187590182894
0.27400390625,0.22329833881193248
0.2740234375,0.2598724771541149
0.27404296875,0.429128522673176
0.2740625,0.5230845506722068
0.27408203125,0.35190716900934027
0.2741015625,0.18467643153211835
0.27412109375,0.20867887009453093
0.274140625,0.16813847305051818
0.27416015625,-0.009162966062207116
0.2741796875,-0.12342119935485803
0.27419921875,-0.06275200432677544
0.27421875,-0.0706139084027261
0.27423828125,-0.18244150080819016
0.2742578125,-0.027996751046417412
0.27427734375,0.32348292816316215
0.274296875,0.4447039341776377
0.27431640625,0.3399802295840133
0.2743359375,0.3326696371780294
0.27435546875,0.3715134283898407
0.274375,0.45750327365225485
0.27439453125,0.6303556736498698
0.2744140625,0.5035704951560569
0.27443359375,0.24967188637322937
0.274453125,0.27194932757783286
0.27447265625,0.3367818147507815
0.2744921875,0.32454423092376217
0.27451171875,0.23589097122831598
0.27453125,0.16496080349576475
0.27455078125,0.3071808918586573
0.2745703125,0.265456129261749
0.27458984375,0.026901123625655117
0.274609375,0.07409089845969705
0.27462890625,0.28843662633234546
0.2746484375,0.515792868541316
0.27466796875,0.5157874657559482
0.2746875,0.20856314206272242
0.27470703125,0.10413613550774518
0.2747265625,0.22350427291848945
0.27474609375,0.3209384288554075
0.274765625,0.3482890990784821
0.27478515625,0.16176581578781407
0.2748046875,-0.00605494140589476
0.27482421875,0.0846863561394554
0.27484375,0.12618234035033368
0.27486328125,0.014426362920307849
0.2748828125,-0.03570180895223506
0.27490234375,0.016280640821126156
0.274921875,-0.034892865319343984
0.27494140625,-0.21089914614335212
0.2749609375,-0.12069824355720357
0.27498046875,0.0909954282832588
0.275,0.006711018135907437
0.27501953125,-0.16537513749862162
0.2750390625,-0.05720906139144595
0.27505859375,0.39410924468936503
0.275078125,0.6017029923577628
0.27509765625,0.24134130820083569
0.2751171875,-0.14163810076767872
0.27513671875,-0.16115837784246823
0.27515625,0.1253332018775069
0.27517578125,0.24137483526720846
0.2751953125,0.08712910764468793
0.27521484375,0.25810666602642063
0.275234375,0.6104267984506947
0.27525390625,0.6981350724958304
0.2752734375,0.772620964744485
0.27529296875,0.8683610400135477
0.2753125,0.7792955983808445
0.27533203125,0.4954336311755907
0.2753515625,0.13644796189113179
0.27537109375,0.03339388600221532
0.275390625,0.08692003223097963
0.27541015625,0.00752829164881442
0.2754296875,0.03246611247864174
0.27544921875,0.2611805718909042
0.27546875,0.27753998579811295
0.27548828125,-0.01813639667504422
0.2755078125,-0.0895996360853083
0.27552734375,0.23237753833617605
0.275546875,0.4706375079752928
0.27556640625,0.3125775034688239
0.2755859375,0.11683273613736997
0.27560546875,0.3047838021073638
0.275625,0.4535182929259092
0.27564453125,0.1515753257001284
0.2756640625,-0.13938229373927727
0.27568359375,0.041475924812198806
0.275703125,0.5066608817141307
0.27572265625,0.5375712602941641
0.2757421875,-0.14540450474919855
0.27576171875,-0.5823630666548737
0.27578125,-0.2701921235556052
0.27580078125,0.12775203661957024
0.2758203125,0.27240636145810604
0.27583984375,0.27122654348555275
0.275859375,0.436398249428708
0.27587890625,0.5704054990715659
0.2758984375,0.15162252752230299
0.27591796875,-0.08827206338922398
0.2759375,0.1718253008141984
0.27595703125,0.23818879896901618
0.2759765625,0.14287858731080655
0.27599609375,-0.07333204543899455
0.276015625,-0.12800068930719583
0.27603515625,0.24550222824380297
0.2760546875,0.4338466201403334
0.27607421875,0.44497980394410275
0.27609375,0.47021883906371287
0.27611328125,0.3572481899631941
0.2761328125,0.2398480679343897
0.27615234375,0.1907439225794027
0.276171875,0.1637117780996324
0.27619140625,-0.007188842799629891
0.2762109375,-0.13381953134566985
0.27623046875,0.07104205920041748
0.27625,0.20385325508004948
0.27626953125,0.07837438540670105
0.2762890625,0.15049227774435153
0.27630859375,0.2978487606501261
0.276328125,0.17816951053920121
0.27634765625,0.32977413038027636
0.2763671875,0.8426305540839699
0.27638671875,1.0193875134505852
0.27640625,0.6972046749758296
0.27642578125,0.42435760211148144
0.2764453125,0.5294528140859601
0.27646484375,0.47304976750235117
0.276484375,0.3158012305001997
0.27650390625,0.5436839461164444
0.2765234375,0.7224171076343389
0.27654296875,0.7724189628972945
0.2765625,0.8912255892182125
0.27658203125,0.9696633717953754
0.2766015625,1.0854948075077544
0.27662109375,1.097871685815595
0.276640625,0.973107953604075
0.27666015625,0.8018693277730597
0.2766796875,0.5383597194176615
0.27669921875,0.4488075111650007
0.27671875,0.46020942906866524
0.27673828125,0.4719042206005256
0.2767578125,0.880624094066008
0.27677734375,1.117640374390946
0.276796875,0.619399486222928
0.27681640625,0.2520725950240912
0.2768359375,0.2817094941488347
0.27685546875,0.35268359125621024
0.276875,0.43253210720675517
0.27689453125,0.2529461086916235
0.2769140625,0.12240233563185544
0.27693359375,0.18578756127997223
0.276953125,-0.009108940670072715
0.27697265625,-0.2274705239195784
0.2769921875,-0.25376056085570065
0.27701171875,-0.07480811928854361
0.27703125,0.18588117104976284
0.27705078125,0.12327612204801
0.2770703125,-0.07432947384532217
0.27708984375,-0.0022979213459457942
0.277109375,0.10393674931040442
0.27712890625,-0.08055419884392992
0.2771484375,-0.09969329432251697
0.27716796875,0.26190982503771176
0.2771875,0.492125099861049
0.27720703125,0.6009930820619568
0.2772265625,0.5841925379141424
0.27724609375,0.43356933011817367
0.277265625,0.5329306192978822
0.27728515625,0.7444287301974475
0.2773046875,0.892417067101662
0.27732421875,0.7885203947852237
0.27734375,0.4593577764115638
0.27736328125,0.44334917261434204
0.2773828125,0.5292953267446993
0.27740234375,0.44775783713955314
0.277421875,0.3167001534126195
0.27744140625,0.07943267329926881
0.2774609375,-0.03204624851164941
0.27748046875,-0.023971039325734588
0.2775,0.03470409925225591
0.27751953125,0.21961874362567896
0.2775390625,0.1815663956969064
0.27755859375,0.2746662778608496
0.277578125,0.6474573198266194
0.27759765625,0.44253210001755683
0.2776171875,0.031696758183558355
0.27763671875,-0.0008806094140524634
0.27765625,0.08720520711903125
0.27767578125,0.2210949240934338
0.2776953125,0.1655818282301037
0.27771484375,0.058578566123776106
0.277734375,0.12894242857540755
0.27775390625,0.0832123358432727
0.2777734375,-0.09512354111912927
0.27779296875,-0.2171820784397996
0.2778125,-0.2208218868893246
0.27783203125,-0.1816679375620874
0.2778515625,-0.1095025130198422
0.27787109375,-0.06386776800303386
0.277890625,-0.15819345078969266
0.27791015625,-0.162883170296224
0.2779296875,-0.012561546843279366
0.27794921875,0.09910826313554472
0.27796875,0.20094530765863305
0.27798828125,0.35690062965907654
0.2780078125,0.3318037695620112
0.27802734375,0.0030601839558170897
0.278046875,-0.0939618001909572
0.27806640625,0.12123933603497393
0.2780859375,-0.002856681905724079
0.27810546875,-0.3308179516079057
0.278125,-0.410942213214901
0.27814453125,-0.2065316264804163
0.2781640625,0.1747263103110274
0.27818359375,0.19320260932990208
0.278203125,-0.08227591405338051
0.27822265625,0.00034252215889341714
0.2782421875,0.0999269006919726
0.27826171875,-0.1120746029486462
0.27828125,-0.26946583980986083
0.27830078125,-0.16310369542294223
0.2783203125,0.019315286768616186
0.27833984375,-0.02411194289787292
0.278359375,-0.04236141941082511
0.27837890625,0.004059269802901298
0.2783984375,-0.1264084514486356
0.27841796875,-0.03350637767014618
0.2784375,0.14528462616813567
0.27845703125,0.01583080747895992
0.2784765625,-0.027442685423402474
0.27849609375,0.24148538257054358
0.278515625,0.5452831052298708
0.27853515625,0.5140994926489401
0.2785546875,0.2850186963888027
0.27857421875,0.223874175384887
0.27859375,0.21049534531480862
0.27861328125,0.20466195785447558
0.2786328125,0.18631520159469628
0.27865234375,0.1231048782361616
0.278671875,0.3346678931779832
0.27869140625,0.5266262597984321
0.2787109375,0.2184014782342021
0.27873046875,0.13619984536857574
0.27875,0.6596865926340649
0.27876953125,0.8687786629916538
0.2787890625,0.5217068972379031
0.27880859375,0.21502780868883087
0.278828125,0.12757645725947794
0.27884765625,0.16603772126670846
0.2788671875,0.12376597048886752
0.27888671875,-0.25509000660630077
0.27890625,-0.6132772269618507
0.27892578125,-0.43920095653084135
0.2789453125,-0.2678055358563781
0.27896484375,-0.6188450734541555
0.278984375,-0.8581765516543306
0.27900390625,-0.4938374077064621
0.2790234375,-0.10191389054843113
0.27904296875,-0.2424751499358259
0.2790625,-0.4168085292746967
0.27908203125,-0.35318780464086846
0.2791015625,-0.2579091826231059
0.27912109375,-0.059059723669103295
0.279140625,-0.05687058235091748
0.27916015625,0.04253322894843735
0.2791796875,0.3902533139982433
0.27919921875,0.19959516402057825
0.27921875,-0.09369751276027664
0.27923828125,0.020638276011585084
0.2792578125,0.1643574681222194
0.27927734375,0.2531031480302598
0.279296875,0.19792259502779244
0.27931640625,0.11651198757759362
0.2793359375,0.09914384753684471
0.27935546875,-0.049955831624900165
0.279375,-0.09657241648848963
0.27939453125,-0.199135041132558
0.2794140625,-0.5594794849115563
0.27943359375,-0.43991299139162654
0.279453125,-0.06078933415339537
0.27947265625,-0.11914468085880145
0.2794921875,-0.25558491856483795
0.27951171875,-0.38143941617849486
0.27953125,-0.3591818615167611
0.27955078125,-0.13028495765426393
0.2795703125,-0.19514435839263944
0.27958984375,-0.37259801994210096
0.279609375,-0.502678924455879
0.27962890625,-0.5994465051673449
0.2796484375,-0.5719049868028022
0.27966796875,-0.701018287625874
0.2796875,-0.828913279895868
0.27970703125,-0.8956313497848957
0.2797265625,-1.02760859155122
0.27974609375,-0.8729985478011997
0.279765625,-0.8549655402759988
0.27978515625,-1.161387107236872
0.2798046875,-1.0451002570132313
0.27982421875,-0.8524742784504686
0.27984375,-0.9479462282125581
0.27986328125,-0.9418971223011929
0.2798828125,-0.9534401275243516
0.27990234375,-0.9816093610135896
0.279921875,-0.7858654122068506
0.27994140625,-0.5058173993409758
0.2799609375,-0.5211272760396604
0.27998046875,-0.6438530348343372
0.28,-0.289527138722887
0.28001953125,0.22963867224933626
0.2800390625,0.421507062504794
0.28005859375,0.4406868565539205
0.280078125,0.2947595788076075
0.28009765625,0.009691923176772142
0.2801171875,0.08409983621943105
0.28013671875,0.3464088203408483
0.28015625,-0.044858664999567616
0.28017578125,-0.7810810234960186
0.2801953125,-0.930524445880937
0.28021484375,-0.7939863891980257
0.280234375,-1.065306531549624
0.28025390625,-1.2485850345942586
0.2802734375,-0.9143850372960287
0.28029296875,-0.6561335080762944
0.2803125,-0.6375646623630856
0.28033203125,-0.6877625785068318
0.2803515625,-0.8370504696806129
0.28037109375,-0.7605682485433521
0.280390625,-0.3280867706829888
0.28041015625,-0.07553459401355964
0.2804296875,-0.28804406892920353
0.28044921875,-0.3549421661757842
0.28046875,-0.07960755073002879
0.28048828125,0.0461105706433534
0.2805078125,0.04721031134839351
0.28052734375,0.05418543678270737
0.280546875,0.19132531345546702
0.28056640625,0.36780609297859457
0.2805859375,0.07518943486507554
0.28060546875,-0.39092909590797653
0.280625,-0.4331311922343447
0.28064453125,-0.1751002512269659
0.2806640625,-0.0214760814981887
0.28068359375,-0.11411870023173701
0.280703125,-0.18708788420789382
0.28072265625,-0.15644725887890798
0.2807421875,-0.15406523282273848
0.28076171875,-0.15599029235964232
0.28078125,-0.11301335248996673
0.28080078125,-0.08639080339218093
0.2808203125,-0.32151683934520264
0.28083984375,-0.626551892775804
0.280859375,-0.5727816844908182
0.28087890625,-0.42270770652661416
0.2808984375,-0.5004494923583304
0.28091796875,-0.636735014271854
0.2809375,-0.592315972936622
0.28095703125,-0.5201365251993989
0.2809765625,-0.6389153265646014
0.28099609375,-0.7239563662883701
0.281015625,-0.815968206302861
0.28103515625,-1.0047690033468677
0.2810546875,-0.9148762781405102
0.28107421875,-0.5660265405823305
0.28109375,-0.38911246619685813
0.28111328125,-0.5035030889017655
0.2811328125,-0.4906169018755134
0.28115234375,-0.31862304953317866
0.281171875,-0.47743852134500936
0.28119140625,-0.6803497997683267
0.2812109375,-0.5558378288286573
0.28123046875,-0.4251734959138229
0.28125,-0.602801343796155
0.28126953125,-0.8768578662729044
0.2812890625,-0.6855827704439803
0.28130859375,-0.3389941983152088
0.281328125,-0.40382875315288447
0.28134765625,-0.5314960686623089
0.2813671875,-0.3522350567587074
0.28138671875,0.09149944229555544
0.28140625,0.2308963788553724
0.28142578125,-0.13157583402664103
0.2814453125,-0.17309316937585167
0.28146484375,0.07713964145396504
0.281484375,0.04456783339561738
0.28150390625,-0.030402582721617152
0.2815234375,-0.11158593782000684
0.28154296875,-0.23035650859073198
0.2815625,-0.28267981211085547
0.28158203125,-0.4069705316033759
0.2816015625,-0.34642281146727855
0.28162109375,-0.2883657691511353
0.281640625,-0.5162720723781987
0.28166015625,-0.508996802345774
0.2816796875,-0.38675421454700315
0.28169921875,-0.26349560993475446
0.28171875,-0.03279137154455375
0.28173828125,0.05207845560947756
0.2817578125,0.29866366331010197
0.28177734375,0.3198985110076387
0.281796875,0.05697815194777045
0.28181640625,0.4698702983763515
0.2818359375,0.595841263247488
0.28185546875,0.11575988151043493
0.281875,0.20287225954134805
0.28189453125,0.195541876641514
0.2819140625,-0.009839961829623826
0.28193359375,0.06773378509110059
0.281953125,-0.07616010673820142
0.28197265625,-0.032101063773113406
0.2819921875,0.13967144465914236
0.28201171875,-0.018363480345269405
0.28203125,-0.0931158190758917
0.28205078125,0.0042036210993880024
0.2820703125,0.27968857846056183
0.28208984375,0.38326326436339103
0.282109375,0.18869287382371014
0.28212890625,0.21113175635208148
0.2821484375,0.24378528397777166
0.28216796875,0.24252803577412319
0.2821875,0.2622360298050026
0.28220703125,0.13928197375388318
0.2822265625,0.10851145521003769
0.28224609375,-0.061151890026532554
0.282265625,-0.22736660765108038
0.28228515625,0.0016873263045677767
0.2823046875,0.0796402492773072
0.28232421875,-0.13144516850835575
0.28234375,-0.15267745404109048
0.28236328125,0.22633651523591294
0.2823828125,0.53932472136209
0.28240234375,0.23918267024078887
0.282421875,-0.1060896095703407
0.28244140625,-0.016688232939186844
0.2824609375,0.15008267630505986
0.28248046875,0.1953019868764627
0.2825,0.1525260926477982
0.28251953125,0.23873448050337998
0.2825390625,0.4249864031644176
0.28255859375,0.3928361697080292
0.282578125,0.3168316532009275
0.28259765625,0.40422216832032565
0.2826171875,0.5349962917281919
0.28263671875,0.6275598671984498
0.28265625,0.6159658419914886
0.28267578125,0.7053584472360808
0.2826953125,0.8461861751266969
0.28271484375,0.47571786614661515
0.282734375,0.062287942793027726
0.28275390625,0.22569267494639084
0.2827734375,0.27200889939391815
0.28279296875,0.05650190221903489
0.2828125,0.05881073741688349
0.28283203125,-0.06267918407180666
0.2828515625,-0.3870610773336579
0.28287109375,-0.43093504136480454
0.282890625,-0.21055868381629028
0.28291015625,-0.09160595088476228
0.2829296875,-0.14294112310058277
0.28294921875,-0.07241423714306064
0.28296875,-0.04071716693207475
0.28298828125,-0.3343886253442331
0.2830078125,-0.4960103526627939
0.28302734375,-0.39481160481904676
0.283046875,-0.3491214919251933
0.28306640625,-0.27971495862365253
0.2830859375,-0.17437698965271628
0.28310546875,-0.19151888102057377
0.283125,-0.32671491882575016
0.28314453125,-0.3148310527208079
0.2831640625,-0.03930921975138104
0.28318359375,0.0654328247832586
0.283203125,0.03970732005041484
0.28322265625,0.3006366160060223
0.2832421875,0.5240840613278971
0.28326171875,0.5582424098760035
0.28328125,0.6446690064303512
0.28330078125,0.5736627807728387
0.2833203125,0.39832102672270187
0.28333984375,0.4005237298612151
0.283359375,0.4154497431288147
0.28337890625,0.36942106158693383
0.2833984375,0.2470003309588993
0.28341796875,0.1265038471518281
0.2834375,0.3551084957122553
0.28345703125,0.6758642530682915
0.2834765625,0.6660656010937909
0.28349609375,0.5864752594273712
0.283515625,0.5333320801282222
0.28353515625,0.4469924072554724
0.2835546875,0.4853106840345577
0.28357421875,0.32487095916433506
0.28359375,-0.012761771804804579
0.28361328125,0.07468702693354037
0.2836328125,0.19267415831262283
0.28365234375,-0.1795967283997773
0.283671875,-0.5039436438484528
0.28369140625,-0.2763837618342063
0.2837109375,0.18401128160364122
0.28373046875,0.2104052738966626
0.28375,-0.049941819844243666
0.28376953125,0.008160932938755947
0.2837890625,0.12349386140896265
0.28380859375,0.14711221891109955
0.283828125,0.38217466408007633
0.28384765625,0.37979627214875017
0.2838671875,0.050200620786941944
0.28388671875,-0.06053409382019241
0.28390625,-0.030309735455651698
0.28392578125,0.08282470023236388
0.2839453125,0.3066455218952859
0.28396484375,0.33221794497035806
0.283984375,0.08468715599292172
0.28400390625,-0.2007341364748511
0.2840234375,-0.19741645361445528
0.28404296875,0.07695586243835553
0.2840625,0.22504269461956658
0.28408203125,0.19562039840701856
0.2841015625,0.19423910878970307
0.28412109375,0.2961123599766645
0.284140625,0.3417840503599246
0.28416015625,0.1388168597386188
0.2841796875,0.047902552501977703
0.28419921875,0.16375146708796354
0.28421875,0.12480057995498273
0.28423828125,0.10913633660332633
0.2842578125,0.1807636975714263
0.28427734375,0.24201351833685766
0.284296875,0.4157858529597973
0.28431640625,0.5484841123860926
0.2843359375,0.5313259162768671
0.28435546875,0.44776223964160555
0.284375,0.3942166335887152
0.28439453125,0.4638813858090203
0.2844140625,0.531144686485902
0.28443359375,0.47424242903114666
0.284453125,0.34826469535135396
0.28447265625,0.31946317760328713
0.2844921875,0.5420568090632449
0.28451171875,0.7960535045287753
0.28453125,0.7989507151725481
0.28455078125,0.5776034729083812
0.2845703125,0.29660153676067774
0.28458984375,0.314718589040374
0.284609375,0.714828265867208
0.28462890625,1.0689832597235247
0.2846484375,1.1720282894870595
0.28466796875,1.0413998734260128
0.2846875,0.7779906955011028
0.28470703125,0.6178657077489872
0.2847265625,0.5956939539795845
0.28474609375,0.6952463816314194
0.284765625,0.6552210001360671
0.28478515625,0.22167765836327394
0.2848046875,0.016594444154510328
0.28482421875,0.18643157925370146
0.28484375,0.06799763830948091
0.28486328125,-0.14066641176470182
0.2848828125,-0.08551123149755939
0.28490234375,-0.008678260691783363
0.284921875,-0.04792529548815421
0.28494140625,-0.11997486034300642
0.2849609375,-0.02652775016813757
0.28498046875,0.13513947697376008
0.285,-0.00865909820817111
0.28501953125,-0.10570887121674263
0.2850390625,0.20706516280326803
0.28505859375,0.26336488415317644
0.285078125,-0.09975160262931852
0.28509765625,-0.29892616758643026
0.2851171875,-0.10060832401404787
0.28513671875,0.22720334792581234
0.28515625,0.07305064828294822
0.28517578125,-0.1789932715511114
0.2851953125,0.1651576201468571
0.28521484375,0.32870791828610024
0.285234375,0.09044766884258645
0.28525390625,0.22420042665784679
0.2852734375,0.41483129012071274
0.28529296875,0.29255372822012804
0.2853125,0.1366116188286182
0.28533203125,0.053677279572779193
0.2853515625,0.0030562169061500027
0.28537109375,-0.0994614355099205
0.285390625,-0.0077334237394588445
0.28541015625,0.1515485345216838
0.2854296875,0.007102299641926144
0.28544921875,0.04299069847100792
0.28546875,0.27110944137552306
0.28548828125,0.37694280003946745
0.2855078125,0.5805487723880406
0.28552734375,0.6810612979744862
0.285546875,0.6837146432752651
0.28556640625,0.785677686069777
0.2855859375,0.7670158936128586
0.28560546875,0.7190352987208787
0.285625,0.5781570680223771
0.28564453125,0.1493517739055322
0.2856640625,0.039688658929210155
0.28568359375,0.3677728756251489
0.285703125,0.3324088190252637
0.28572265625,0.10529305312693646
0.2857421875,0.07127137930594012
0.28576171875,-0.07283019859132095
0.28578125,-0.2459939209628155
0.28580078125,-0.44739794432440483
0.2858203125,-0.5959588520822405
0.28583984375,-0.42506532902788186
0.285859375,-0.36125651144174376
0.28587890625,-0.4499135380368703
0.2858984375,-0.3680378849031268
0.28591796875,-0.1873983320153277
0.2859375,0.11514622110616224
0.28595703125,0.16670843691062148
0.2859765625,0.01404877265419454
0.28599609375,0.011379827422753938
0.286015625,-0.19179850813314697
0.28603515625,-0.05996731208326364
0.2860546875,0.32921049814243675
0.28607421875,0.15181512952529508
0.28609375,0.02842264734862749
0.28611328125,-0.13616115507388205
0.2861328125,-0.4500027828968559
0.28615234375,-0.29841630935933217
0.286171875,-0.21304085936692596
0.28619140625,-0.22898242463552576
0.2862109375,-0.013276096568378214
0.28623046875,0.23685568113666272
0.28625,0.46051119604760277
0.28626953125,0.38798211649095293
0.2862890625,0.2022269760921184
0.28630859375,0.17313803662719043
0.286328125,0.14129767958005462
0.28634765625,0.21758676491139198
0.2863671875,0.26398680633302635
0.28638671875,0.2515002742219373
0.28640625,0.30180670156102246
0.28642578125,0.11193896100743184
0.2864453125,-0.047999824086379844
0.28646484375,0.11147639245550622
0.286484375,0.23066467125949175
0.28650390625,0.182449249449468
0.2865234375,0.012351428200334457
0.28654296875,-0.023691836909496743
0.2865625,0.15730950081569092
0.28658203125,0.15917623881534282
0.2866015625,0.1730956331012485
0.28662109375,0.39069353283350006
0.286640625,0.34002089557235166
0.28666015625,0.12186491775492259
0.2866796875,0.12939775341887483
0.28669921875,0.20957432142103405
0.28671875,0.22072295386682836
0.28673828125,0.22865020170175673
0.2867578125,0.33869657688099386
0.28677734375,0.40280735024134345
0.286796875,0.2685304845092911
0.28681640625,0.11479685653129508
0.2868359375,-0.13285125772118445
0.28685546875,-0.3144876338683309
0.286875,-0.10637497485990532
0.28689453125,0.030569507867605858
0.2869140625,-0.2925174634057516
0.28693359375,-0.6144482468592753
0.286953125,-0.44185955116584913
0.28697265625,-0.17366207368885353
0.2869921875,-0.31956279503851126
0.28701171875,-0.7264287889590094
0.28703125,-0.9750095442768424
0.28705078125,-0.7002898826942535
0.2870703125,-0.3386687144905378
0.28708984375,-0.46699204500292757
0.287109375,-0.5928883155002217
0.28712890625,-0.2631862716386212
0.2871484375,0.07671510847141841
0.28716796875,0.048519772832853754
0.2871875,0.009825125758599965
0.28720703125,0.11758899682325705
0.2872265625,0.16592499422270476
0.28724609375,0.1943330568726478
0.287265625,0.07286076893557951
0.28728515625,-0.09902401083116232
0.2873046875,-0.20174023267699848
0.28732421875,-0.411175130132043
0.28734375,-0.39461229253397406
0.28736328125,-0.17645719686797995
0.2873828125,-0.09448995175916836
0.28740234375,-0.08681729061356777
0.287421875,-0.059834398060540285
0.28744140625,0.048952193245894456
0.2874609375,-0.07954610333301487
0.28748046875,-0.4127592981372322
0.2875,-0.4685548295588669
0.28751953125,-0.4051236353721439
0.2875390625,-0.5429529628582844
0.28755859375,-0.6564122574576141
0.287578125,-0.5161967145208076
0.28759765625,-0.40998148204921325
0.2876171875,-0.4012184076080519
0.28763671875,-0.3867807435441648
0.28765625,-0.3244691842505123
0.28767578125,-0.14341681560624459
0.2876953125,-0.11138279353116763
0.28771484375,-0.1761821538747781
0.287734375,-0.2565355824018841
0.28775390625,-0.3110414503878035
0.2877734375,-0.2563243153764332
0.28779296875,-0.40132553774829033
0.2878125,-0.25778615411451056
0.28783203125,0.16512849130193497
0.2878515625,-0.0736368546648424
0.28787109375,-0.4578031320017473
0.287890625,-0.40746867412414206
0.28791015625,-0.3005370573607627
0.2879296875,-0.3138288989503265
0.28794921875,-0.5665772058338765
0.28796875,-0.7669172550647149
0.28798828125,-0.49597670090737683
0.2880078125,-0.20551644637399685
0.28802734375,-0.29921134334071453
0.288046875,-0.41169982013331746
0.28806640625,-0.4066244522850828
0.2880859375,-0.4555559978015179
0.28810546875,-0.5304349556424075
0.288125,-0.6948412486634087
0.28814453125,-0.7524466113275448
0.2881640625,-0.717752063220265
0.28818359375,-0.8558291653332557
0.288203125,-0.7888587925973191
0.28822265625,-0.6963433689642319
0.2882421875,-0.6911444997631137
0.28826171875,-0.39563174426315645
0.28828125,-0.2375743110622349
0.28830078125,-0.17837827987703173
0.2883203125,-0.3001538171345828
0.28833984375,-0.7708885680026503
0.288359375,-0.5503837258120972
0.28837890625,-0.057326208894494475
0.2883984375,-0.18102998898418074
0.28841796875,-0.25991048501508385
0.2884375,-0.3170841341442877
0.28845703125,-0.2585624349219307
0.2884765625,0.0076488596883299426
0.28849609375,-0.23361526749344425
0.288515625,-0.2658671295498452
0.28853515625,0.12212151627433901
0.2885546875,0.05212685291817638
0.28857421875,-0.06999188678631293
0.28859375,-0.11818160035223828
0.28861328125,-0.16779175101237137
0.2886328125,-0.03833854829312805
0.28865234375,0.0040706675600962194
0.288671875,0.1118571534054875
0.28869140625,-0.008270460163990453
0.2887109375,-0.3342744029930117
0.28873046875,-0.14380788791658491
0.28875,-0.005087726136409683
0.28876953125,-0.23649752073577446
0.2887890625,-0.3514736396620528
0.28880859375,-0.3368334463338912
0.288828125,-0.47706451280537115
0.28884765625,-0.9339213016572578
0.2888671875,-0.8770645829511239
0.28888671875,-0.2500785605778406
0.28890625,-0.31449894316708077
0.28892578125,-0.6802876739321561
0.2889453125,-0.5548386032903535
0.28896484375,-0.4764804022445019
0.288984375,-0.6307280169452589
0.28900390625,-0.6741405776286276
0.2890234375,-0.5731889939699202
0.28904296875,-0.5515912008292557
0.2890625,-0.6660011371814947
0.28908203125,-0.693775711388141
0.2891015625,-0.6160776939214251
0.28912109375,-0.49928780965969716
0.289140625,-0.22341176631592047
0.28916015625,-0.23147103148606965
0.2891796875,-0.669859032553281
0.28919921875,-0.7229900644053527
0.28921875,-0.429577528554162
0.28923828125,-0.23296998719860304
0.2892578125,-0.1765581310140772
0.28927734375,-0.24339100312910278
0.289296875,-0.045304499383347796
0.28931640625,0.016658856749781292
0.2893359375,-0.3644545741375732
0.28935546875,-0.38491279557199465
0.289375,-0.3051403029987966
0.28939453125,-0.3809665414746112
0.2894140625,-0.1955898954265926
0.28943359375,-0.2564439252492318
0.289453125,-0.46912837797861606
0.28947265625,-0.5709511675618271
0.2894921875,-0.7544342495633968
0.28951171875,-0.6017973186551877
0.28953125,-0.45075752329728946
0.28955078125,-0.5241235816055109
0.2895703125,-0.40734612467303755
0.28958984375,-0.39705452848037004
0.289609375,-0.45358134826347196
0.28962890625,-0.35806011732637033
0.2896484375,-0.3280899349627815
0.28966796875,-0.3230714369337644
0.2896875,-0.1571309427936695
0.28970703125,0.07234826418771328
0.2897265625,0.10174120968983152
0.28974609375,0.11389028246382318
0.289765625,0.25258244354670306
0.28978515625,0.14296756953382508
0.2898046875,-0.012560373665064697
0.28982421875,0.17165463349351864
0.28984375,0.27302493672077455
0.28986328125,0.028057089094419757
0.2898828125,-0.1038443441504844
0.28990234375,0.051247747670672125
0.289921875,0.08768762488674696
0.28994140625,0.07667337513051166
0.2899609375,0.21168743743518675
0.28998046875,0.2638920636688372
0.29,0.35417265980602053
0.29001953125,0.396350733183628
0.2900390625,0.1692433534206392
0.29005859375,0.08654405874600542
0.290078125,0.11083783004141783
0.29009765625,-0.08325169502715779
0.2901171875,-0.343018225777931
0.29013671875,-0.45936017510013183
0.29015625,-0.2080159252725767
0.29017578125,0.0503344819809551
0.2901953125,0.07188188767170636
0.29021484375,0.31801526362470744
0.290234375,0.426564860741665
0.29025390625,0.21423236614900898
0.2902734375,0.2200861448035062
0.29029296875,0.27466717575104493
0.2903125,0.1162353504425028
0.29033203125,-0.16970430347546686
0.2903515625,-0.29612124152512775
0.29037109375,-0.07142044826244355
0.290390625,0.08590855609534384
0.29041015625,0.19231372044804743
0.2904296875,0.4480606210231618
0.29044921875,0.34600378125318865
0.29046875,0.21473383445845634
0.29048828125,0.5996647914239632
0.2905078125,0.8247383327787822
0.29052734375,0.6298395441251581
0.290546875,0.5291092277496463
0.29056640625,0.680848229250769
0.2905859375,0.7346848908601213
0.29060546875,0.47901631168983677
0.290625,0.2875369177628781
0.29064453125,0.44008598362778006
0.2906640625,0.8003471385469227
0.29068359375,1.053220811089093
0.290703125,0.9369826160696884
0.29072265625,0.5844222913981785
0.2907421875,0.35827375945971013
0.29076171875,0.23239634332444414
0.29078125,0.011236326319724878
0.29080078125,-0.05159634274752001
0.2908203125,-0.051503416291451304
0.29083984375,-0.26096258170264885
0.290859375,-0.25775841831127216
0.29087890625,-0.11110915502264068
0.2908984375,-0.19391420204073784
0.29091796875,-0.2649492197521306
0.2909375,-0.293947652189464
0.29095703125,-0.2697761228796713
0.2909765625,-0.1567410331288618
0.29099609375,-0.14459726407803486
0.291015625,-0.129278605386887
0.29103515625,-0.10144523791390993
0.2910546875,-0.0394110618587745
0.29107421875,0.01808500452110271
0.29109375,-0.09490351955283391
0.29111328125,-0.10166827796285796
0.2911328125,-0.11950988051743673
0.29115234375,-0.22438478382059357
0.291171875,-0.08637748065900439
0.29119140625,0.009835805344113711
0.2912109375,0.021222801187118397
0.29123046875,0.16189260049858506
0.29125,0.24788950226259648
0.29126953125,0.28630884955548064
0.2912890625,0.3297883527858628
0.29130859375,0.352366555902794
0.291328125,0.36627383558254945
0.29134765625,0.32388179279695056
0.2913671875,0.2739729006133267
0.29138671875,0.3279015190050312
0.29140625,0.4987904519440828
0.29142578125,0.7008022439109995
0.2914453125,0.8688538898650902
0.29146484375,0.934712903031033
0.291484375,0.7762453972119082
0.29150390625,0.4581078849376305
0.2915234375,0.2667384877861252
0.29154296875,0.22840298797135639
0.2915625,0.1669785628120945
0.29158203125,0.1214836740408309
0.2916015625,0.0004403944702892487
0.29162109375,-0.32127597567409727
0.291640625,-0.4913658005963717
0.29166015625,-0.35296134232776943
0.2916796875,-0.4080477991752934
0.29169921875,-0.6464142970643936
0.29171875,-0.5964448344997367
0.29173828125,-0.4377281451375622
0.2917578125,-0.23651771765189744
0.29177734375,0.021053623090731933
0.291796875,0.05843877958789222
0.29181640625,0.11313890891735219
0.2918359375,0.30338822060122017
0.29185546875,0.36280885543469865
0.291875,0.19478108899162308
0.29189453125,-0.02788743111576168
0.2919140625,0.04117880166152299
0.29193359375,0.16955259485830365
0.291953125,0.13856237507601304
0.29197265625,0.24628839109801648
0.2919921875,0.35602569205877593
0.29201171875,0.3757551242184845
0.29203125,0.4094627635338687
0.29205078125,0.460222422611251
0.2920703125,0.530920703460508
0.29208984375,0.2356777027403944
0.292109375,-0.08073557059347752
0.29212890625,0.17562574235685627
0.2921484375,0.23779771365292168
0.29216796875,-0.11716477899750043
0.2921875,-0.20539786452117254
0.29220703125,-0.06553570387700124
0.2922265625,0.044949380646585824
0.29224609375,0.006349759379479698
0.292265625,-0.09167159142379512
0.29228515625,-0.05015844987185559
0.2923046875,-0.011960710010237775
0.29232421875,-0.006629329387101485
0.29234375,0.08513420315069634
0.29236328125,0.29207116875288397
0.2923828125,0.5476013670639954
0.29240234375,0.705702821881993
0.292421875,0.7312759370009941
0.29244140625,0.6275929608732632
0.2924609375,0.5980991620012959
0.29248046875,0.7256949467436992
0.2925,0.7051252321768202
0.29251953125,0.78700597411659
0.2925390625,1.1181874934422416
0.29255859375,1.0535212632303286
0.292578125,0.6952577655567087
0.29259765625,0.6559697588936877
0.2926171875,0.8840445567487065
0.29263671875,0.9115625468063473
0.29265625,0.6821970285100665
0.29267578125,0.8076540055812622
0.2926953125,1.0439480001367802
0.29271484375,0.8026635220130778
0.292734375,0.5967167834568421
0.29275390625,0.5470073539313897
0.2927734375,0.43104426876001656
0.29279296875,0.42456318237765195
0.2928125,0.5243070365541042
0.29283203125,0.7546936901118235
0.2928515625,0.7710960706430691
0.29287109375,0.49669604002561596
0.292890625,0.3606040568082276
0.29291015625,0.05460483445310117
0.2929296875,-0.20415162669348408
0.29294921875,-0.09538535540349072
0.29296875,-0.2729100630546497
0.29298828125,-0.3430580979962625
0.2930078125,0.12363051093343579
0.29302734375,0.26355162429433154
0.293046875,0.013846760491801398
0.29306640625,0.09073690937955894
0.2930859375,0.38109486287180344
0.29310546875,0.29502650502187155
0.293125,0.040860166132317195
0.29314453125,-0.03603284783957157
0.2931640625,-0.23354821247499058
0.29318359375,-0.24097833697874627
0.293203125,0.147598286452321
0.29322265625,0.31761534996848695
0.2932421875,0.17077874107761168
0.29326171875,-0.08939547939532881
0.29328125,-0.22673571540907267
0.29330078125,-0.1064937769604865
0.2933203125,0.031959953616947645
0.29333984375,0.13028154536176473
0.293359375,0.14201956029948612
0.29337890625,0.2990229502787092
0.2933984375,0.5908444657963807
0.29341796875,0.4374931802452352
0.2934375,0.3748370326574991
0.29345703125,0.5151011034590861
0.2934765625,0.21096010636171647
0.29349609375,0.1761423893760414
0.293515625,0.5269225894629936
0.29353515625,0.5443275810443374
0.2935546875,0.4394571612861332
0.29357421875,0.491786136517817
0.29359375,0.5008968311328676
0.29361328125,0.4003386233535753
0.2936328125,0.48078893189075134
0.29365234375,0.603865879369474
0.293671875,0.28217246308002075
0.29369140625,-0.19764883427587207
0.2937109375,-0.22598531138200134
0.29373046875,0.09000132205165948
0.29375,0.19181677497328842
0.29376953125,-0.028633198513051454
0.2937890625,-0.2702585388755042
0.29380859375,-0.4410557795292076
0.293828125,-0.32726287537750215
0.29384765625,-0.016120400178477795
0.2938671875,-0.08859244101315028
0.29388671875,-0.3517178806266894
0.29390625,-0.3179379416633984
0.29392578125,0.007591073365904297
0.2939453125,0.2432756203907496
0.29396484375,0.1771220646263973
0.293984375,0.24394310592391574
0.29400390625,0.37376917079612976
0.2940234375,0.28694760734801883
0.29404296875,0.13592503267129433
0.2940625,-0.06781805495057308
0.29408203125,0.10504226697161236
0.2941015625,0.4224902725134528
0.29412109375,0.16253408176778256
0.294140625,-0.020892601923277083
0.29416015625,0.0803057586299964
0.2941796875,0.1533496632704735
0.29419921875,0.34030928336269406
0.29421875,0.30057525625179393
0.29423828125,0.16508858979887533
0.2942578125,0.09555533469596689
0.29427734375,0.04555827111243001
0.294296875,0.33682873969658345
0.29431640625,0.34637726723949347
0.2943359375,0.05497051993640896
0.29435546875,0.19951850490289627
0.294375,0.2094208109547413
0.29439453125,0.05889866499221572
0.2944140625,0.19313371387061384
0.29443359375,0.16697245088928706
0.294453125,-0.06498969884810413
0.29447265625,-0.24047585331972782
0.2944921875,-0.21466404412962042
0.29451171875,-0.12523209948628988
0.29453125,-0.11297225065123735
0.29455078125,0.23061855933032582
0.2945703125,0.5822695329753189
0.29458984375,0.5122315948073874
0.294609375,0.5992389546363378
0.29462890625,0.8919382488565941
0.2946484375,0.9014598441997544
0.29466796875,0.6841983966645822
0.2946875,0.6616794454788439
0.29470703125,0.8337176287527686
0.2947265625,0.8004191624602659
0.29474609375,0.7373791948503597
0.294765625,0.7112971325363953
0.29478515625,0.4561917188961789
0.2948046875,0.2891015394921438
0.29482421875,0.3130253384039389
0.29484375,0.1798821528898429
0.29486328125,-0.25746904433549966
0.2948828125,-0.5697353584985838
0.29490234375,-0.45163621173796975
0.294921875,-0.5494081621576854
0.29494140625,-0.8456460202951526
0.2949609375,-0.8391532793144183
0.29498046875,-0.7151744681050816
0.295,-0.3694100855758841
0.29501953125,-0.0808485274414272
0.2950390625,-0.3128411594016247
0.29505859375,-0.5408723193885826
0.295078125,-0.2997840534968507
0.29509765625,-0.03393364832029229
0.2951171875,-0.40258016109670536
0.29513671875,-0.5139151402351714
0.29515625,0.25167765369999817
0.29517578125,0.3999389302978988
0.2951953125,-0.152700031962557
0.29521484375,-0.1833227329491414
0.295234375,0.19813757623936973
0.29525390625,0.41050356089558165
0.2952734375,0.1881949173321382
0.29529296875,-0.03471999317053032
0.2953125,-0.020689530466771966
0.29533203125,-0.218944876556091
0.2953515625,-0.24890373806753188
0.29537109375,-0.15409192853988068
0.295390625,-0.49998948274734456
0.29541015625,-0.663314990860349
0.2954296875,-0.4001680496168302
0.29544921875,-0.2150685003171537
0.29546875,-0.2325151677611394
0.29548828125,-0.19599163043298024
0.2955078125,-0.1085977606699907
0.29552734375,-0.27979782680504783
0.295546875,-0.2742854775716983
0.29556640625,-0.014046931067929716
0.2955859375,-0.1480209101783465
0.29560546875,-0.4022694380235835
0.295625,-0.4424210980122279
0.29564453125,-0.5180832935806736
0.2956640625,-0.5340385040234306
0.29568359375,-0.5181339769674878
0.295703125,-0.7316258905619051
0.29572265625,-0.8691668147451048
0.2957421875,-0.7069608754422974
0.29576171875,-0.5105045307785856
0.29578125,-0.3483017479972534
0.29580078125,-0.20472155536850037
0.2958203125,-0.19445756513508122
0.29583984375,-0.4431932205927747
0.295859375,-0.7635321846421805
0.29587890625,-0.8465638224442682
0.2958984375,-0.9024832422691962
0.29591796875,-0.9533922707553592
0.2959375,-0.8580885582059725
0.29595703125,-0.7551847147721662
0.2959765625,-0.6003187272112767
0.29599609375,-0.6189912062483702
0.296015625,-0.7445412006341869
0.29603515625,-0.3459199328645643
0.2960546875,0.21965528295753659
0.29607421875,0.22792969789710774
0.29609375,-0.13335730895883485
0.29611328125,-0.2901479866499435
0.2961328125,-0.03259585707861955
0.29615234375,0.11589050102825313
0.296171875,-0.15486901678627152
0.29619140625,-0.4515373700744394
0.2962109375,-0.6337255223600002
0.29623046875,-0.7439407691513353
0.29625,-0.7518417988672996
0.29626953125,-0.7917365481477346
0.2962890625,-0.9440944707442734
0.29630859375,-0.8203157170363735
0.296328125,-0.33402328831975253
0.29634765625,-0.23274577014881043
0.2963671875,-0.36853211578319317
0.29638671875,-0.09355175677710123
0.29640625,0.11333189715553132
0.29642578125,0.01845091927825155
0.2964453125,-0.002824443255863552
0.29646484375,0.015506906226370673
0.296484375,-0.08755742681181347
0.29650390625,-0.2761352033583459
0.2965234375,-0.31186839155910084
0.29654296875,-0.21716076757100516
0.2965625,-0.27095710620611435
0.29658203125,-0.18909604490827772
0.2966015625,0.11169398577780625
0.29662109375,0.10748596159979615
0.296640625,0.08050204313975591
0.29666015625,0.375773759710204
0.2966796875,0.3774170402809169
0.29669921875,-0.06343029452813086
0.29671875,-0.35065402297758264
0.29673828125,-0.24441470770655258
0.2967578125,-0.24189047947987558
0.29677734375,-0.5555340900472484
0.296796875,-0.5213312580949697
0.29681640625,-0.2513314818606832
0.2968359375,-0.4716806443244499
0.29685546875,-0.6706381417483905
0.296875,-0.27616890417920337
0.29689453125,-0.010917276552604771
0.2969140625,-0.33448808039792366
0.29693359375,-0.5173632701016715
0.296953125,-0.2694910706132638
0.29697265625,-0.29451276537387316
0.2969921875,-0.5380813309207634
0.29701171875,-0.42526282253948416
0.29703125,-0.27946560658158504
0.29705078125,-0.3341278539776442
0.2970703125,-0.3108320123901439
0.29708984375,-0.4226467618795854
0.297109375,-0.8515281751938826
0.29712890625,-1.05009211760487
0.2971484375,-0.6167198825121245
0.29716796875,-0.13132448288774937
0.2971875,-0.35078106303191864
0.29720703125,-0.8986612842533319
0.2972265625,-0.8166561082423768
0.29724609375,-0.3003392817472567
0.297265625,-0.14373493283237415
0.29728515625,-0.155938757340461
0.2973046875,-0.16281108271819184
0.29732421875,-0.21093028819130777
0.29734375,-0.10458913570205355
0.29736328125,-0.2807240045912648
0.2973828125,-0.5173370905380472
0.29740234375,-0.32995081407955673
0.297421875,-0.16825477807011402
0.29744140625,0.06349517809128676
0.2974609375,0.018843846649657242
0.29748046875,-0.41804518861151474
0.2975,-0.2476293806169479
0.29751953125,-0.01539960260048831
0.2975390625,-0.3053919042115362
0.29755859375,-0.5499199290293065
0.297578125,-0.6129732278608371
0.29759765625,-0.3918106588806014
0.2976171875,-0.16853249431673678
0.29763671875,-0.41686187280241715
0.29765625,-0.6687639881217973
0.29767578125,-0.3667944000377198
0.2976953125,0.056731111266799694
0.29771484375,0.07276363117752405
0.297734375,-0.11632703133991587
0.29775390625,-0.2330377403854999
0.2977734375,-0.09636843871095162
0.29779296875,0.07485906089373269
0.2978125,-0.02987741440822757
0.29783203125,-0.12900122499720712
0.2978515625,-0.2695493397462435
0.29787109375,-0.4300144127169519
0.297890625,-0.34474930903528617
0.29791015625,-0.17598885538289744
0.2979296875,0.08562170001425408
0.29794921875,0.23848530898873482
0.29796875,0.15935128577612753
0.29798828125,0.20611986893575235
0.2980078125,0.3127870253360553
0.29802734375,0.3825253407608952
0.298046875,0.4815380811843287
0.29806640625,0.45096528989067663
0.2980859375,0.17257913904536043
0.29810546875,-0.1771198483845692
0.298125,-0.27019695932482435
0.29814453125,-0.2420550534279969
0.2981640625,-0.35991714142062475
0.29818359375,-0.44802182952441616
0.298203125,-0.5036051099921095
0.29822265625,-0.60874055286919
0.2982421875,-0.6182953308071298
0.29826171875,-0.38123016622557215
0.29828125,0.0007655867846879556
0.29830078125,-0.005111556550861561
0.2983203125,-0.1218163853946829
0.29833984375,0.1777272313147909
0.298359375,0.31474642237357003
0.29837890625,0.19501768685947463
0.2983984375,0.23643516486989113
0.29841796875,0.569989963920384
0.2984375,0.8826377335603204
0.29845703125,0.6587928782238284
0.2984765625,0.4990167726382152
0.29849609375,0.7381753416227725
0.298515625,0.8722201035840416
0.29853515625,0.7126542179054969
0.2985546875,0.2066927008611823
0.29857421875,0.03754635370869676
0.29859375,0.47524644461333754
0.29861328125,0.558102269546784
0.2986328125,0.2434189598789878
0.29865234375,0.31804417751472797
0.298671875,0.6262012689732593
0.29869140625,0.5511961938802662
0.2987109375,0.3719439126424354
0.29873046875,0.5457757111392207
0.29875,0.7418363461694604
0.29876953125,0.723694157249778
0.2987890625,0.5843140092720499
0.29880859375,0.2800464293290754
0.298828125,0.03135673973651074
0.29884765625,0.04834478525502263
0.2988671875,0.07554964544260928
0.29888671875,-0.08217820005568002
0.29890625,-0.3325483918499416
0.29892578125,-0.35653635391787586
0.2989453125,-0.15960942986437857
0.29896484375,-0.23926543191897948
0.298984375,-0.436017702267535
0.29900390625,-0.400952762974111
0.2990234375,-0.297665436402496
0.29904296875,-0.1490264244234043
0.2990625,-0.16353962511828835
0.29908203125,-0.2267737868334057
0.2991015625,0.027826010450776144
0.29912109375,0.11583785170356545
0.299140625,-0.07507732215654485
0.29916015625,-0.006260924978923457
0.2991796875,0.24059625781288912
0.29919921875,0.26604474507101555
0.29921875,0.21760032811357619
0.29923828125,0.07954325899590219
0.2992578125,-0.207152753643418
0.29927734375,0.0033582604592533663
0.299296875,0.2811514483245271
0.29931640625,0.07022922790753112
0.2993359375,0.051599879930233405
0.29935546875,0.2791056740732589
0.299375,0.5424104338708494
0.29939453125,0.5381018961833794
0.2994140625,0.23272970518154698
0.29943359375,0.3597725831658096
0.299453125,0.5701661023488398
0.29947265625,0.5006816181012641
0.2994921875,0.5092289329516022
0.29951171875,0.3366900957310193
0.29953125,0.11157957940296684
0.29955078125,0.23770994305819249
0.2995703125,0.5249438594075375
0.29958984375,0.5729128587351499
0.299609375,0.30252872354900595
0.29962890625,0.2193086760996858
0.2996484375,0.27134943410206075
0.29966796875,0.12069442145686717
0.2996875,0.05899032704224688
0.29970703125,-0.0003423821990055226
0.2997265625,-0.18368639869792008
0.29974609375,-0.15276259595792369
0.299765625,0.03634695798112458
0.29978515625,0.04796062271133719
0.2998046875,0.08232331148089102
0.29982421875,0.44666304421799863
0.29984375,0.4712849193296777
0.29986328125,-0.08346408954063674
0.2998828125,-0.3334603017395986
0.29990234375,-0.19723988734934464
0.299921875,-0.14033540577557088
0.29994140625,-0.2009337559418232
0.2999609375,-0.22351395619668504
0.29998046875,-0.28827877866633955
0.3,-0.5235464121578107
0.30001953125,-0.4334589269684929
0.3000390625,0.02730843426573716
0.30005859375,0.3181119721258211
0.300078125,0.49111999905950304
0.30009765625,0.5804348921968271
0.3001171875,0.48219723589009267
0.30013671875,0.36555645952826943
0.30015625,0.3804977345662017
0.30017578125,0.4735362756664834
0.3001953125,0.20456322649008707
0.30021484375,-0.18495366552683795
0.300234375,-0.005274439560439492
0.30025390625,0.19349446640137788
0.3002734375,0.1025256279169135
0.30029296875,0.1608643092176635
0.3003125,0.3272038535676146
0.30033203125,0.481629479926439
0.3003515625,0.29411156182569287
0.30037109375,-0.006716401539641134
0.300390625,0.20803342917711978
0.30041015625,0.458647900324467
0.3004296875,0.35458906354001435
0.30044921875,0.15616484940925043
0.30046875,0.2900697138629125
0.30048828125,0.6916809202063151
0.3005078125,0.6489552821956249
0.30052734375,0.5140697220583014
0.300546875,0.7863357807582467
0.30056640625,0.9962128130322776
0.3005859375,0.91212670323785
0.30060546875,0.6775955575156488
0.300625,0.6448626860828784
0.30064453125,0.7724022564276547
0.3006640625,0.8136719117884473
0.30068359375,0.9360124119158106
0.300703125,0.9086525875760466
0.30072265625,0.7647807244287579
0.3007421875,0.8057700559274239
0.30076171875,0.7306977206690654
0.30078125,0.48976075445652084
0.30080078125,0.38463047134276496
0.3008203125,0.6385404969248507
0.30083984375,0.6807671870777461
0.300859375,0.0246748588759204
0.30087890625,-0.3542051075335261
0.3008984375,-0.07549544670887476
0.30091796875,0.2253669705457998
0.3009375,0.2055456307006626
0.30095703125,-0.28187707822649793
0.3009765625,-0.7124802859432502
0.30099609375,-0.5490597831342691
0.301015625,-0.10990249643625752
0.30103515625,0.22565893636916445
0.3010546875,0.2388046641037981
0.30107421875,0.17655348160918832
0.30109375,0.384745200820266
0.30111328125,0.4641111257282521
0.3011328125,0.4269106009230484
0.30115234375,0.4842294053632332
0.301171875,0.33342036666280095
0.30119140625,0.07962550625994007
0.3012109375,-0.10758207367239363
0.30123046875,-0.11116434919739418
0.30125,0.25070531573155613
0.30126953125,0.558791478409205
0.3012890625,0.36824741310154413
0.30130859375,0.06321680398420507
0.301328125,0.20888140596546145
0.30134765625,0.5027607686431166
0.3013671875,0.2993168102590623
0.30138671875,-0.1519419640402236
0.30140625,-0.1715531433936125
0.30142578125,0.15451097555703805
0.3014453125,0.39504092162964594
0.30146484375,0.4841079648340305
0.301484375,0.4480729305401656
0.30150390625,0.392067532823433
0.3015234375,0.5139122598647101
0.30154296875,0.5952864247855267
0.3015625,0.47077505574657813
0.30158203125,0.4307376349330226
0.3016015625,0.2862712102963638
0.30162109375,-0.01282285341311742
0.301640625,-0.21370900228279138
0.30166015625,-0.47073115916936586
0.3016796875,-0.33780977637577814
0.30169921875,0.08072147043341893
0.30171875,0.026533108044536714
0.30173828125,-0.023979922176771137
0.3017578125,0.10720610186952365
0.30177734375,0.018007264094149593
0.301796875,-0.13118129684734806
0.30181640625,-0.23157764191231606
0.3018359375,-0.25314131483831825
0.30185546875,-0.29819474259757917
0.301875,-0.4601122345687745
0.30189453125,-0.4098720574023773
0.3019140625,-0.09757285820867424
0.30193359375,0.04530113237082846
0.301953125,-0.06782443012754076
0.30197265625,-0.07174239246406738
0.3019921875,0.19739625031735689
0.30201171875,0.43361058069496017
0.30203125,0.3073145948939893
0.30205078125,0.07113824102504412
0.3020703125,0.08797164510518818
0.30208984375,0.2267070577365401
0.302109375,0.23047559409406929
0.30212890625,-0.03677544075851549
0.3021484375,-0.31886103206618516
0.30216796875,-0.289243195085897
0.3021875,-0.06582562482016976
0.30220703125,0.14419978479672776
0.3022265625,-0.061942787056682796
0.30224609375,-0.4847381080849699
0.302265625,-0.30605112337872364
0.30228515625,-0.012087677100027942
0.3023046875,-0.19351876952914204
0.30232421875,-0.4078469915182036
0.30234375,-0.45020692978226995
0.30236328125,-0.17568860608944237
0.3023828125,0.11629264722337608
0.30240234375,-0.032326919277276614
0.302421875,-0.17166580645282303
0.30244140625,-0.23512502579332062
0.3024609375,-0.23575702997788164
0.30248046875,0.022307171662032874
0.3025,0.01987611353449452
0.30251953125,-0.017224118442896313
0.3025390625,0.26135592294304466
0.30255859375,0.3463054288272695
0.302578125,0.3022521373560172
0.30259765625,0.414172431695881
0.3026171875,0.7141156600242358
0.30263671875,0.8769499893998594
0.30265625,0.6611422960322659
0.30267578125,0.609640881400338
0.3026953125,0.5954024497246483
0.30271484375,0.19749116995727536
0.302734375,-0.016882119316799345
0.30275390625,0.05704736510168752
0.3027734375,0.15294483874856524
0.30279296875,0.32677963954747224
0.3028125,0.13628512043589824
0.30283203125,-0.19396679179141876
0.3028515625,0.04557179988555001
0.30287109375,0.3135399285326923
0.302890625,0.25525420071306854
0.30291015625,0.06395417593550022
0.3029296875,-0.34265898469268663
0.30294921875,-0.5752983854274575
0.30296875,-0.4534916657655341
0.30298828125,-0.2914117898830482
0.3030078125,-0.29749100488180297
0.30302734375,-0.5517149836908193
0.303046875,-0.6081280203267729
0.30306640625,-0.450825371740051
0.3030859375,-0.4883774923883943
0.30310546875,-0.4771843505147573
0.303125,-0.4681406520337137
0.30314453125,-0.5161590273018732
0.3031640625,-0.39628079554132867
0.30318359375,-0.3703301375003177
0.303203125,-0.19569650847449857
0.30322265625,0.25702498002944674
0.3032421875,0.22491648358695476
0.30326171875,-0.13670082848314766
0.30328125,-0.1670507618196806
0.30330078125,-0.0546564303962756
0.3033203125,-0.0853292609411559
0.30333984375,-0.20401694749748298
0.303359375,-0.14205311222764372
0.30337890625,0.19902557137141474
0.3033984375,0.46082864174255866
0.30341796875,0.3988500630399321
0.3034375,0.11558024803676957
0.30345703125,-0.1030936182592211
0.3034765625,-0.034137159777966726
0.30349609375,0.00028463535198916534
0.303515625,-0.16866459325336178
0.30353515625,-0.04363412561989201
0.3035546875,0.07270087862818202
0.30357421875,-0.36919582679185
0.30359375,-0.7245646598195505
0.30361328125,-0.7529326041554754
0.3036328125,-0.9185734856517319
0.30365234375,-1.287713753585333
0.303671875,-1.5163027333211239
0.30369140625,-1.1690819035576538
0.3037109375,-0.797569957922906
0.30373046875,-0.909560747273274
0.30375,-0.9120450451977582
0.30376953125,-0.8652991392864031
0.3037890625,-0.9415621624779029
0.30380859375,-0.5714396718500351
0.303828125,-0.018027502800435406
0.30384765625,0.0503541270227944
0.3038671875,-0.16955914514194387
0.30388671875,-0.2350016468003193
0.30390625,-0.1436619774623676
0.30392578125,-0.27145317452990214
0.3039453125,-0.5129778185352141
0.30396484375,-0.28707196584003947
0.303984375,-0.005057309681396928
0.30400390625,-0.22526457396117655
0.3040234375,-0.4326336742966225
0.30404296875,-0.4474935834742995
0.3040625,-0.5122872390738805
0.30408203125,-0.46567930387061485
0.3041015625,-0.45472234126201094
0.30412109375,-0.7105636876006587
0.304140625,-0.839389489241134
0.30416015625,-0.6721221834667577
0.3041796875,-0.6305988847134365
0.30419921875,-0.8445503081096539
0.30421875,-0.9730227182023812
0.30423828125,-0.7981098071566807
0.3042578125,-0.5535734998582702
0.30427734375,-0.5809242531576784
0.304296875,-0.7792158661620717
0.30431640625,-0.8269352892152022
0.3043359375,-0.7621220543214073
0.30435546875,-0.7857391682887047
0.304375,-0.7658366281791057
0.30439453125,-0.6223534107830471
0.3044140625,-0.511424531783039
0.30443359375,-0.47649083424382177
0.304453125,-0.6282851274460391
0.30447265625,-0.8723734936733654
0.3044921875,-0.8040850499508865
0.30451171875,-0.43452449648114794
0.30453125,-0.22608979707203974
0.30455078125,-0.30762429895847637
0.3045703125,-0.33451618831087
0.30458984375,-0.3096379843259988
0.304609375,-0.23631985172212278
0.30462890625,0.12754971645254812
0.3046484375,0.36123789771539094
0.30466796875,0.041239949295802325
0.3046875,-0.37735049271433424
0.30470703125,-0.19001717689466424
0.3047265625,0.23481623865989337
0.30474609375,-0.05500596384195133
0.304765625,-0.4534370320072037
0.30478515625,-0.16245091938682488
0.3048046875,0.10375342880133462
0.30482421875,-0.12668186262192788
0.30484375,-0.5233283984271014
0.30486328125,-0.8039692658657487
0.3048828125,-1.0231411615705375
0.30490234375,-1.2231030624769084
0.304921875,-1.3582704857882362
0.30494140625,-1.494613215422749
0.3049609375,-1.4512449559671914
0.30498046875,-1.4326846170636274
0.305,-1.5128962915173487
0.30501953125,-1.2642520351806068
0.3050390625,-1.057549654394329
0.30505859375,-1.0623686724526091
0.305078125,-0.9565485171853876
0.30509765625,-0.6210347171026591
0.3051171875,-0.2514340106641232
0.30513671875,-0.42351166076179103
0.30515625,-0.7209029611353251
0.30517578125,-0.7424105537890586
0.3051953125,-0.8644007226207165
0.30521484375,-0.7045813376575725
0.305234375,-0.32120769537843713
0.30525390625,-0.28320207996568275
0.3052734375,-0.37727001241834424
0.30529296875,-0.4511290301944678
0.3053125,-0.45161115757419146
0.30533203125,-0.2067913543519513
0.3053515625,-0.06229108811151786
0.30537109375,-0.3207749155114198
0.305390625,-0.3822340182483982
0.30541015625,-0.050463815306955116
0.3054296875,-0.21345588715792882
0.30544921875,-0.8265569551417828
0.30546875,-0.9868659584268517
0.30548828125,-0.6174038290908408
0.3055078125,-0.28939955475902257
0.30552734375,-0.2777046043366522
0.305546875,-0.21872098279329066
0.30556640625,-0.1681014399246112
0.3055859375,-0.2747227853192957
0.30560546875,-0.16122985218043376
0.305625,-0.14761444205027927
0.30564453125,-0.42506977157727877
0.3056640625,-0.6540036250107092
0.30568359375,-0.6476516828256139
0.305703125,-0.23349128540195246
0.30572265625,-0.022318029162605516
0.3057421875,-0.27481223112662734
0.30576171875,-0.23701339747080108
0.30578125,-0.00798942687487579
0.30580078125,0.06309859630386272
0.3058203125,0.21410396244228203
0.30583984375,0.3266572425118161
0.305859375,0.1969804997065187
0.30587890625,-0.12393641838414331
0.3058984375,-0.28172631133072884
0.30591796875,0.026882819851268926
0.3059375,0.08393115810554237
0.30595703125,-0.2479595335647598
0.3059765625,-0.09952239893136994
0.30599609375,0.11483625683342102
0.306015625,-0.0009575831113210406
0.30603515625,0.09221260068312064
0.3060546875,0.14197393531079255
0.30607421875,-0.05267979233050815
0.30609375,-0.16196026704261549
0.30611328125,-0.15727279554900053
0.3061328125,-0.044347690443337556
0.30615234375,0.06068054622416873
0.306171875,0.09484896647591562
0.30619140625,0.04763495386643666
0.3062109375,-0.11471493293482916
0.30623046875,-0.026830108552361585
0.30625,0.06041522389378736
0.30626953125,-0.2602111793942735
0.3062890625,-0.4239858471835866
0.30630859375,-0.2878301785890977
0.306328125,-0.029777896695868354
0.30634765625,0.2127745442918846
0.3063671875,0.22223585396012668
0.30638671875,0.3106175126364677
0.30640625,0.2814117103000323
0.30642578125,0.1340252728616826
0.3064453125,0.3586371955513204
0.30646484375,0.3424996914710927
0.306484375,0.11065515360718535
0.30650390625,0.23683253953245803
0.3065234375,0.3370289721965296
0.30654296875,0.35092919534461015
0.3065625,0.3479469767489732
0.30658203125,0.4008140670878727
0.3066015625,0.6483883049914706
0.30662109375,0.7783259844920387
0.306640625,0.7753350591643506
0.30666015625,0.7119869834064428
0.3066796875,0.7553143528339987
0.30669921875,0.9526827926650228
0.30671875,0.6473922370796888
0.30673828125,0.06483834258143376
0.3067578125,0.10794269496922848
0.30677734375,0.4677004102623605
0.306796875,0.37007546046022605
0.30681640625,0.02751738187758854
0.3068359375,0.03928746097110682
0.30685546875,0.2202507020461536
0.306875,0.1947193714566788
0.30689453125,0.018560195517953723
0.3069140625,-0.20016451920918957
0.30693359375,-0.13272535753654383
0.306953125,0.07915936660535919
0.30697265625,-0.09396356292933603
0.3069921875,-0.1452912553048698
0.30701171875,0.125278123448458
0.30703125,0.057839464759362864
0.30705078125,-0.2606744762215516
0.3070703125,-0.40222732802787275
0.30708984375,-0.2749912029888508
0.307109375,-0.09639779357928865
0.30712890625,-0.05671890988164846
0.3071484375,-0.08602024169289894
0.30716796875,-0.21732398512333856
0.3071875,-0.3368052481731595
0.30720703125,-0.3523918770477511
0.3072265625,-0.23077003369592008
0.30724609375,0.010019948337364935
0.307265625,0.04363882385767008
0.30728515625,0.16600647527457474
0.3073046875,0.534921519270801
0.30732421875,0.641622282431586
0.30734375,0.7613789730285037
0.30736328125,1.0460616997008991
0.3073828125,0.9381801117409532
0.30740234375,0.5748815662106569
0.307421875,0.5314586369865548
0.30744140625,0.6281294283185421
0.3074609375,0.5349382465598942
0.30748046875,0.3580555425298134
0.3075,0.04659399451151464
0.30751953125,-0.03874455304137643
0.3075390625,0.22102880693287089
0.30755859375,0.2746088004016548
0.307578125,0.18596203503240805
0.30759765625,-0.05882550464699114
0.3076171875,-0.3034339656903688
0.30763671875,-0.20094327296971282
0.30765625,-0.18554425088002646
0.30767578125,-0.2982189751545765
0.3076953125,-0.23676836509045932
0.30771484375,-0.09822715734859544
0.307734375,-0.08957607477176954
0.30775390625,-0.18573613744236692
0.3077734375,-0.07174983682579715
0.30779296875,0.2528011421127409
0.3078125,0.5931177820714743
0.30783203125,0.6422737998520325
0.3078515625,0.393613259270282
0.30787109375,0.39229996743237394
0.307890625,0.44508532855277666
0.30791015625,0.27768568992341547
0.3079296875,0.17668560146213688
0.30794921875,0.18737743517290234
0.30796875,0.16438640217693495
0.30798828125,-0.0529740625075421
0.3080078125,-0.13880939520920652
0.30802734375,-0.07617271622641301
0.308046875,-0.08694293325490746
0.30806640625,0.24409261978568203
0.3080859375,0.44163812268006825
0.30810546875,0.2508226809289209
0.308125,0.4371938525889483
0.30814453125,0.6877025148489797
0.3081640625,0.6324027208135683
0.30818359375,0.5323194401780567
0.308203125,0.37633021939970046
0.30822265625,0.19644913420341162
0.3082421875,0.04189002225814554
0.30826171875,0.055745267434156746
0.30828125,0.1906362615108269
0.30830078125,0.17970849373399703
0.3083203125,0.17616437697719245
0.30833984375,0.324029989238656
0.308359375,0.38794042592949696
0.30837890625,0.15777233304565952
0.3083984375,-0.0712909801792816
0.30841796875,0.008226074880951895
0.3084375,0.2330672354204496
0.30845703125,0.3015970061297035
0.3084765625,0.0036229841834427637
0.30849609375,-0.13638801153176694
0.308515625,0.2617739798625023
0.30853515625,0.48669440618385856
0.3085546875,0.38651830225056066
0.30857421875,0.5489919521928561
0.30859375,1.0212509171921176
0.30861328125,1.322942596741757
0.3086328125,1.2408435110474905
0.30865234375,1.2366973339482854
0.308671875,1.2484969851402181
0.30869140625,0.8329716740009623
0.3087109375,0.7206643843764002
0.30873046875,0.9501333870191971
0.30875,0.630468431241668
0.30876953125,0.4577835166865566
0.3087890625,0.7817587982499326
0.30880859375,0.8219332666425154
0.308828125,0.6015360459877808
0.30884765625,0.3859064668482802
0.3088671875,0.3940590995628359
0.30888671875,0.5087963987659163
0.30890625,0.35471170867001645
0.30892578125,0.08153773796510401
0.3089453125,-0.19179097709955084
0.30896484375,-0.14404394801058987
0.308984375,0.28039574891775276
0.30900390625,0.4450131843122058
0.3090234375,0.3935112633129141
0.30904296875,0.24872231930635197
0.3090625,0.10025650543772166
0.30908203125,0.29096252919993204
0.3091015625,0.3457143168922052
0.30912109375,0.24953319613463856
0.309140625,0.4356886620707383
0.30916015625,0.4703787119270426
0.3091796875,0.2848136158896357
0.30919921875,0.12317010039672238
0.30921875,-0.03088656378657994
0.30923828125,-0.07529246507076981
0.3092578125,-0.22956114141010606
0.30927734375,-0.38377134221351134
0.309296875,-0.11772020196637027
0.30931640625,0.24036294371033812
0.3093359375,0.39663278946936276
0.30935546875,0.39863764698855575
0.309375,0.4386449823792454
0.30939453125,0.7948041894641491
0.3094140625,1.1781106099852394
0.30943359375,1.1297656446384199
0.309453125,0.7437643369306021
0.30947265625,0.5762915584291816
0.3094921875,0.839801610637394
0.30951171875,0.9830815643049144
0.30953125,0.8248096921642609
0.30955078125,0.8258478385372638
0.3095703125,0.9201645786128492
0.30958984375,0.7464228044449367
0.309609375,0.43813523489874673
0.30962890625,0.18841089324082752
0.3096484375,-0.017662278099575116
0.30966796875,-0.13257474882122922
0.3096875,-0.10066344231978619
0.30970703125,-0.03593749205264755
0.3097265625,-0.10382063195284702
0.30974609375,-0.20518960866812605
0.309765625,-0.2087523004652719
0.30978515625,-0.2186775292087791
0.3098046875,-0.07426292946684103
0.30982421875,0.24888068342771758
0.30984375,0.23326029627083245
0.30986328125,-0.1148932576863343
0.3098828125,-0.35547316921122707
0.30990234375,-0.32106615575578357
0.309921875,-0.08685472514375667
0.30994140625,-0.14561934345700098
0.3099609375,-0.49550477252073283
0.30998046875,-0.30913505425201526
0.31,0.22543822350417997
0.31001953125,0.35185751748792227
0.3100390625,0.2415168633862558
0.31005859375,0.15832682351646704
0.310078125,0.3225262910342579
0.31009765625,0.6224189152770848
0.3101171875,0.508753093189254
0.31013671875,0.18921916308778242
0.31015625,-0.0026419037786255435
0.31017578125,-0.13740352696386574
0.3101953125,-0.3298675078731508
0.31021484375,-0.42515828514853454
0.310234375,-0.06487985230805599
0.31025390625,0.21894281510362723
0.3102734375,0.006776421915900041
0.31029296875,-0.0765537750493455
0.3103125,0.07595072990655047
0.31033203125,0.09509658374774918
0.3103515625,-0.03023887315451517
0.31037109375,-0.07600479181473652
0.310390625,0.20449176104523198
0.31041015625,0.32448758236311237
0.3104296875,-0.09100662749788611
0.31044921875,-0.2758852835969252
0.31046875,-0.08064405338866155
0.31048828125,-0.026786446629752644
0.3105078125,0.026508991013235977
0.31052734375,0.12917257003900806
0.310546875,0.13911821908177469
0.31056640625,0.08540273056952757
0.3105859375,0.031143137409577387
0.31060546875,0.15319734243786645
0.310625,0.28136744407073955
0.31064453125,0.31263341456279536
0.3106640625,0.5053953709971503
0.31068359375,0.7465076805907385
0.310703125,0.7727167267235794
0.31072265625,0.4006894057032965
0.3107421875,0.025947219273483008
0.31076171875,0.3277969181490384
0.31078125,0.6236497231462156
0.31080078125,0.31290113353987736
0.3108203125,0.19471831187713268
0.31083984375,0.32520284488102347
0.310859375,0.17960049317215285
0.31087890625,0.14381142832899246
0.3108984375,0.3886310466017651
0.31091796875,0.4060238259316426
0.3109375,0.07387094939095196
0.31095703125,-0.2009972267498235
0.3109765625,-0.1676030606989028
0.31099609375,-0.12504744673995066
0.311015625,-0.2372475043717622
0.31103515625,-0.28872286170461364
0.3110546875,-0.3876077442572833
0.31107421875,-0.44027002417955874
0.31109375,-0.24106980993924498
0.31111328125,-0.04004584112677212
0.3111328125,0.18798371057335905
0.31115234375,0.328845702900162
0.311171875,0.24041800020993367
0.31119140625,0.26518559998055163
0.3112109375,0.29782388730429293
0.31123046875,0.2840006480085996
0.31125,0.21088089174383104
0.31126953125,-0.09668066615127541
0.3112890625,-0.06241628562098894
0.31130859375,0.23570113039034124
0.311328125,0.3306612511348087
0.31134765625,0.4029345843342756
0.3113671875,0.09219685859493137
0.31138671875,-0.3556738012817696
0.31140625,-0.3745315638701891
0.31142578125,-0.23609805564658168
0.3114453125,0.023492341912266092
0.31146484375,0.0584248044438122
0.311484375,-0.26059593966201494
0.31150390625,-0.2938332226993079
0.3115234375,-0.04202924196576472
0.31154296875,0.08668012301294975
0.3115625,0.008542734478888241
0.31158203125,0.029226512196007828
0.3116015625,0.14415985048158633
0.31162109375,-0.07989201754671824
0.311640625,-0.3853572245918283
0.31166015625,-0.514168052439836
0.3116796875,-0.601281277488207
0.31169921875,-0.6528960549655576
0.31171875,-0.8784468445746058
0.31173828125,-0.9989618010543898
0.3117578125,-0.7125724147315058
0.31177734375,-0.42601784461339015
0.311796875,-0.2510230485776617
0.31181640625,-0.22377004689510707
0.3118359375,-0.3352946226396064
0.31185546875,-0.3136937824718986
0.311875,-0.2581053884581065
0.31189453125,-0.29542369640232713
0.3119140625,-0.3357631441367699
0.31193359375,-0.3057897375643494
0.311953125,-0.1539697637590814
0.31197265625,-0.15727030234696032
0.3119921875,-0.4381475181097142
0.31201171875,-0.526028201677409
0.31203125,-0.35547247462762616
0.31205078125,-0.18301673255654144
0.3120703125,-0.1016155513929834
0.31208984375,-0.2560189972547652
0.312109375,-0.38287408675091783
0.31212890625,-0.2704246502317642
0.3121484375,-0.19709512219504977
0.31216796875,-0.1896611348819917
0.3121875,-0.22899866131900998
0.31220703125,-0.4375392377161781
0.3122265625,-0.36242548477508146
0.31224609375,0.02441387720013355
0.312265625,-0.13124864333529226
0.31228515625,-0.4255299440708987
0.3123046875,-0.17573561019180797
0.31232421875,-0.03383456837828145
0.31234375,-0.21383809556405836
0.31236328125,-0.3126197754301756
0.3123828125,-0.14469821609869524
0.31240234375,0.06459166226873074
0.312421875,0.07586987314654942
0.31244140625,0.12015712962491999
0.3124609375,0.0920903833487538
0.31248046875,0.08000356803777123
0.3125,0.10725670969981185
0.31251953125,-0.114223085192866
0.3125390625,-0.03881584252926529
0.31255859375,0.09009439629995324
0.312578125,-0.0017159894754274138
0.31259765625,0.06501622843968807
0.3126171875,-0.12853287699370083
0.31263671875,0.01924041265905982
0.31265625,0.4805993811815155
0.31267578125,0.18730017930269593
0.3126953125,0.07189986137405127
0.31271484375,0.3364903682765941
0.312734375,0.13284923793365072
0.31275390625,-0.012639327306089607
0.3127734375,-0.0013451373722736804
0.31279296875,-0.19500139001235434
0.3128125,-0.40537690570426704
0.31283203125,-0.62046695606109
0.3128515625,-0.6925304083920255
0.31287109375,-0.504311476987095
0.312890625,-0.2657635755576425
0.31291015625,-0.20684064167349311
0.3129296875,-0.47042494393510115
0.31294921875,-0.5791237033753673
0.31296875,-0.4336895549252533
0.31298828125,-0.6026030864502248
0.3130078125,-0.7061300056556106
0.31302734375,-0.491845234309004
0.313046875,-0.5575267833776829
0.31306640625,-0.7096502239905104
0.3130859375,-0.5400255714900746
0.31310546875,-0.3608828080666777
0.313125,-0.33839849732727817
0.31314453125,-0.29648239608278926
0.3131640625,-0.11690675727060393
0.31318359375,-0.07819289672088371
0.313203125,-0.3621713394178814
0.31322265625,-0.3602259553181727
0.3132421875,-0.12148351437270641
0.31326171875,-0.31392996308042354
0.31328125,-0.49633244004268817
0.31330078125,-0.3624432196245024
0.3133203125,-0.38872482974021544
0.31333984375,-0.6961392593776747
0.313359375,-0.9394635277188887
0.31337890625,-0.7838669625385408
0.3133984375,-0.6252411351189046
0.31341796875,-0.7125328255927325
0.3134375,-0.651010974967108
0.31345703125,-0.5644732053940223
0.3134765625,-0.4986144405930773
0.31349609375,-0.33021708856517
0.313515625,-0.2609474261266492
0.31353515625,-0.1158945392386641
0.3135546875,0.02422325756093853
0.31357421875,-0.07079629087950524
0.31359375,-0.012638058552494141
0.31361328125,0.20596940548925746
0.3136328125,0.10406040464754016
0.31365234375,-0.28868411946729505
0.313671875,-0.43810983616767696
0.31369140625,-0.26441882181221354
0.3137109375,-0.19297643332843173
0.31373046875,-0.2778316603609513
0.31375,-0.26934288767666514
0.31376953125,-0.1651538515133806
0.3137890625,-0.31342540035193417
0.31380859375,-0.6175505387336835
0.313828125,-0.346824490701665
0.31384765625,0.1919064063545158
0.3138671875,0.17598071264945314
0.31388671875,0.07264918149954176
0.31390625,0.30360243547964866
0.31392578125,0.34540524811057416
0.3139453125,0.14812888733715224
0.31396484375,0.2417390419762046
0.313984375,0.327425373163361
0.31400390625,0.061397198969346284
0.3140234375,-0.003982357827985373
0.31404296875,-0.07895372307217127
0.3140625,-0.3691860147365468
0.31408203125,-0.23612306655617432
0.3141015625,-0.08400750038993969
0.31412109375,-0.32754702680323616
0.314140625,-0.3513822819662391
0.31416015625,-0.04502546536476254
0.3141796875,0.25907500531755573
0.31419921875,0.3424149748521461
0.31421875,0.2795192682454594
0.31423828125,0.3299026647160127
0.3142578125,0.2134279223196803
0.31427734375,-0.0020559490132364827
0.314296875,0.1255671463084277
0.31431640625,0.21213589917982636
0.3143359375,0.21949472787859475
0.31435546875,0.4613032919634317
0.314375,0.41718698000167703
0.31439453125,0.11639378207607515
0.3144140625,0.258794127647363
0.31443359375,0.5626490105973834
0.314453125,0.45871053181489174
0.31447265625,0.3241940830838421
0.3144921875,0.5114178164858443
0.31451171875,0.5962907140381049
0.31453125,0.35298746259064107
0.31455078125,0.18096203883936912
0.3145703125,0.41560850523555826
0.31458984375,0.7365101987297162
0.314609375,0.7818387253827697
0.31462890625,0.7164597793822576
0.3146484375,0.8151036359466193
0.31466796875,1.0443093875880256
0.3146875,0.8721350113416115
0.31470703125,0.566080256632536
0.3147265625,0.7152026564940797
0.31474609375,0.6103064155932638
0.314765625,0.24712688052719034
0.31478515625,0.20931722700416225
0.3148046875,0.09304978806814225
0.31482421875,-0.20031388029074876
0.31484375,-0.35631514276184134
0.31486328125,-0.22265030246051176
0.3148828125,0.014836484129470112
0.31490234375,0.15276712648687352
0.314921875,0.24617557012297522
0.31494140625,0.10241685697029691
0.3149609375,0.01140345521522932
0.31498046875,0.18818876780620492
0.315,0.2089862777849102
0.31501953125,0.18290050247754808
0.3150390625,0.15682406318609016
0.31505859375,-0.0005803996116536397
0.315078125,-0.06041398328060207
0.31509765625,0.1735749891599359
0.3151171875,0.5917045584631515
0.31513671875,0.6387410613979995
0.31515625,0.4636850995455707
0.31517578125,0.5753128619660054
0.3151953125,0.4274405031226603
0.31521484375,0.024908999483644938
0.315234375,0.014568783121137564
0.31525390625,0.1593993611397263
0.3152734375,0.2385180279559854
0.31529296875,0.2898816676128243
0.3153125,0.30586471806408133
0.31533203125,0.400176875844427
0.3153515625,0.5219070767556697
0.31537109375,0.7357980366667335
0.315390625,0.7849816979636305
0.31541015625,0.4888331931608003
0.3154296875,0.26550638524187176
0.31544921875,0.053736115926702965
0.31546875,-0.03034291229760268
0.31548828125,0.059174894181511256
0.3155078125,0.02632050626772761
0.31552734375,0.21755293262714548
0.315546875,0.4536546784936958
0.31556640625,0.393771165185948
0.3155859375,0.342473793071779
0.31560546875,0.33260230801461993
0.315625,0.1926188545253472
0.31564453125,-0.17131194096732097
0.3156640625,-0.37331297291631166
0.31568359375,-0.11184042821619607
0.315703125,0.0011127959736326187
0.31572265625,-0.19268546244542328
0.3157421875,-0.2573682635722601
0.31576171875,-0.2853841509236386
0.31578125,-0.4326873175757893
0.31580078125,-0.4792841271723282
0.3158203125,-0.08870663315236396
0.31583984375,0.31777352594383684
0.315859375,0.24041253780461241
0.31587890625,0.3031054105695171
0.3158984375,0.6325825430616866
0.31591796875,0.7376085585666361
0.3159375,0.573874578304322
0.31595703125,0.3356838964041117
0.3159765625,0.3995032472866124
0.31599609375,0.5131418441206822
0.316015625,0.23352649451139834
0.31603515625,0.10155930840118885
0.3160546875,0.34179677600830444
0.31607421875,0.27911601319634993
0.31609375,-0.013675432145311599
0.31611328125,-0.04281524651529946
0.3161328125,-0.0164884859519034
0.31615234375,0.034706738471172054
0.316171875,0.20078013444061032
0.31619140625,0.21763066804307135
0.3162109375,0.11305412545840501
0.31623046875,0.09126491555058364
0.31625,0.18146240112212586
0.31626953125,0.24235350970947098
0.3162890625,0.1999288579627202
0.31630859375,0.23352313538814704
0.316328125,0.16075532951740457
0.31634765625,-0.06183086171058623
0.3163671875,0.07570351233428242
0.31638671875,0.4010961958654153
0.31640625,0.5010877469290563
0.31642578125,0.45117827340975225
0.3164453125,0.4800042443740071
0.31646484375,0.6608332949787749
0.316484375,0.5382996247976094
0.31650390625,0.24388041096218238
0.3165234375,0.33586684629840846
0.31654296875,0.4947358033176119
0.3165625,0.5380222264239418
0.31658203125,0.5907947795393635
0.3166015625,0.5120237685444884
0.31662109375,0.6347767211399946
0.316640625,1.1428952470125402
0.31666015625,1.2913344417696742
0.3166796875,1.0193719575678508
0.31669921875,1.0143772155930828
0.31671875,1.0100173342923457
0.31673828125,0.7266625980653412
0.3167578125,0.5435628886986564
0.31677734375,0.42193808094635665
0.316796875,0.29572842549852396
0.31681640625,0.2680602844381268
0.3168359375,0.23186508599492164
0.31685546875,0.12910807277910874
0.316875,0.06352503842180823
0.31689453125,0.27630823985861996
0.3169140625,0.3573434538725626
0.31693359375,0.012738030896440359
0.316953125,-0.04694501648635363
0.31697265625,0.06086217172049339
0.3169921875,-0.020072160283228377
0.31701171875,0.01922182223987656
0.31703125,0.1115909595333864
0.31705078125,0.10869818383672983
0.3170703125,-0.05782368295834834
0.31708984375,-0.03781713282733546
0.317109375,0.2022204738694241
0.31712890625,0.06368868645619269
0.3171484375,-0.015279898444488432
0.31716796875,0.1497174214459195
0.3171875,-0.009157424631403087
0.31720703125,-0.16101582447863505
0.3172265625,0.07976034594179258
0.31724609375,0.44017193482675165
0.317265625,0.5070194391107035
0.31728515625,0.21741885092607174
0.3173046875,-0.07508395991803293
0.31732421875,-0.08624752523739687
0.31734375,0.1758584553625552
0.31736328125,0.3667315151107656
0.3173828125,0.42354033559169013
0.31740234375,0.6464746029996085
0.317421875,0.7629494019295009
0.31744140625,0.5737323409698988
0.3174609375,0.4434788967165414
0.31748046875,0.5574373356565776
0.3175,0.7374603783826554
0.31751953125,0.5377531819227195
0.3175390625,0.2902496416565681
0.31755859375,0.4601003982231322
0.317578125,0.3137454294349035
0.31759765625,-0.05385709323105203
0.3176171875,0.023397400791396065
0.31763671875,0.18137292638663013
0.31765625,0.05435876215173556
0.31767578125,-0.32867393596789984
0.3176953125,-0.3216308263338685
0.31771484375,0.020200479146892436
0.317734375,-0.21652139656061903
0.31775390625,-0.3803690753627636
0.3177734375,-0.13871799093691134
0.31779296875,-0.27099294233689625
0.3178125,-0.5263605972810754
0.31783203125,-0.6269263904099673
0.3178515625,-0.5017317268348194
0.31787109375,-0.19109299392462115
0.317890625,-0.12320662456397305
0.31791015625,-0.15862545789181381
0.3179296875,-0.23407059201467126
0.31794921875,-0.187455144102042
0.31796875,0.13358767185936682
0.31798828125,0.05313178195558705
0.3180078125,-0.23229734345181421
0.31802734375,-0.17436266092551553
0.318046875,-0.07750998203911014
0.31806640625,-0.003055359264533937
0.3180859375,0.02654344919445093
0.31810546875,-0.011888457027153111
0.318125,0.20073072144630108
0.31814453125,0.42533827192079166
0.3181640625,0.12341315294553348
0.31818359375,-0.21259579283912586
0.318203125,-0.09933375979488096
0.31822265625,-0.04998793633922295
0.3182421875,-0.24521781150189004
0.31826171875,-0.4934862790030214
0.31828125,-0.4980478399900967
0.31830078125,-0.14017075424726036
0.3183203125,-0.13828348912592137
0.31833984375,-0.5757436188296587
0.318359375,-0.6611047324727066
0.31837890625,-0.39186198752280704
0.3183984375,-0.17745597412967157
0.31841796875,-0.03066462517405492
0.3184375,0.011480703360997581
0.31845703125,-0.08393323024202501
0.3184765625,-0.0695630094921446
0.31849609375,0.06600007771104587
0.318515625,0.128666560458495
0.31853515625,0.2547187238739136
0.3185546875,0.3002754746803012
0.31857421875,0.22309659559224002
0.31859375,0.49806927237604737
0.31861328125,0.8020871170156154
0.3186328125,0.7686985753107207
0.31865234375,0.6558403316704495
0.318671875,0.39508159664102127
0.31869140625,0.24262315217779698
0.3187109375,0.3214444767693856
0.31873046875,0.0283047385847532
0.31875,-0.23214088600744706
0.31876953125,0.09262588252556485
0.3187890625,0.27889775316045207
0.31880859375,0.14393999278924346
0.318828125,0.09302465254067775
0.31884765625,-0.08091193219039461
0.3188671875,-0.37065393082100506
0.31888671875,-0.35496211967496677
0.31890625,-0.05368019511013472
0.31892578125,-0.043679722835763046
0.3189453125,-0.5432962786262541
0.31896484375,-0.6850115780302636
0.318984375,-0.11263194905498966
0.31900390625,0.17420971233865695
0.3190234375,-0.14201777035482147
0.31904296875,-0.3921518453194864
0.3190625,-0.2317686541592708
0.31908203125,-0.04591787683831771
0.3191015625,-0.20114676341508012
0.31912109375,-0.42562905149376845
0.319140625,-0.46226798650909845
0.31916015625,-0.2836637918896411
0.3191796875,-0.12512698820528603
0.31919921875,0.009795251135743623
0.31921875,0.1171774032146011
0.31923828125,-0.14107627123159028
0.3192578125,-0.14186553848749237
0.31927734375,0.24170209941085186
0.319296875,0.24141492557033958
0.31931640625,0.05529888708910448
0.3193359375,-0.0768845810202511
0.31935546875,-0.08048965844584781
0.319375,0.09880323476872749
0.31939453125,0.18298008958018794
0.3194140625,0.07784620801851361
0.31943359375,-0.1983820361378134
0.319453125,-0.16579558203542705
0.31947265625,0.14737223817246842
0.3194921875,-0.011942899792810671
0.31951171875,-0.26980446937379043
0.31953125,-0.2591419569951665
0.31955078125,-0.21439963836911105
0.3195703125,-0.11344256258232745
0.31958984375,-0.21103656453185954
0.319609375,-0.43421116903389
0.31962890625,-0.5135247269529866
0.3196484375,-0.6094532968340282
0.31966796875,-0.7157443765685653
0.3196875,-0.6803757966086572
0.31970703125,-0.5059913985883417
0.3197265625,-0.4975301931291063
0.31974609375,-0.7019599709743976
0.319765625,-0.7602329710085644
0.31978515625,-0.6442148384855865
0.3198046875,-0.5558434006144232
0.31982421875,-0.631682849083087
0.31984375,-0.7334429857410116
0.31986328125,-0.6285093439147187
0.3198828125,-0.5082684659237577
0.31990234375,-0.5253888775300048
0.319921875,-0.4898280511443342
0.31994140625,-0.33515276763220514
0.3199609375,-0.1216910210671576
0.31998046875,-0.055334050925820645
0.32,-0.2766975039388123
0.32001953125,-0.47059407331875736
0.3200390625,-0.37137362236617083
0.32005859375,-0.08783680832174068
0.320078125,0.03429192347703591
0.32009765625,-0.17319479070321564
0.3201171875,-0.3815037114218418
0.32013671875,-0.24360746948773285
0.32015625,0.0460517880706191
0.32017578125,-0.11108199493673687
0.3201953125,-0.5889352770704711
0.32021484375,-0.6951302840285892
0.320234375,-0.6053030048574213
0.32025390625,-0.6842633853399427
0.3202734375,-0.7298371799396836
0.32029296875,-0.7755132155405217
0.3203125,-0.8136710784489923
0.32033203125,-0.6733907044220901
0.3203515625,-0.7247778812448566
0.32037109375,-0.9183604916703392
0.320390625,-0.7603258683206715
0.32041015625,-0.5124764670132002
0.3204296875,-0.3036920308947662
0.32044921875,-0.15333244224919934
0.32046875,-0.2663562941749554
0.32048828125,-0.16581867392828292
0.3205078125,0.007897503894324615
0.32052734375,-0.24093594909779964
0.320546875,-0.2880939963694768
0.32056640625,-0.12882350142278054
0.3205859375,-0.2695490654772892
0.32060546875,-0.2878993021518014
0.320625,0.0035224453041942105
0.32064453125,0.4268339329257341
0.3206640625,0.7207145126503387
0.32068359375,0.4574525256935205
0.320703125,0.08885023038202436
0.32072265625,0.08902342412677125
0.3207421875,0.08078856914832351
0.32076171875,0.0060719786198888985
0.32078125,-0.06138858351808378
0.32080078125,-0.24698274494066394
0.3208203125,-0.36247588729772273
0.32083984375,-0.33333581141916563
0.320859375,-0.48713406792631125
0.32087890625,-0.8225203031985606
0.3208984375,-0.8432275817742334
0.32091796875,-0.8418167492896003
0.3209375,-1.2651311271907582
0.32095703125,-1.276110746140583
0.3209765625,-0.8051720008564937
0.32099609375,-0.7112431112697368
0.321015625,-0.7678626116196453
0.32103515625,-0.6397147556067109
0.3210546875,-0.5316796445616285
0.32107421875,-0.7404402796508491
0.32109375,-0.9782587982548347
0.32111328125,-0.6940332313428095
0.3211328125,-0.4929935041155436
0.32115234375,-0.5478721717979954
0.321171875,-0.45315211786707194
0.32119140625,-0.5344236605543672
0.3212109375,-0.5256761706838777
0.32123046875,-0.3312014667160642
0.32125,-0.3476292426226759
0.32126953125,-0.3373455403257961
0.3212890625,-0.3218902647498338
0.32130859375,-0.35012816442689476
0.321328125,-0.23290249645513145
0.32134765625,-0.23106469917472625
0.3213671875,-0.34918459802713864
0.32138671875,-0.27622243508706784
0.32140625,-0.2405208060949251
0.32142578125,-0.3412734503023024
0.3214453125,-0.3202604070032015
0.32146484375,-0.25512659333011156
0.321484375,-0.24291000567000814
0.32150390625,-0.34052884597875877
0.3215234375,-0.35719742824093276
0.32154296875,-0.17158971418623709
0.3215625,-0.24012450099806543
0.32158203125,-0.40246609510792314
0.3216015625,-0.3531303320282885
0.32162109375,-0.38003612750102594
0.321640625,-0.38124209043652807
0.32166015625,-0.3501442929445405
0.3216796875,-0.41690946113738625
0.32169921875,-0.3480367143252527
0.32171875,-0.40489665072382713
0.32173828125,-0.5494467844346157
0.3217578125,-0.3009308221082658
0.32177734375,-0.26031110498156107
0.321796875,-0.48519176510245443
0.32181640625,-0.23106707187148795
0.3218359375,0.08109702748915346
0.32185546875,0.0654829346712138
0.321875,-0.03930487328263735
0.32189453125,-0.05307403761484372
0.3219140625,0.02383715682536529
0.32193359375,0.0344634889679458
0.321953125,0.1817759712477517
0.32197265625,0.24318794933379212
0.3219921875,-0.047945506501882784
0.32201171875,-0.1276845547634075
0.32203125,-0.022414809668894288
0.32205078125,-0.08889835529524173
0.3220703125,-0.1831889051192889
0.32208984375,-0.12998278695217932
0.322109375,0.038301817251787024
0.32212890625,0.04334929751661531
0.3221484375,-0.026850356524984013
0.32216796875,-0.12075460167890666
0.3221875,-0.2536397282263879
0.32220703125,-0.016571193689581203
0.3222265625,0.17234343851867148
0.32224609375,0.010151521163482273
0.322265625,0.1341610572520075
0.32228515625,0.3913790058259837
0.3223046875,0.39824694676529626
0.32232421875,0.3888428533601066
0.32234375,0.3119543789317378
0.32236328125,0.035121789131708256
0.3223828125,-0.09550604985781355
0.32240234375,0.02385190176296193
0.322421875,-0.08535185598772387
0.32244140625,-0.39913691272923446
0.3224609375,-0.39605692498458994
0.32248046875,-0.22905814734685037
0.3225,0.011964836047526572
0.32251953125,0.4029883838576166
0.3225390625,0.4355187941393415
0.32255859375,0.26494203562037993
0.322578125,0.300076230906335
0.32259765625,0.2790841933487646
0.3226171875,0.05914662351697424
0.32263671875,-0.0787669275433257
0.32265625,0.18119255701319897
0.32267578125,0.30933092606805584
0.3226953125,0.140452465806853
0.32271484375,0.3388524794349561
0.322734375,0.4092607038300314
0.32275390625,0.08128060697113233
0.3227734375,0.12565997444651142
0.32279296875,0.3254889276096847
0.3228125,0.2146221000592541
0.32283203125,0.0797936989304389
0.3228515625,-0.04928130905740337
0.32287109375,-0.32112825899045155
0.322890625,-0.4206226012020209
0.32291015625,-0.1328071129485323
0.3229296875,0.04793539683266575
0.32294921875,-0.2642433576961084
0.32296875,-0.4778744970201076
0.32298828125,-0.26405185218328564
0.3230078125,-0.19447621309978386
0.32302734375,-0.2644147454569134
0.323046875,-0.1867280908572696
0.32306640625,-0.21145124530050857
0.3230859375,-0.29253428106225726
0.32310546875,-0.2558841519453508
0.323125,-0.07512655658552037
0.32314453125,0.18949500763603355
0.3231640625,0.21864704407783989
0.32318359375,0.11637565484663111
0.323203125,0.04983013144041652
0.32322265625,-0.05440343140333872
0.3232421875,0.011436034917939444
0.32326171875,0.11885813862401921
0.32328125,0.005601263283110641
0.32330078125,-0.11073018813456673
0.3233203125,-0.07814607575308635
0.32333984375,0.01796950789104383
0.323359375,0.0975215150322804
0.32337890625,0.1150276669810808
0.3233984375,0.1252889875841155
0.32341796875,0.06596031515644399
0.3234375,-0.013046533439086135
0.32345703125,0.2287401050518444
0.3234765625,0.5075062925444732
0.32349609375,0.39652599764522545
0.323515625,0.2658649062342192
0.32353515625,0.4397782797165561
0.3235546875,0.6152346621728974
0.32357421875,0.5148349622932747
0.32359375,0.3750121344081597
0.32361328125,0.2480897069782198
0.3236328125,-0.13715853166637432
0.32365234375,-0.39226969711466997
0.323671875,-0.21873721633542506
0.32369140625,-0.19804657432221823
0.3237109375,-0.21565714133973693
0.32373046875,0.09934853849083519
0.32375,0.21110297564006156
0.32376953125,-0.0010864920329079555
0.3237890625,-0.19024751331520806
0.32380859375,-0.053449581489216816
0.323828125,0.34033165378859986
0.32384765625,0.3316727294804548
0.3238671875,0.0012273958681203075
0.32388671875,-0.05221336857522131
0.32390625,0.11558119672950964
0.32392578125,0.2692297445324945
0.3239453125,0.35379099253989615
0.32396484375,0.300580696060328
0.323984375,0.2072836767912727
0.32400390625,0.302986315861936
0.3240234375,0.2961315202572957
0.32404296875,0.07468057668528305
0.3240625,0.22574988654955358
0.32408203125,0.42721130857116546
0.3241015625,0.24851163464351883
0.32412109375,0.12815690358498813
0.324140625,0.07024524095020103
0.32416015625,0.04911304649695493
0.3241796875,0.08459001727263624
0.32419921875,0.14973021230681996
0.32421875,0.33566113690216426
0.32423828125,0.4625527372014213
0.3242578125,0.7415418187089358
0.32427734375,0.9877215106483366
0.324296875,0.7724594951326134
0.32431640625,0.5435292014476857
0.3243359375,0.34673979536990973
0.32435546875,0.1749861890388693
0.324375,0.17448128993091594
0.32439453125,0.13527687152331874
0.3244140625,0.3864840449786242
0.32443359375,0.634434334399562
0.324453125,0.31474611059544816
0.32447265625,0.147673858267501
0.3244921875,0.38242456055360313
0.32451171875,0.5840093197300475
0.32453125,0.6342457172568573
0.32455078125,0.5693242282506872
0.3245703125,0.7013323480212177
0.32458984375,0.8271374792855535
0.324609375,0.640759389987634
0.32462890625,0.5867250949752413
0.3246484375,0.6971625116895344
0.32466796875,0.6934302079070777
0.3246875,0.7300268989618425
0.32470703125,0.849465654385708
0.3247265625,0.8143615206371484
0.32474609375,0.6420294707490046
0.324765625,0.6446526620419355
0.32478515625,0.7376538967697229
0.3248046875,0.6016810067173868
0.32482421875,0.4408433133442893
0.32484375,0.3957147538946756
0.32486328125,0.2605807395057069
0.3248828125,0.13227262822454966
0.32490234375,0.08878843812572165
0.324921875,0.1920179153140545
0.32494140625,0.4127818281368233
0.3249609375,0.37957643857519185
0.32498046875,0.25634162312923015
0.325,0.2799294310270312
0.32501953125,0.2065221399947276
0.3250390625,0.02349425987947252
0.32505859375,-0.14377306313876845
0.325078125,-0.1613114690505628
0.32509765625,0.003360740432218654
0.3251171875,0.12444188013510468
0.32513671875,0.1217463303645119
0.32515625,-0.04951873868242522
0.32517578125,-0.38530081521839177
0.3251953125,-0.5255685636315384
0.32521484375,-0.3799066218437465
0.325234375,-0.15388400115849465
0.32525390625,0.01949647631140289
0.3252734375,0.050600284223107965
0.32529296875,0.2414834877921489
0.3253125,0.4778070543919238
0.32533203125,0.32621322222045457
0.3253515625,0.2931683071141392
0.32537109375,0.5517142409346003
0.325390625,0.5398401521419571
0.32541015625,0.27431400632352604
0.3254296875,0.17470746141446483
0.32544921875,0.5130386428678659
0.32546875,0.8313300711735816
0.32548828125,0.5515459591578323
0.3255078125,0.2164936592945476
0.32552734375,0.34599860199270127
0.325546875,0.6336365549552326
0.32556640625,0.555558831297583
0.3255859375,0.008838088538703243
0.32560546875,-0.1608792100171761
0.325625,0.10394794920494853
0.32564453125,-0.1922625627730922
0.3256640625,-0.5981613243044924
0.32568359375,-0.44258752614171437
0.325703125,-0.2387773347153825
0.32572265625,-0.09136839537007943
0.3257421875,0.17263644716467785
0.32576171875,0.4047903332013946
0.32578125,0.37394596991435086
0.32580078125,0.17092636801033606
0.3258203125,0.2644203224418734
0.32583984375,0.32218967516325653
0.325859375,-0.00039008095341209244
0.32587890625,-0.11475759163349371
0.3258984375,-0.1927998075631187
0.32591796875,-0.5030979021839486
0.3259375,-0.4393786229192057
0.32595703125,-0.24707800577008285
0.3259765625,-0.3262658357159292
0.32599609375,-0.22040627610874994
0.326015625,0.008249863253786665
0.32603515625,-0.02536332367737348
0.3260546875,-0.14286220949208528
0.32607421875,-0.019251008205012354
0.32609375,0.2808012492057059
0.32611328125,0.2659053909766902
0.3261328125,-0.13206501626189318
0.32615234375,-0.2461471932697478
0.326171875,-0.06598241483434883
0.32619140625,-0.10433308206045205
0.3262109375,-0.0570988771140363
0.32623046875,0.14883222123815967
0.32625,0.1017590173541047
0.32626953125,0.09821125224250757
0.3262890625,0.36767478628257466
0.32630859375,0.4195936096277009
0.326328125,0.029534665646273793
0.32634765625,-0.05689498706877723
0.3263671875,0.2548090204745365
0.32638671875,0.004670748585086898
0.32640625,-0.36125172689855223
0.32642578125,-0.0670980134045994
0.3264453125,0.2137861078254522
0.32646484375,0.07809427541036129
0.326484375,0.007319583928237887
0.32650390625,0.258459137311223
0.3265234375,0.4449056010901995
0.32654296875,0.37195676253633136
0.3265625,0.3877418733750003
0.32658203125,0.527310004615136
0.3266015625,0.5585538483103387
0.32662109375,0.5754880917267768
0.326640625,0.7582608541981992
0.32666015625,0.9326552289450684
0.3266796875,0.8069508817160492
0.32669921875,0.7116670717394593
0.32671875,0.8223080448518334
0.32673828125,0.6483657409199918
0.3267578125,0.3068929604220833
0.32677734375,0.025746194510829212
0.326796875,-0.2252650669112154
0.32681640625,-0.3100705460463799
0.3268359375,-0.4356051864067658
0.32685546875,-0.5911623739506466
0.326875,-0.4932354331653835
0.32689453125,-0.35806672760210184
0.3269140625,-0.44014434462252394
0.32693359375,-0.49970017782967885
0.326953125,-0.4517092960088831
0.32697265625,-0.41904735478512245
0.3269921875,-0.29013948146724355
0.32701171875,-0.21089610281844573
0.32703125,-0.24701742131893578
0.32705078125,-0.23217935642693416
0.3270703125,-0.17603218157671555
0.32708984375,-0.09101214757503823
0.327109375,-0.053679988910915424
0.32712890625,0.024953968885847645
0.3271484375,0.12070059144359467
0.32716796875,0.09984093822326903
0.3271875,0.06598016834411094
0.32720703125,-0.029404684559172473
0.3272265625,0.08347570971304734
0.32724609375,0.37606387143367953
0.327265625,0.33008751441173134
0.32728515625,0.31214942784632876
0.3273046875,0.3979033549601442
0.32732421875,0.2215441650329078
0.32734375,0.11608719699424552
0.32736328125,-0.04677018937194745
0.3273828125,-0.23786711973541919
0.32740234375,0.07344163603402774
0.327421875,0.30056886322000337
0.32744140625,0.29545189140569084
0.3274609375,0.5201168322392711
0.32748046875,0.51515404617046
0.3275,0.4005525997798032
0.32751953125,0.298150500921523
0.3275390625,-0.17503571270721424
0.32755859375,-0.5754101085534485
0.327578125,-0.6876240755871517
0.32759765625,-0.6919479202929406
0.3276171875,-0.6756710227916376
0.32763671875,-0.6908844740398219
0.32765625,-0.564338187791609
0.32767578125,-0.545966476022657
0.3276953125,-0.7111205408280853
0.32771484375,-0.569948152663565
0.327734375,-0.42375261725968805
0.32775390625,-0.5648821332974102
0.3277734375,-0.4505763963313201
0.32779296875,-0.3070835217087037
0.3278125,-0.3515609704543943
0.32783203125,-0.20682036990799257
0.3278515625,-0.2946521141332925
0.32787109375,-0.4112582311980464
0.327890625,-0.17658122888263444
0.32791015625,-0.22857282351611474
0.3279296875,-0.28078558203248694
0.32794921875,-0.20480310140139382
0.32796875,-0.46202048787485633
0.32798828125,-0.556446464627875
0.3280078125,-0.3720323542062473
0.32802734375,-0.29958565327695
0.328046875,-0.3999606042249495
0.32806640625,-0.433026361429283
0.3280859375,-0.10122549202224013
0.32810546875,-0.002437419875741337
0.328125,-0.44354382798586467
0.32814453125,-0.43025844463527324
0.3281640625,0.18798077557277085
0.32818359375,0.37952672959328
0.328203125,-0.07622651714222634
0.32822265625,-0.39806050578733126
0.3282421875,-0.40089698046767297
0.32826171875,-0.6821586613221183
0.32828125,-1.0130675997305216
0.32830078125,-1.0036925632365068
0.3283203125,-1.001442722290431
0.32833984375,-0.7517751099259916
0.328359375,-0.23941045333788363
0.32837890625,-0.14808896324981005
0.3283984375,-0.3165689178328452
0.32841796875,-0.18700400101638198
0.3284375,0.1843927188397438
0.32845703125,0.13456192861986466
0.3284765625,-0.2874537818250331
0.32849609375,-0.3910806802886732
0.328515625,-0.4077820410938231
0.32853515625,-0.48098289328792165
0.3285546875,-0.31117235302834473
0.32857421875,-0.048448126990985184
0.32859375,0.024566743447416033
0.32861328125,0.016149906477555126
0.3286328125,0.3837760077194494
0.32865234375,0.8352863363019762
0.328671875,0.7522813270890951
0.32869140625,0.4502916379382555
0.3287109375,0.2919729544131651
0.32873046875,0.07435505703771982
0.32875,-0.08406374546091229
0.32876953125,0.028011423731925788
0.3287890625,-0.019388982799748766
0.32880859375,-0.30266404354084153
0.328828125,-0.4758972413715209
0.32884765625,-0.5396119644233822
0.3288671875,-0.5013202664295384
0.32888671875,-0.4431618464722684
0.32890625,-0.4345286679885969
0.32892578125,-0.5538846249447513
0.3289453125,-0.8805905546232097
0.32896484375,-1.0471510482321287
0.328984375,-1.0121968811044142
0.32900390625,-1.0891731054833846
0.3290234375,-1.2491442373983122
0.32904296875,-1.3390685660371058
0.3290625,-1.1707776484177836
0.32908203125,-0.8373156708490004
0.3291015625,-0.45987934657580387
0.32912109375,-0.146524833064049
0.329140625,-0.31011072530342376
0.32916015625,-0.5573635732469885
0.3291796875,-0.35888554230862746
0.32919921875,-0.25054247736864665
0.32921875,-0.4127613134041788
0.32923828125,-0.42370896761252574
0.3292578125,-0.1965611259200748
0.32927734375,-0.08667066063332245
0.329296875,-0.402229921984496
0.32931640625,-0.6202000639966117
0.3293359375,-0.4063688997892323
0.32935546875,-0.21137114438290155
0.329375,-0.2936676305948218
0.32939453125,-0.5107171018679257
0.3294140625,-0.4446032546442445
0.32943359375,-0.20195695814024522
0.329453125,-0.13977799632175866
0.32947265625,-0.09057022025615005
0.3294921875,-0.1769907529530422
0.32951171875,-0.5210183829213323
0.32953125,-0.7464795021575366
0.32955078125,-0.8707986384624737
0.3295703125,-1.0185016451354652
0.32958984375,-0.7666945285802181
0.329609375,-0.3806629448405417
0.32962890625,-0.5899862427665223
0.3296484375,-0.8837106135186059
0.32966796875,-0.6194341127691141
0.3296875,-0.3140521075155295
0.32970703125,-0.35773778036391546
0.3297265625,-0.44653553612620556
0.32974609375,-0.28761541012286024
0.329765625,0.18516197142584542
0.32978515625,0.35105001374249456
0.3298046875,-0.018185283102879462
0.32982421875,0.09870321908965315
0.32984375,0.5534981734315018
0.32986328125,0.42480381071607354
0.3298828125,0.09030857381601771
0.32990234375,-0.046384588973346644
0.329921875,-0.018203086470869344
0.32994140625,0.13269210824148792
0.3299609375,0.2360526472589973
0.32998046875,0.22080411075815146
0.33,-0.02961359299184417
0.33001953125,-0.22134727740716273
0.3300390625,0.050449783292364506
0.33005859375,0.2936386717491746
0.330078125,0.025672999596398502
0.33009765625,-0.17939102656448325
0.3301171875,0.15344304738109465
0.33013671875,0.18877544361875714
0.33015625,-0.22103726181952663
0.33017578125,-0.1286494225869491
0.3301953125,0.09161328770944789
0.33021484375,-0.013860939815545675
0.330234375,-0.021958959744460684
0.33025390625,-0.019705096436634907
0.3302734375,-0.19982759577136897
0.33029296875,-0.3750816070781562
0.3303125,-0.2141060132965193
0.33033203125,0.029268547248978708
0.3303515625,-0.11407667984334235
0.33037109375,-0.17473300527359054
0.330390625,0.10478173113368007
0.33041015625,0.32713734354101576
0.3304296875,0.29154552819804613
0.33044921875,0.02452728588154446
0.33046875,-0.00033167236639668196
0.33048828125,0.40868133433291787
0.3305078125,0.6351257905651806
0.33052734375,0.5760370746216504
0.330546875,0.7215230006821909
0.33056640625,1.0099334805075557
0.3305859375,1.1289176977418782
0.33060546875,1.099040705121939
0.330625,0.9719521835087684
0.33064453125,0.7284771683789325
0.3306640625,0.38214271225119084
0.33068359375,0.11927322577784794
0.330703125,0.0340449007828393
0.33072265625,-0.11733235175347115
0.3307421875,-0.10792473116297627
0.33076171875,0.22887803123735917
0.33078125,0.39718462984293373
0.33080078125,0.34590170930405445
0.3308203125,0.31736253715569296
0.33083984375,0.5202100152078994
0.330859375,0.5603954926161356
0.33087890625,-0.1263195926983678
0.3308984375,-0.4229636818103389
0.33091796875,0.01374813036881473
0.3309375,-0.10228610741070471
0.33095703125,-0.5870147681532896
0.3309765625,-0.7031782224557828
0.33099609375,-0.5105147155560837
0.331015625,-0.2567508128520244
0.33103515625,-0.2023207812378908
0.3310546875,-0.10197575369561765
0.33107421875,0.15608866254262635
0.33109375,0.08039692846637776
0.33111328125,-0.20170369240982405
0.3311328125,-0.23745294610060091
0.33115234375,-0.14715750239239597
0.331171875,-0.15554672396940972
0.33119140625,-0.2974640083118952
0.3312109375,-0.31931107153938687
0.33123046875,-0.2771510260645379
0.33125,-0.3467709356883752
0.33126953125,0.015472624914903893
0.3312890625,0.5479302123795414
0.33130859375,0.5176028754566252
0.331328125,0.21790897382235372
0.33134765625,0.10018211210514523
0.3313671875,0.2915965885071078
0.33138671875,0.39997778146881535
0.33140625,0.3453480477201313
0.33142578125,0.41970971510932653
0.3314453125,0.23921159544244777
0.33146484375,0.03625022333063491
0.331484375,0.239560936255045
0.33150390625,0.4062667691405828
0.3315234375,0.3501682121591588
0.33154296875,0.1928638983038679
0.3315625,0.19990675298638555
0.33158203125,0.3000339587931361
0.3316015625,0.14985583585613496
0.33162109375,0.04140014322215868
0.331640625,0.06228367271774624
0.33166015625,0.048211768601073395
0.3316796875,0.08120347353878923
0.33169921875,0.10291508684780977
0.33171875,-0.020994472209650138
0.33173828125,-0.2857123328579274
0.3317578125,-0.43553416507315545
0.33177734375,-0.41211467863258544
0.331796875,-0.4235259379166185
0.33181640625,-0.2720443052450072
0.3318359375,0.06551721302357752
0.33185546875,0.02722183581095782
0.331875,-0.1948657830771661
0.33189453125,-0.03415030665565209
0.3319140625,0.23309735742118282
0.33193359375,0.4286421672152668
0.331953125,0.5583969200934937
0.33197265625,0.46026916801784057
0.3319921875,0.33620346141221574
0.33201171875,0.29628564359975873
0.33203125,0.3288639962627107
0.33205078125,0.30140834527360344
0.3320703125,0.01623179806703697
0.33208984375,0.07155390250650603
0.332109375,0.40406496658245095
0.33212890625,0.21645242936257006
0.3321484375,0.1222893926450452
0.33216796875,0.4530002876129076
0.3321875,0.529113144051476
0.33220703125,0.48165645821199154
0.3322265625,0.48084309348943605
0.33224609375,0.2721138304888498
0.332265625,-0.059887060868526014
0.33228515625,-0.13727748308642837
0.3323046875,0.15748619896329624
0.33232421875,0.34999876481221465
0.33234375,0.23955590584849595
0.33236328125,0.21706066022019405
0.3323828125,0.5451723733762841
0.33240234375,0.8645178758835985
0.332421875,0.6583540161093681
0.33244140625,0.34603310731492476
0.3324609375,0.4370875880896311
0.33248046875,0.647726935429447
0.3325,0.6394295767367828
0.33251953125,0.43892429952050754
0.3325390625,0.4561971930035993
0.33255859375,0.6514270363083272
0.332578125,0.8021112154363532
0.33259765625,1.1452315475513144
0.3326171875,1.2495416124101268
0.33263671875,0.9374552964688776
0.33265625,0.8855386230729891
0.33267578125,0.8719654987877441
0.3326953125,0.6900985043045436
0.33271484375,0.7960090988200114
0.332734375,0.8542488052032279
0.33275390625,0.6973138527609803
0.3327734375,0.7521629305887696
0.33279296875,0.907933487881428
0.3328125,0.9713696242856986
0.33283203125,0.79504647562948
0.3328515625,0.39770519850113306
0.33287109375,0.21643823192286404
0.332890625,0.2008214780834414
0.33291015625,0.154591552162149
0.3329296875,0.15448726306000857
0.33294921875,0.0027307525364642336
0.33296875,-0.023542309650379428
0.33298828125,0.23208692366487357
0.3330078125,0.1450488136661102
0.33302734375,-0.07050741554701109
0.333046875,0.06486133296664941
0.33306640625,0.27560559362691117
0.3330859375,0.2471601813680691
0.33310546875,0.03490408201188732
0.333125,0.10859237853017918
0.33314453125,0.3603246245286481
0.3331640625,0.24687357335744672
0.33318359375,0.09709022239231183
0.333203125,0.36148709764299275
0.33322265625,0.6448680478861355
0.3332421875,0.5727453418580641
0.33326171875,0.6296071306757516
0.33328125,0.7792530879375121
0.33330078125,0.5333771878716342
0.3333203125,0.3975135783143686
0.33333984375,0.31628083735664175
0.333359375,0.12840964088119525
0.33337890625,0.30040210295679565
0.3333984375,0.31071861718959337
0.33341796875,0.1828160370903661
0.3334375,0.3361118191359511
0.33345703125,0.3592931459145885
0.3334765625,0.4735257229749879
0.33349609375,0.4980783475684718
0.333515625,0.1351264257130424
0.33353515625,0.13836503578876344
0.3335546875,0.2530039443782486
0.33357421875,0.08613164642394253
0.33359375,-0.05791780890315816
0.33361328125,-0.21497996110491432
0.3336328125,-0.03071399020134386
0.33365234375,0.07837398639222742
0.333671875,-0.340758114517042
0.33369140625,-0.3053594858818855
0.3337109375,0.059482190177198205
0.33373046875,-0.04421521634744398
0.33375,-0.37254534803931866
0.33376953125,-0.35292135862584173
0.3337890625,-0.07567083330280638
0.33380859375,-0.1508819916487221
0.333828125,-0.1280698042389339
0.33384765625,0.22664906446091948
0.3338671875,0.2328265119003854
0.33388671875,0.09145991650767812
0.33390625,-0.06416835049135428
0.33392578125,-0.24720076986455086
0.3339453125,-0.15337153211518978
0.33396484375,-0.1506648040717754
0.333984375,-0.14868388887995404
0.33400390625,0.18927593514961272
0.3340234375,0.30940596268471243
0.33404296875,0.15142949683090512
0.3340625,-0.026433861435951236
0.33408203125,-0.18438548678578326
0.3341015625,0.020129955308037337
0.33412109375,0.13709316456739473
0.334140625,-0.3407136422739042
0.33416015625,-0.5741900707221312
0.3341796875,-0.22204865366464402
0.33419921875,0.053936986300383925
0.33421875,0.05368905443279163
0.33423828125,0.027070070363686215
0.3342578125,0.0953308912649277
0.33427734375,0.23480886732749914
0.334296875,0.3957919816431462
0.33431640625,0.3182270416824131
0.3343359375,0.004040826055697132
0.33435546875,-0.21755066401282006
0.334375,-0.24834542651276306
0.33439453125,-0.06399365191753785
0.3344140625,-0.035203223449996955
0.33443359375,-0.040814820241399874
0.334453125,0.33163966212660173
0.33447265625,0.30402683246418355
0.3344921875,-0.011515231246971234
0.33451171875,0.13521196460551038
0.33453125,0.27568191492978533
0.33455078125,0.11130889660061707
0.3345703125,-0.14434540662642592
0.33458984375,-0.11404950009283069
0.334609375,0.11290576572803865
0.33462890625,0.1117875336995496
0.3346484375,0.14029181528123513
0.33466796875,0.19335497504333116
0.3346875,0.07879385612446596
0.33470703125,-0.020539051599978587
0.3347265625,0.09398724318504732
0.33474609375,0.36641447085576895
0.334765625,0.26265583058022207
0.33478515625,0.07210092641274854
0.3348046875,0.41864563588900217
0.33482421875,0.6369099069022055
0.33484375,0.34216199646938744
0.33486328125,0.1402923558779111
0.3348828125,0.32895935600560355
0.33490234375,0.47435103740091433
0.334921875,0.2765158857019306
0.33494140625,0.11470783351118151
0.3349609375,-0.010628785694666028
0.33498046875,-0.22685464408227562
0.335,-0.3889753756349213
0.33501953125,-0.5944141711125324
0.3350390625,-0.5950376113920153
0.33505859375,-0.42320029475340104
0.335078125,-0.42038558467499487
0.33509765625,-0.595183010955542
0.3351171875,-0.8301383867236655
0.33513671875,-0.44961676663805994
0.33515625,0.14424225593621742
0.33517578125,0.04028705814966037
0.3351953125,0.029016426049343264
0.33521484375,0.19147071824548384
0.335234375,0.04867871595017298
0.33525390625,-0.014062846588872316
0.3352734375,0.011251273585223084
0.33529296875,0.3984982361959152
0.3353125,0.69457701655966
0.33533203125,0.18222799174198917
0.3353515625,0.08776071469102201
0.33537109375,0.4347261398728183
0.335390625,0.322552374028485
0.33541015625,0.180781761753121
0.3354296875,-0.09584370225445306
0.33544921875,-0.18658596662430948
0.33546875,0.19012042220875136
0.33548828125,0.13785480306057324
0.3355078125,-0.15343575740231208
0.33552734375,-0.11126520638075295
0.335546875,-0.07001398332200114
0.33556640625,-0.24245408202970764
0.3355859375,-0.3532127503425656
0.33560546875,-0.33216378250978185
0.335625,-0.2727632446688143
0.33564453125,-0.23617006999441634
0.3356640625,-0.451435362369721
0.33568359375,-0.6041933585660877
0.335703125,-0.5614417300278187
0.33572265625,-0.5420934804603851
0.3357421875,-0.3174845400369118
0.33576171875,-0.2015534796849686
0.33578125,-0.3804900853348203
0.33580078125,-0.4715544956390191
0.3358203125,-0.3698966612591505
0.33583984375,-0.28093555714421076
0.335859375,-0.6100636127175603
0.33587890625,-0.8436515544767106
0.3358984375,-0.4279169419578344
0.33591796875,-0.1730096939053134
0.3359375,-0.22501684470790098
0.33595703125,-0.08579274492333268
0.3359765625,-0.29807981273690937
0.33599609375,-0.6789168108098799
0.336015625,-0.4214491418188408
0.33603515625,-0.2138498033523311
0.3360546875,-0.37490305225760784
0.33607421875,-0.3805637205844491
0.33609375,-0.40526840243171147
0.33611328125,-0.4053664050834282
0.3361328125,-0.3600202761191462
0.33615234375,-0.5195407018260325
0.336171875,-0.6069131986700446
0.33619140625,-0.4932457010151891
0.3362109375,-0.3300485880628656
0.33623046875,-0.29003033789062516
0.33625,-0.49649834509893603
0.33626953125,-0.6270840379255506
0.3362890625,-0.489863137393899
0.33630859375,-0.34011936398236847
0.336328125,-0.3477877756985119
0.33634765625,-0.3710422004802577
0.3363671875,-0.109029498587616
0.33638671875,0.11482915055999231
0.33640625,-0.13194589091960462
0.33642578125,-0.33865410717578465
0.3364453125,-0.37893910364949157
0.33646484375,-0.5429720676931239
0.336484375,-0.5111853117875718
0.33650390625,-0.2567145398031884
0.3365234375,-0.0969054946615602
0.33654296875,-0.24173595046063828
0.3365625,-0.29185481618136117
0.33658203125,0.23628875623089482
0.3366015625,0.3884301438174885
0.33662109375,-0.0834824422617322
0.336640625,-0.07565114549762404
0.33666015625,0.143420646257782
0.3366796875,0.05119529350088058
0.33669921875,-0.0628936907843601
0.33671875,-0.13506493730862446
0.33673828125,-0.023799153721203475
0.3367578125,0.022268264013348124
0.33677734375,-0.2230183342877305
0.336796875,-0.3829836814348001
0.33681640625,-0.5097304572236417
0.3368359375,-0.45796172278958813
0.33685546875,-0.293479991924128
0.336875,-0.402932133244179
0.33689453125,-0.30701777398479824
0.3369140625,-0.14454504106653338
0.33693359375,-0.31481615638228283
0.336953125,-0.5039538344934628
0.33697265625,-0.47941610841365595
0.3369921875,-0.15884309305709388
0.33701171875,-0.22406975646083854
0.33703125,-0.6706438398257327
0.33705078125,-0.5396870576094366
0.3370703125,-0.3560889081737823
0.33708984375,-0.5765989124992308
0.337109375,-0.7103252860244452
0.33712890625,-0.7485992438375085
0.3371484375,-0.5760847713526976
0.33716796875,-0.340082053802059
0.3371875,-0.45449298133264526
0.33720703125,-0.5202516716671667
0.3372265625,-0.32796567055270076
0.33724609375,-0.13155094095701977
0.337265625,-0.08158263760694176
0.33728515625,-0.30058116789432265
0.3373046875,-0.38151247063189786
0.33732421875,-0.26121451223549175
0.33734375,-0.44820973291311095
0.33736328125,-0.5568107226071513
0.3373828125,-0.36757633664587275
0.33740234375,-0.39438114102270544
0.337421875,-0.4395066245878618
0.33744140625,-0.0916670694641655
0.3374609375,0.2214498541763064
0.33748046875,-0.16265334641279786
0.3375,-0.657449546108728
0.33751953125,-0.26724464444264256
0.3375390625,0.1303125593673662
0.33755859375,-0.30384924148695946
0.337578125,-0.644632868514605
0.33759765625,-0.5155037817127028
0.3376171875,-0.3929201698018038
0.33763671875,-0.3807404359044096
0.33765625,-0.4952723424815989
0.33767578125,-0.5903353764409355
0.3376953125,-0.3833882793315643
0.33771484375,-0.09015288046972375
0.337734375,-0.008556368182361527
0.33775390625,-0.06837890599399472
0.3377734375,-0.19297572958352893
0.33779296875,-0.19488027679228972
0.3378125,-0.03244399703649484
0.33783203125,-0.07760066537280133
0.3378515625,-0.2930715042620187
0.33787109375,-0.21198840902188193
0.337890625,0.12939978249180933
0.33791015625,0.22161735538804037
0.3379296875,0.017857911377479337
0.33794921875,-0.012339771398833098
0.33796875,0.19828877754711643
0.33798828125,0.2854097059312958
0.3380078125,0.1841429599284662
0.33802734375,0.0888893244663518
0.338046875,-0.016010130356507057
0.33806640625,-0.14716174192701323
0.3380859375,-0.20669760962408584
0.33810546875,-0.2461012526911127
0.338125,-0.28189888355110304
0.33814453125,-0.3373603033053445
0.3381640625,-0.3159707826986314
0.33818359375,-0.20679774141936497
0.338203125,-0.3359450559495615
0.33822265625,-0.3726577761265572
0.3382421875,-0.22795713028468395
0.33826171875,-0.5278757386435631
0.33828125,-0.8491259613418958
0.33830078125,-0.5494602106871146
0.3383203125,-0.08461911121852328
0.33833984375,-0.026716245333068427
0.338359375,-0.15338995664347524
0.33837890625,0.02620708105011703
0.3383984375,0.33473282232785395
0.33841796875,0.39624840821321405
0.3384375,0.4008430980551957
0.33845703125,0.47987733363466417
0.3384765625,0.5696143128787587
0.33849609375,0.6514644797867994
0.338515625,0.4734115485048128
0.33853515625,0.2624676184000516
0.3385546875,0.3732925007060463
0.33857421875,0.6338497886640866
0.33859375,0.8361506009983073
0.33861328125,0.5506386306760646
0.3386328125,0.08525504291433253
0.33865234375,0.19508175178933765
0.338671875,0.4517354149102626
0.33869140625,0.44093817411380815
0.3387109375,0.2257688362289516
0.33873046875,-0.13932399006477705
0.33875,-0.16839570063005654
0.33876953125,0.07544109281553643
0.3387890625,0.05517702478143725
0.33880859375,-0.09549611284535653
0.338828125,-0.2705837238555103
0.33884765625,-0.3860474876164453
0.3388671875,-0.1899554869542994
0.33888671875,0.2521678208919932
0.33890625,0.5799051968126779
0.33892578125,0.29783228697111624
0.3389453125,-0.0948480913819585
0.33896484375,0.020077945386562168
0.338984375,-0.014192822949646626
0.33900390625,-0.26171019741569296
0.3390234375,-0.31339658367312295
0.33904296875,-0.3955165215828629
0.3390625,-0.44302320190090727
0.33908203125,-0.4778455076966649
0.3391015625,-0.5773280133499065
0.33912109375,-0.3719958707115669
0.339140625,-0.18066886914001223
0.33916015625,-0.34261109917649124
0.3391796875,-0.24145418875363522
0.33919921875,0.16392974678333594
0.33921875,0.38870248007184593
0.33923828125,0.39114019597328165
0.3392578125,0.263716802342852
0.33927734375,0.3678809196094236
0.339296875,0.6341140769403097
0.33931640625,0.43907753107815645
0.3393359375,0.09698719657296047
0.33935546875,0.23769780307531155
0.339375,0.6035726614623368
0.33939453125,0.517242880600188
0.3394140625,0.038752755231487745
0.33943359375,0.02168305849999104
0.339453125,0.261344136662857
0.33947265625,0.15033923736545174
0.3394921875,0.0735679127445758
0.33951171875,0.04802586814995682
0.33953125,-0.025768659558559684
0.33955078125,0.04729055823941477
0.3395703125,0.12522628635675845
0.33958984375,0.12173417867632208
0.339609375,-0.03911312176117315
0.33962890625,-0.11067732261998087
0.3396484375,0.04184912921516453
0.33966796875,-0.12298677876798365
0.3396875,-0.40189056975779663
0.33970703125,-0.23699926666706453
0.3397265625,0.01792874371653112
0.33974609375,-0.09508592353874641
0.339765625,-0.2925449717342584
0.33978515625,-0.15326402765102395
0.3398046875,0.1417870827351923
0.33982421875,0.3317496375397278
0.33984375,0.20168106294603608
0.33986328125,-0.04940413844794497
0.3398828125,0.23656221125478666
0.33990234375,0.6317635169577613
0.339921875,0.6160396827898724
0.33994140625,0.46042292314925304
0.3399609375,0.24883177770377307
0.33998046875,0.32425940331264497
0.34,0.5702432803747155
0.34001953125,0.5057212891320908
0.3400390625,0.36775338321876716
0.34005859375,0.24811581814984962
0.340078125,0.3510686303293813
0.34009765625,0.5419928229090462
0.3401171875,0.26933461900107064
0.34013671875,0.08128064400113608
0.34015625,0.08045245225769343
0.34017578125,-0.08949767250999344
0.3401953125,0.03747748361646159
0.34021484375,0.18830420008391752
0.340234375,-0.0060267930605399245
0.34025390625,-0.17416629939423167
0.3402734375,-0.28108614822669614
0.34029296875,-0.1617243659994563
0.3403125,0.05654872457485491
0.34033203125,-0.04692223983594102
0.3403515625,0.17250350036687995
0.34037109375,0.6501997660329631
0.340390625,0.47705447322445343
0.34041015625,0.20435852160419243
0.3404296875,0.29750316558741374
0.34044921875,0.3224321709939887
0.34046875,0.38152204902846043
0.34048828125,0.634438633668573
0.3405078125,0.7634338068147214
0.34052734375,0.611238728122359
0.340546875,0.7750200165301191
0.34056640625,1.3222643266806005
0.3405859375,1.178632923047508
0.34060546875,0.5461638859519965
0.340625,0.524860565857508
0.34064453125,0.8410037473161475
0.3406640625,0.9577090624975102
0.34068359375,0.933883282849418
0.340703125,0.6361073531188194
0.34072265625,0.24837940215384008
0.3407421875,0.2498475802415203
0.34076171875,0.4361746355647129
0.34078125,0.3778351231143932
0.34080078125,0.17698662538350907
0.3408203125,0.20710530434492208
0.34083984375,0.3484594033201647
0.340859375,0.3121869016532506
0.34087890625,0.34875672310793193
0.3408984375,0.5114271069271714
0.34091796875,0.4917030683111556
0.3409375,0.24113654496303266
0.34095703125,0.029220686882172303
0.3409765625,0.05735060514012731
0.34099609375,0.07418582989399787
0.341015625,0.050463010867560935
0.34103515625,0.225000081477588
0.3410546875,0.3189366813473126
0.34107421875,0.10128563467731819
0.34109375,-0.18663478707625028
0.34111328125,-0.2740384086404336
0.3411328125,-0.1583621680950862
0.34115234375,-0.06499830366996422
0.341171875,-0.08873545772128436
0.34119140625,0.04347370681712198
0.3412109375,0.30335971569389014
0.34123046875,0.18448887762007565
0.34125,0.07949872530955344
0.34126953125,0.3752650819515289
0.3412890625,0.5160937614586081
0.34130859375,0.5055602825803103
0.341328125,0.29262419063032624
0.34134765625,0.02930186098761761
0.3413671875,0.24537031062751286
0.34138671875,0.15183753009546178
0.34140625,-0.18460868460771437
0.34142578125,0.09272081805965386
0.3414453125,0.3450919685320889
0.34146484375,0.2995241710185312
0.341484375,0.16377304697280134
0.34150390625,0.1170446878746909
0.3415234375,0.3953966300701318
0.34154296875,0.4211229403664523
0.3415625,0.18978311361823996
0.34158203125,0.12354340411708693
0.3416015625,0.149189471176483
0.34162109375,0.23878464251749557
0.341640625,0.07141956372942045
0.34166015625,-0.12695441534509977
0.3416796875,0.08274579101815453
0.34169921875,0.1728000560253799
0.34171875,0.07432830579042683
0.34173828125,0.14677307604703013
0.3417578125,0.08954065681922868
0.34177734375,-0.13710020005367918
0.341796875,-0.2641135176569088
0.34181640625,-0.3481224967098578
0.3418359375,-0.3259545980916957
0.34185546875,-0.32716501369716045
0.341875,-0.49174970042928723
0.34189453125,-0.37993758537962113
0.3419140625,-0.09466340608328479
0.34193359375,-0.20157257609913865
0.341953125,-0.4734971262283941
0.34197265625,-0.36703558917865453
0.3419921875,0.023585388639935555
0.34201171875,0.18526308007729667
0.34203125,-0.03254293416726513
0.34205078125,-0.15397353355478388
0.3420703125,0.13885339229123464
0.34208984375,0.22439388237057822
0.342109375,-0.03997470094130322
0.34212890625,-0.09804486057505407
0.3421484375,-0.0785038582839446
0.34216796875,0.1167763962164782
0.3421875,0.23533097096610972
0.34220703125,-0.02131456961861798
0.3422265625,-0.032381426529876634
0.34224609375,-0.10550405221667497
0.342265625,-0.235547053714109
0.34228515625,-0.041238165730046794
0.3423046875,-0.15571119047309084
0.34232421875,-0.4821545858284932
0.34234375,-0.4506964057697622
0.34236328125,-0.14625550309038893
0.3423828125,-0.0036389828486414685
0.34240234375,-0.14893588651893222
0.342421875,-0.24802428888182812
0.34244140625,-0.24305077152881877
0.3424609375,-0.26683759167750815
0.34248046875,-0.17813759650489933
0.3425,0.016702774100287372
0.34251953125,0.09553268848540528
0.3425390625,0.24699899778166107
0.34255859375,0.4813125983972023
0.342578125,0.5225988855149514
0.34259765625,0.4609441260729975
0.3426171875,0.4251191085356878
0.34263671875,0.7233437025503451
0.34265625,0.9351822193881251
0.34267578125,0.4539679338086339
0.3426953125,0.24656894848417776
0.34271484375,0.5305046562386457
0.342734375,0.5783278255027642
0.34275390625,0.5398054781623182
0.3427734375,0.4075555258148954
0.34279296875,0.11951721233541716
0.3428125,-0.16561783782899292
0.34283203125,-0.374345936798209
0.3428515625,-0.39225460444781257
0.34287109375,-0.40231319008139715
0.342890625,-0.3136089966829437
0.34291015625,-0.031982746329778974
0.3429296875,-0.13044295356084792
0.34294921875,-0.5488759809455587
0.34296875,-0.5718245726489883
0.34298828125,-0.2376554067842091
0.3430078125,-0.2827590257829821
0.34302734375,-0.6932319992797524
0.343046875,-0.6534236975074913
0.34306640625,-0.40295445161769505
0.3430859375,-0.4916176197791417
0.34310546875,-0.5063221921236329
0.343125,-0.3649800272133369
0.34314453125,-0.3392004895051509
0.3431640625,-0.3044486593321249
0.34318359375,-0.07104042668570444
0.343203125,0.05516803719090142
0.34322265625,-0.22505544053254997
0.3432421875,-0.3232925870761169
0.34326171875,-0.16091826223088185
0.34328125,-0.25698884455401944
0.34330078125,-0.21892288862496823
0.3433203125,-0.02773595035829009
0.34333984375,-0.12268040215434953
0.343359375,-0.24233045506777054
0.34337890625,-0.23009085585524977
0.3433984375,-0.1449881265803638
0.34341796875,-0.06496072032159439
0.3434375,-0.1269661443373694
0.34345703125,-0.2836496499083704
0.3434765625,-0.3365402494579407
0.34349609375,-0.22528697435668052
0.343515625,-0.3815493668081123
0.34353515625,-0.6726948811619375
0.3435546875,-0.5215550756509022
0.34357421875,-0.4197028312180594
0.34359375,-0.6003113140366523
0.34361328125,-0.563108852731978
0.3436328125,-0.5436481346975026
0.34365234375,-0.8067221845458239
0.343671875,-1.0386545146001147
0.34369140625,-0.9829088196221916
0.3437109375,-0.6597366585384108
0.34373046875,-0.4144292932997838
0.34375,-0.36987294739791376
0.34376953125,-0.20291287247503084
0.3437890625,-0.03526615938430573
0.34380859375,-0.21825958514395766
0.343828125,-0.3549421308620641
0.34384765625,-0.19265918596508047
0.3438671875,-0.23853498797278788
0.34388671875,-0.3256883222805666
0.34390625,-0.0377039517979732
0.34392578125,-0.024839789372112606
0.3439453125,-0.4551060585950969
0.34396484375,-0.42014301613126664
0.343984375,0.015857592860674265
0.34400390625,0.03250161073486478
0.3440234375,-0.11496365406086086
0.34404296875,-0.024450429243453087
0.3440625,0.0005225609296634331
0.34408203125,-0.10754183172146248
0.3441015625,-0.23087238848545852
0.34412109375,-0.15573800480527242
0.344140625,0.05711842649447467
0.34416015625,-0.08414188894138454
0.3441796875,-0.3198980133536706
0.34419921875,-0.3754374931409592
0.34421875,-0.5862790248446537
0.34423828125,-0.6750240152540006
0.3442578125,-0.41454782801589685
0.34427734375,-0.2506558076738823
0.344296875,-0.4224642600317776
0.34431640625,-0.655225449566815
0.3443359375,-0.5546648864380456
0.34435546875,-0.3549992371108459
0.344375,-0.2432825659542297
0.34439453125,0.00626312563044875
0.3444140625,0.15310851497425773
0.34443359375,0.1677735947706937
0.344453125,0.23466084144255583
0.34447265625,0.15652915324782596
0.3444921875,-0.05381478853197465
0.34451171875,-0.16738654379624435
0.34453125,-0.26391795259485934
0.34455078125,-0.465838982619495
0.3445703125,-0.32623489242580184
0.34458984375,0.13633016998585887
0.344609375,0.13233969481193342
0.34462890625,-0.19682691794334786
0.3446484375,-0.21702238545758257
0.34466796875,-0.05887737972559605
0.3446875,-0.003270871083087098
0.34470703125,-0.048837174870266314
0.3447265625,-0.1859070045601778
0.34474609375,-0.37882212195268306
0.344765625,-0.42440363067104553
0.34478515625,-0.35334496621887024
0.3448046875,-0.41991281340448616
0.34482421875,-0.25531987006115225
0.34484375,0.1613218989925739
0.34486328125,0.007016940157775722
0.3448828125,-0.3189247638124425
0.34490234375,-0.13875739172604015
0.344921875,-0.15762799149747453
0.34494140625,-0.47792018953551374
0.3449609375,-0.605670151857868
0.34498046875,-0.7124051506563396
0.345,-0.8360733367222646
0.34501953125,-0.8451704837280379
0.3450390625,-0.6946031917937218
0.34505859375,-0.6141996184697547
0.345078125,-0.6587155034618652
0.34509765625,-0.395561321307656
0.3451171875,-0.23271270983114906
0.34513671875,-0.326715477748751
0.34515625,-0.06388647941289619
0.34517578125,0.09077704048599378
0.3451953125,-0.16696253183008736
0.34521484375,-0.30004293087880984
0.345234375,-0.316285670525051
0.34525390625,-0.34929189229912716
0.3452734375,-0.36646308497345315
0.34529296875,-0.34551602617629784
0.3453125,-0.22196396918527195
0.34533203125,-0.26998862919891997
0.3453515625,-0.4731844844765837
0.34537109375,-0.43087465500120925
0.345390625,-0.21220900602944803
0.34541015625,-0.02599954793751509
0.3454296875,-0.10228247365130493
0.34544921875,-0.2748050190815133
0.34546875,-0.040024629318412365
0.34548828125,0.17109299046350762
0.3455078125,0.04201883082478422
0.34552734375,-0.13353645603443742
0.345546875,-0.30295208215162395
0.34556640625,-0.15018939796817413
0.3455859375,0.1653605628737176
0.34560546875,0.06383028415970368
0.345625,-0.1869466472665809
0.34564453125,-0.4011610336239322
0.3456640625,-0.6743184711178444
0.34568359375,-0.6075067269152568
0.345703125,-0.4841670779590007
0.34572265625,-0.8177224478141532
0.3457421875,-0.8726377530025109
0.34576171875,-0.5276097395420187
0.34578125,-0.39816555550493826
0.34580078125,-0.24318850023901936
0.3458203125,0.042586975230156046
0.34583984375,0.2101769149500701
0.345859375,0.18749749488021755
0.34587890625,0.07891427208294333
0.3458984375,0.14733345940997172
0.34591796875,0.29664866937157675
0.3459375,0.33602353263669704
0.34595703125,0.3871144263930442
0.3459765625,0.34957389315596704
0.34599609375,0.2581974611324308
0.346015625,0.39213630258753485
0.34603515625,0.44717936319905305
0.3460546875,0.3530758880020043
0.34607421875,0.28260527795409074
0.34609375,0.06689975833406617
0.34611328125,0.05370466523742086
0.3461328125,0.32279511177738374
0.34615234375,0.3467546375199511
0.346171875,-0.01942468749927491
0.34619140625,-0.42809971761956406
0.3462109375,-0.39117946424630406
0.34623046875,-0.3391123561420016
0.34625,-0.6505690964500925
0.34626953125,-0.5066651078645312
0.3462890625,0.02382644939424073
0.34630859375,0.03540306753007929
0.346328125,-0.14098175557356532
0.34634765625,0.09745001969871592
0.3463671875,0.3257690908613652
0.34638671875,0.21306143575790562
0.34640625,0.03775381377907071
0.34642578125,0.03577266850291392
0.3464453125,0.15211164512046277
0.34646484375,0.1988338489754557
0.346484375,0.22216875756381294
0.34650390625,0.31845968453314594
0.3465234375,0.5524997361918671
0.34654296875,0.7490988227735109
0.3465625,0.6220915571257823
0.34658203125,0.558297827538541
0.3466015625,0.7060429035839285
0.34662109375,0.6871283094523207
0.346640625,0.5568666886303391
0.34666015625,0.46071349261310723
0.3466796875,0.3992445707099225
0.34669921875,0.44985260253791637
0.34671875,0.5346194614325864
0.34673828125,0.4168644458285617
0.3467578125,0.24448798944049777
0.34677734375,0.33350253073041647
0.346796875,0.48962243629771957
0.34681640625,0.5070476298042863
0.3468359375,0.3248489640373913
0.34685546875,-0.0357938238835116
0.346875,-0.00489716778257597
0.34689453125,0.3588467736737355
0.3469140625,0.27444372356490426
0.34693359375,-0.020602184613374642
0.346953125,-0.0654975422871102
0.34697265625,-0.08338044485215865
0.3469921875,-0.24932606097779872
0.34701171875,-0.46970102701144534
0.34703125,-0.43495018105027217
0.34705078125,-0.24279280868680278
0.3470703125,-0.2892198932927025
0.34708984375,-0.42701887152528084
0.347109375,-0.394155851032937
0.34712890625,-0.26977969836854154
0.3471484375,-0.2077020908422219
0.34716796875,-0.06421940563709003
0.3471875,0.21698807473614562
0.34720703125,0.27547145796020905
0.3472265625,0.07431332443769273
0.34724609375,0.012229570937043355
0.347265625,0.31842156197671145
0.34728515625,0.576100751441271
0.3473046875,0.3702093974834414
0.34732421875,0.1335523829773294
0.34734375,0.1714303968110316
0.34736328125,0.2619047469849765
0.3473828125,0.20809434708716007
0.34740234375,0.19473795048510573
0.347421875,0.4498820573239104
0.34744140625,0.3874402186389779
0.3474609375,-0.00037658685147783436
0.34748046875,0.025400821903730823
0.3475,0.22332844712678412
0.34751953125,0.2658964610740312
0.3475390625,0.17304459645626785
0.34755859375,0.04896986257417299
0.347578125,0.21207661263581767
0.34759765625,0.2530958305387354
0.3476171875,-0.048779821531690165
0.34763671875,-0.09228413897946497
0.34765625,-0.0004124511387329846
0.34767578125,-0.001706678815568921
0.3476953125,0.1711097231428212
0.34771484375,0.21481779280167376
0.347734375,0.054646285683436296
0.34775390625,0.1384570385604883
0.3477734375,0.26292649243520017
0.34779296875,0.10032182131518963
0.3478125,0.001960784721110387
0.34783203125,0.2308241436569477
0.3478515625,0.18887395513458308
0.34787109375,-0.17627397241612736
0.347890625,-0.15258851460197376
0.34791015625,-0.033610372671620876
0.3479296875,-0.09765776806128562
0.34794921875,-0.1953695166980681
0.34796875,-0.44874536509080176
0.34798828125,-0.49469703298651346
0.3480078125,-0.2611007049844537
0.34802734375,-0.12189173111770978
0.348046875,0.02068437746603545
0.34806640625,0.2271167774564371
0.3480859375,0.36375208691915223
0.34810546875,0.498714747117324
0.348125,0.7446073570665142
0.34814453125,0.7680526272773627
0.3481640625,0.4768066021645039
0.34818359375,0.5686869530083818
0.348203125,0.8113619209109865
0.34822265625,0.46726184703316176
0.3482421875,0.1514843303518606
0.34826171875,0.3433096904493086
0.34828125,0.5291829660570803
0.34830078125,0.37010128150895044
0.3483203125,0.23081759651704728
0.34833984375,0.4551012822105819
0.348359375,0.5129495699888645
0.34837890625,0.44253700400973706
0.3483984375,0.5101874238841981
0.34841796875,0.2141656280945901
0.3484375,0.059225089229263596
0.34845703125,0.31847023083462234
0.3484765625,0.4484495450017167
0.34849609375,0.5349022759401538
0.348515625,0.4789683952355666
0.34853515625,0.45326406482896964
0.3485546875,0.6265710563854916
0.34857421875,0.7990957665419883
0.34859375,1.0162083005385223
0.34861328125,0.791015326384249
0.3486328125,0.45345777412005406
0.34865234375,0.8425844002008811
0.348671875,1.321166077834068
0.34869140625,1.3853959144558554
0.3487109375,1.3178297218498898
0.34873046875,1.1829488053619766
0.34875,0.9994302155460106
0.34876953125,0.8444039378832986
0.3487890625,0.5310096334175085
0.34880859375,0.1623734972656481
0.348828125,0.269272607946195
0.34884765625,0.5477262800444633
0.3488671875,0.40853901874289933
0.34888671875,0.14070570719754816
0.34890625,0.1296739051195344
0.34892578125,0.1883931761326382
0.3489453125,-0.030578700694835037
0.34896484375,-0.156509802340658
0.348984375,0.25797131239485727
0.34900390625,0.5271935067918767
0.3490234375,0.2257860963144617
0.34904296875,0.08878431032993889
0.3490625,0.3477648905141136
0.34908203125,0.3024082240881344
0.3491015625,-0.08935209353229612
0.34912109375,0.022597213137511646
0.349140625,0.4623894733826936
0.34916015625,0.3179810470339064
0.3491796875,0.09324065547123034
0.34919921875,0.22952495385941066
0.34921875,0.2003297446712185
0.34923828125,0.14987844535150313
0.3492578125,0.2082306786437655
0.34927734375,0.3364058857129498
0.349296875,0.49331199579663804
0.34931640625,0.362288100879024
0.3493359375,0.2483884730218348
0.34935546875,0.34294329258098294
0.349375,0.5545670875492356
0.34939453125,0.8544393692042258
0.3494140625,0.7295529692136171
0.34943359375,0.4318156024580815
0.349453125,0.6597972726885433
0.34947265625,1.0057088701609553
0.3494921875,1.0045836394423782
0.34951171875,0.8067605955249718
0.34953125,0.6325785772320338
0.34955078125,0.5484774887082391
0.3495703125,0.5432587770720735
0.34958984375,0.37666359219108675
0.349609375,-0.1604700997324261
0.34962890625,-0.3603994952997331
0.3496484375,-0.03106053961386631
0.34966796875,-0.02398741584006568
0.3496875,-0.32822850184311897
0.34970703125,-0.34642046703732854
0.3497265625,0.06905716391027134
0.34974609375,0.3874083631245702
0.349765625,0.28264083504687715
0.34978515625,0.024799483745704926
0.3498046875,-0.25740378579982753
0.34982421875,-0.14395246198148484
0.34984375,0.19258935246573838
0.34986328125,0.05063954123906557
0.3498828125,-0.17577418992882488
0.34990234375,-0.21540802361333944
0.349921875,-0.22816053600607372
0.34994140625,-0.10809290550151729
0.3499609375,-0.04613700060815773
0.34998046875,-0.05347204566016806
0.35,-0.037842401451766296
0.35001953125,-0.1411507734915363
0.3500390625,-0.2192980003559634
0.35005859375,-0.19543349856122183
0.350078125,0.024709544214155305
0.35009765625,0.4636610060116508
0.3501171875,0.6627447837724039
0.35013671875,0.5740582384327566
0.35015625,0.3664423014051897
0.35017578125,0.10978332300200644
0.3501953125,0.0898945370980176
0.35021484375,0.15385758908209465
0.350234375,0.11035483462125446
0.35025390625,0.009961967026613353
0.3502734375,-0.18976137849273528
0.35029296875,-0.31031174442119236
0.3503125,-0.2788948043215231
0.35033203125,-0.12480161327145928
0.3503515625,-0.009505591822286538
0.35037109375,-0.042435516154687866
0.350390625,0.1347656940116959
0.35041015625,0.3220218285100268
0.3504296875,0.1658038013409885
0.35044921875,0.0407790824825087
0.35046875,0.05142287953883224
0.35048828125,-0.06133611092809467
0.3505078125,-0.26763550121490953
0.35052734375,-0.24429547209329988
0.350546875,0.14771853479446795
0.35056640625,0.48672342479538355
0.3505859375,0.5606639074455677
0.35060546875,0.6920074275822808
0.350625,0.8308504716791087
0.35064453125,0.8757963219752152
0.3506640625,0.9699357254845209
0.35068359375,0.796838113986601
0.350703125,0.5263320644526555
0.35072265625,0.6226154123848098
0.3507421875,0.6635284435426836
0.35076171875,0.4931842967231854
0.35078125,0.32309351864976055
0.35080078125,0.10167591623183811
0.3508203125,-0.36169632116512407
0.35083984375,-0.7769473803095416
0.350859375,-0.31585107358911424
0.35087890625,0.14880150686545057
0.3508984375,-0.2736512867545895
0.35091796875,-0.36474038307337403
0.3509375,-0.17708896606131042
0.35095703125,-0.38524622216197146
0.3509765625,-0.41274689358322025
0.35099609375,-0.37141813843243193
0.351015625,-0.42202053088797387
0.35103515625,-0.35883945468527656
0.3510546875,-0.3234028570009626
0.35107421875,-0.21291484605963154
0.35109375,-0.05173891266140889
0.35111328125,0.04494826489303831
0.3511328125,0.08510633234411914
0.35115234375,0.04904328763665539
0.351171875,0.15496265822514826
0.35119140625,0.25931184292611836
0.3512109375,0.1330077530327803
0.35123046875,-0.09094701759086952
0.35125,-0.3191038799304294
0.35126953125,-0.19326331035373506
0.3512890625,0.035614226009544885
0.35130859375,-0.21936192487868583
0.351328125,-0.3982618023474248
0.35134765625,-0.32093751644037627
0.3513671875,-0.291457253629745
0.35138671875,-0.08242634435011362
0.35140625,-0.014266299245712807
0.35142578125,-0.17257767789067463
0.3514453125,-0.2788500405870298
0.35146484375,-0.5025270823816502
0.351484375,-0.5103075621656417
0.35150390625,-0.268389548178235
0.3515234375,-0.15744248650951112
0.35154296875,-0.09978482716218498
0.3515625,-0.11494109246211849
0.35158203125,-0.04371138058606035
0.3516015625,-0.055276368635488
0.35162109375,-0.45311664369497795
0.351640625,-0.6116741765892493
0.35166015625,-0.5457147492184391
0.3516796875,-0.7159567210496883
0.35169921875,-0.617965669993273
0.35171875,-0.2458357762313134
0.35173828125,-0.21094575002501736
0.3517578125,-0.3684069820988172
0.35177734375,-0.3339642863206758
0.351796875,-0.1874346624266695
0.35181640625,-0.13779741632504305
0.3518359375,-0.1765802138619154
0.35185546875,-0.2660266213465582
0.351875,-0.4656918260146856
0.35189453125,-0.5926774305794871
0.3519140625,-0.4684434157561539
0.35193359375,-0.4422007020398101
0.351953125,-0.5697228564898653
0.35197265625,-0.4320040842706683
0.3519921875,-0.22447538408487178
0.35201171875,-0.1972351132207738
0.35203125,-0.22974526170782283
0.35205078125,-0.32066119363933016
0.3520703125,-0.2632885526994606
0.35208984375,-0.06228929207606619
0.352109375,-0.0685876781449149
0.35212890625,-0.22725505318002132
0.3521484375,-0.4009403218686356
0.35216796875,-0.4585684736272344
0.3521875,-0.4014898419941979
0.35220703125,-0.5842544569598477
0.3522265625,-0.65408357828217
0.35224609375,-0.4477449944349889
0.352265625,-0.5790246367112527
0.35228515625,-0.6000640061890781
0.3523046875,-0.2852512148503478
0.35232421875,-0.3405215962684385
0.35234375,-0.4313123478112649
0.35236328125,-0.2269966294677881
0.3523828125,-0.001284780813645886
0.35240234375,0.24834838569330842
0.352421875,0.1381896888233374
0.35244140625,-0.2721825089314468
0.3524609375,-0.3391655188120942
0.35248046875,-0.347934304089618
0.3525,-0.3898760895880664
0.35251953125,-0.15811379887495308
0.3525390625,-0.05268299512763369
0.35255859375,0.012769480414268605
0.352578125,0.2099272084312859
0.35259765625,0.03986360574012207
0.3526171875,-0.22318972773580203
0.35263671875,-0.1324827572722005
0.35265625,0.15887727365338794
0.35267578125,0.3309655058884929
0.3526953125,-0.04121966980117982
0.35271484375,-0.44360043752610573
0.352734375,-0.19463570482365494
0.35275390625,0.12033914503620555
0.3527734375,-0.040021019790118406
0.35279296875,-0.21886342674104203
0.3528125,0.04001348472264085
0.35283203125,0.10168616918082965
0.3528515625,-0.23716312521445393
0.35287109375,-0.15976471827209637
0.352890625,-0.0492138748294272
0.35291015625,-0.2868892075849919
0.3529296875,-0.2761741583415805
0.35294921875,-0.23313138425764995
0.35296875,-0.39780852875075856
0.35298828125,-0.5416526861089145
0.3530078125,-0.5543003910829363
0.35302734375,-0.48214407105600804
0.353046875,-0.728507171532411
0.35306640625,-1.0111129639673377
0.3530859375,-0.9349381391539329
0.35310546875,-0.9529557908983124
0.353125,-0.9769869487524838
0.35314453125,-0.7167959176556251
0.3531640625,-0.43482083157864465
0.35318359375,-0.28061986455707916
0.353203125,-0.18521755856972286
0.35322265625,0.005173180658123097
0.3532421875,0.18300688071045335
0.35326171875,0.08668085972779566
0.35328125,0.027643939131237874
0.35330078125,0.16586411103058443
0.3533203125,0.05799515873859051
0.35333984375,-0.13902638428843228
0.353359375,-0.15899168519353052
0.35337890625,-0.1950770962488563
0.3533984375,-0.2378271067689
0.35341796875,-0.4160798077912733
0.3534375,-0.40395088982862404
0.35345703125,-0.05508970054952447
0.3534765625,-0.19505723158360394
0.35349609375,-0.2859280577712371
0.353515625,0.15105959133161612
0.35353515625,0.1294324042330319
0.3535546875,-0.12828676806807288
0.35357421875,-0.19274693415089225
0.35359375,-0.3003851003534045
0.35361328125,-0.30448658860377953
0.3536328125,-0.3142456264792119
0.35365234375,-0.32543282708648247
0.353671875,-0.39617123895537937
0.35369140625,-0.59197009417972
0.3537109375,-0.5115421691015813
0.35373046875,-0.3402034206890983
0.35375,-0.162917561326301
0.35376953125,0.027031307236076562
0.3537890625,-0.057712711247894
0.35380859375,-0.02836296500833034
0.353828125,0.054417584133920276
0.35384765625,-0.032873770946581386
0.3538671875,0.06648108913420267
0.35388671875,0.061577890813152264
0.35390625,-0.013661355389589958
0.35392578125,0.29150266835335414
0.3539453125,0.416008562127005
0.35396484375,0.2215969703844026
0.353984375,0.22258382660895593
0.35400390625,0.15345715778868577
0.3540234375,0.13026285871473237
0.35404296875,0.37885009241607254
0.3540625,0.31134974911491925
0.35408203125,0.1437267670296049
0.3541015625,0.24670492689713902
0.35412109375,0.2150498287907875
0.354140625,-0.0025319438758769283
0.35416015625,-0.2617418433767651
0.3541796875,-0.3922783570323661
0.35419921875,-0.30974848810735
0.35421875,-0.40834498114669515
0.35423828125,-0.7094147091459615
0.3542578125,-0.6932143108259462
0.35427734375,-0.4631530915575816
0.354296875,-0.40420849556336963
0.35431640625,-0.12910145163130213
0.3543359375,0.17922061506025277
0.35435546875,-0.07510737625844643
0.354375,-0.030829435974531125
0.35439453125,0.4174537638261436
0.3544140625,0.2938832051765242
0.35443359375,0.06802951583935568
0.354453125,0.12279959952703869
0.35447265625,0.17139117344848914
0.3544921875,0.30410223465656105
0.35451171875,0.4092664041898697
0.35453125,0.28456103251828274
0.35455078125,0.015341911407768303
0.3545703125,0.07138995219842015
0.35458984375,0.4676732439075215
0.354609375,0.46126582960330004
0.35462890625,0.21617207591129767
0.3546484375,0.3760761320984829
0.35466796875,0.5242475767156569
0.3546875,0.231017652195815
0.35470703125,-0.13075846227436835
0.3547265625,-0.20290790951758145
0.35474609375,-0.16460387716905117
0.354765625,-0.21761716530863304
0.35478515625,-0.07798165504483845
0.3548046875,0.11285188202875787
0.35482421875,0.08440526817465782
0.35484375,0.2145297722236774
0.35486328125,0.28337640941819875
0.3548828125,0.00016151675285842881
0.35490234375,-0.12705573511750817
0.354921875,0.12403253797168105
0.35494140625,0.32524338728584695
0.3549609375,-0.011139539984695676
0.35498046875,-0.2974432287139629
0.355,0.07807356058776566
0.35501953125,0.3039458814047492
0.3550390625,0.16858682400108466
0.35505859375,0.04401859725358674
0.355078125,-0.2453119597786654
0.35509765625,-0.15514122400037106
0.3551171875,0.2369272933792981
0.35513671875,0.060562603820761646
0.35515625,-0.21147705298404837
0.35517578125,-0.26215917024996654
0.3551953125,-0.1531258048353623
0.35521484375,0.16326545590792696
0.355234375,0.11845430544957553
0.35525390625,0.08457970443610503
0.3552734375,0.4316271930336635
0.35529296875,0.46918258317251
0.3553125,0.3294652272427627
0.35533203125,0.36065471452074344
0.3553515625,0.23646512244643492
0.35537109375,-0.002764461651290063
0.355390625,0.1472838689062636
0.35541015625,0.4638478168454826
0.3554296875,0.32347804520339196
0.35544921875,0.2007188427191476
0.35546875,0.39778739434294724
0.35548828125,0.3673246669309519
0.3555078125,0.4403810408544223
0.35552734375,0.6091775996927974
0.355546875,0.24192717084940685
0.35556640625,0.02430279479493124
0.3555859375,0.13933098853914183
0.35560546875,-0.07410424360128456
0.355625,-0.30506367149412406
0.35564453125,-0.383438310939176
0.3556640625,-0.5387501620399793
0.35568359375,-0.4318392724368767
0.355703125,0.05770573639988459
0.35572265625,0.17813430402857702
0.3557421875,-0.18269115405054426
0.35576171875,-0.26509300008651243
0.35578125,0.021458082834178646
0.35580078125,0.3395457937662756
0.3558203125,0.3877035767605412
0.35583984375,0.1400082361828932
0.355859375,-0.002781920099164916
0.35587890625,0.0021921020802734524
0.3558984375,0.07372501486018909
0.35591796875,0.10571579227468098
0.3559375,-0.16176065893397407
0.35595703125,-0.2088605524804206
0.3559765625,0.20876792006665731
0.35599609375,0.39261607589415337
0.356015625,0.23757117335055464
0.35603515625,0.14907657338662753
0.3560546875,0.3808934869305488
0.35607421875,0.49394144462798845
0.35609375,0.0503817367239338
0.35611328125,-0.023787285234470032
0.3561328125,0.3125842432563216
0.35615234375,0.152493699729969
0.356171875,0.15767718162093902
0.35619140625,0.4079237964899127
0.3562109375,0.24970083443999325
0.35623046875,0.1538282364699891
0.35625,0.13751687634713194
0.35626953125,0.094300022647649
0.3562890625,0.08980352677838185
0.35630859375,-0.14022884771876537
0.356328125,-0.33731494121596867
0.35634765625,-0.4919185703293877
0.3563671875,-0.5421949318170072
0.35638671875,-0.15211940281507852
0.35640625,0.14276801334496558
0.35642578125,0.040949281640959574
0.3564453125,0.12332136251116532
0.35646484375,0.6104773528379682
0.356484375,0.7618203422838115
0.35650390625,0.26279740825680514
0.3565234375,0.23743726359441256
0.35654296875,0.7599397454339865
0.3565625,0.559293058183671
0.35658203125,0.26463655160241506
0.3566015625,0.6267857377118766
0.35662109375,0.8173545819272783
0.356640625,1.0559378569428088
0.35666015625,1.2595925176434595
0.3566796875,0.7294417109445437
0.35669921875,0.4307488203861009
0.35671875,0.8313739356418022
0.35673828125,1.0273586962545047
0.3567578125,0.6976725892149256
0.35677734375,0.33231221799534116
0.356796875,0.27534159546146736
0.35681640625,0.3225784026519308
0.3568359375,0.30388652459295984
0.35685546875,0.1720174295675136
0.356875,-0.013052215976007996
0.35689453125,-0.014550386860265933
0.3569140625,0.07827925511912166
0.35693359375,-0.025046886180161133
0.356953125,-0.15360615191476057
0.35697265625,-0.12163823251935861
0.3569921875,-0.21023217856410079
0.35701171875,-0.29148205439869374
0.35703125,-0.19473079996215664
0.35705078125,-0.0992971836252339
0.3570703125,0.03519683911093959
0.35708984375,0.08028528313240832
0.357109375,0.10824314418266215
0.35712890625,0.11844512862915282
0.3571484375,-0.010096974658273652
0.35716796875,0.21603131099563136
0.3571875,0.5811805060719177
0.35720703125,0.550803018437315
0.3572265625,0.3270707078787831
0.35724609375,0.267217461571561
0.357265625,0.5218176269545998
0.35728515625,0.5142833371428882
0.3573046875,0.21182019744942598
0.35732421875,0.3249163301617872
0.35734375,0.6584686729742277
0.35736328125,0.7672534182632665
0.3573828125,0.6214119728961364
0.35740234375,0.6288432290077492
0.357421875,0.7867600189643399
0.35744140625,0.5026779243498886
0.3574609375,0.28426245609093626
0.35748046875,0.4907766802045144
0.3575,0.5462512821891534
0.35751953125,0.5301731764595567
0.3575390625,0.46903534394380697
0.35755859375,0.22074581549807945
0.357578125,0.19112108026514962
0.35759765625,0.28518028621074804
0.3576171875,0.19141600790836463
0.35763671875,0.22237496474998145
0.35765625,0.38530433556238897
0.35767578125,0.3679032302178926
0.3576953125,0.26314019942303823
0.35771484375,0.07416633446725555
0.357734375,-0.1551055703610982
0.35775390625,-0.04974172270343529
0.3577734375,0.001902855394744607
0.35779296875,-0.3976811162106045
0.3578125,-0.43155115609815065
0.35783203125,0.13811752341182812
0.3578515625,0.34602100912979394
0.35787109375,-0.0972087616767449
0.357890625,-0.3443375070881282
0.35791015625,-0.08848151287788528
0.3579296875,0.11987959941528051
0.35794921875,0.1437340923234462
0.35796875,0.023442097652493818
0.35798828125,-0.16085977120340797
0.3580078125,-0.043368253437109205
0.35802734375,0.3535253419392074
0.358046875,0.5677800250797673
0.35806640625,0.39073275870615237
0.3580859375,0.12810354703842863
0.35810546875,0.02140129781868961
0.358125,0.07038138195761247
0.35814453125,0.14551877266140387
0.3581640625,-0.1072077242000184
0.35818359375,-0.45466891750655425
0.358203125,-0.38077680314847806
0.35822265625,-0.06426295520111942
0.3582421875,0.14528432410007305
0.35826171875,-0.08731332752573813
0.35828125,-0.4176836002947244
0.35830078125,-0.20937466302012592
0.3583203125,0.09054122830300133
0.35833984375,0.31382628263145657
0.358359375,0.390073233414919
0.35837890625,0.07061621471678303
0.3583984375,0.1957275392226219
0.35841796875,0.5879263471728661
0.3584375,0.30841199622157733
0.35845703125,-0.046084901831806496
0.3584765625,0.04764170697318691
0.35849609375,0.24998545423571897
0.358515625,0.244397674137449
0.35853515625,0.16921519378244448
0.3585546875,0.38410672271627044
0.35857421875,0.5371472473032453
0.35859375,0.36584933120569413
0.35861328125,0.31207948872495367
0.3586328125,0.49869646954305447
0.35865234375,0.6397824714008794
0.358671875,0.419218875845453
0.35869140625,0.06094213686953129
0.3587109375,0.03479921171949785
0.35873046875,0.0870670045290309
0.35875,0.12734659738820242
0.35876953125,0.22555716142433233
0.3587890625,0.08398471297022238
0.35880859375,-0.04169824856726781
0.358828125,0.12940549555161784
0.35884765625,0.32335799566581364
0.3588671875,0.3204765320365865
0.35888671875,0.25263437898048735
0.35890625,0.33006267080659213
0.35892578125,0.19261469646539112
0.3589453125,-0.1941288811353384
0.35896484375,-0.2567062268545409
0.358984375,-0.2762100504846865
0.35900390625,-0.4795552296074479
0.3590234375,-0.5092011631549289
0.35904296875,-0.5711291241476594
0.3590625,-0.7264459755754241
0.35908203125,-0.7146903673428366
0.3591015625,-0.615996359150335
0.35912109375,-0.5944301459451523
0.359140625,-0.6513571017481242
0.35916015625,-0.5469027114749696
0.3591796875,-0.4123140039255507
0.35919921875,-0.5469253054497119
0.35921875,-0.6155590112846989
0.35923828125,-0.44181120311779476
0.3592578125,-0.26457016965740376
0.35927734375,-0.266390862277362
0.359296875,-0.16047948856028477
0.35931640625,0.3597419906778342
0.3593359375,0.6206157728047271
0.35935546875,0.45921310721293596
0.359375,0.26106650086164945
0.35939453125,-0.0016567016742554952
0.3594140625,0.005175313985949129
0.35943359375,0.011439947450556799
0.359453125,-0.22827280684548143
0.35947265625,-0.3392513111312302
0.3594921875,-0.4947114230483596
0.35951171875,-0.42504022681088527
0.35953125,-0.09409074592825209
0.35955078125,-0.15209834700129046
0.3595703125,-0.3353891206593917
0.35958984375,-0.24715249247952448
0.359609375,-0.1939171591883338
0.35962890625,-0.42362866349040107
0.3596484375,-0.7225201971235281
0.35966796875,-0.8571015753085958
0.3596875,-0.8664216687637283
0.35970703125,-0.7804293473617686
0.3597265625,-0.6713105838745363
0.35974609375,-0.6374552839336344
0.359765625,-0.626460735049928
0.35978515625,-0.6107120149432586
0.3598046875,-0.6216837197625478
0.35982421875,-0.5762103342956673
0.35984375,-0.5031989121920175
0.35986328125,-0.5758174783294767
0.3598828125,-0.49276049500611635
0.35990234375,-0.01147337310838667
0.359921875,0.22143399643976142
0.35994140625,-0.10489116296238753
0.3599609375,-0.4168210183021799
0.35998046875,-0.4595253767111557
0.36,-0.3568483897871372
0.36001953125,-0.19133337918844864
0.3600390625,-0.06844957623624143
0.36005859375,0.03379253469792481
0.360078125,0.17791592948268856
0.36009765625,0.2587760649281179
0.3601171875,0.15895047008400356
0.36013671875,-0.019859347103556635
0.36015625,-0.18168779143386288
0.36017578125,-0.3341719502243893
0.3601953125,-0.38368275311184286
0.36021484375,-0.3930013684172962
0.360234375,-0.46113578072842987
0.36025390625,-0.4382058532980586
0.3602734375,-0.36085268366820505
0.36029296875,-0.4094634346160857
0.3603125,-0.49335870008044447
0.36033203125,-0.38153393963970056
0.3603515625,-0.21306012403902375
0.36037109375,-0.19621243239495778
0.360390625,0.09370374108303868
0.36041015625,0.44487010119756076
0.3604296875,0.18328126443429413
0.36044921875,-0.11840942982636715
0.36046875,-0.05272345237831984
0.36048828125,0.04038712057886573
0.3605078125,-0.08539646016648074
0.36052734375,-0.4557285629067976
0.360546875,-0.5561423810450987
0.36056640625,-0.5123629545540567
0.3605859375,-0.6758363153861596
0.36060546875,-0.4940544913339054
0.360625,-0.13889767424826388
0.36064453125,-0.07337917021049152
0.3606640625,0.052241706640146005
0.36068359375,0.24367770530865843
0.360703125,0.24889468522687155
0.36072265625,0.09291296470826908
0.3607421875,-0.11387978946043405
0.36076171875,-0.3054657577928907
0.36078125,-0.4281777597487677
0.36080078125,-0.225316522019325
0.3608203125,0.04052060429905488
0.36083984375,-0.003021952735231864
0.360859375,-0.06878756538665264
0.36087890625,-0.2428132822502483
0.3608984375,-0.4536571804278737
0.36091796875,-0.3370245765578663
0.3609375,-0.2731131844763644
0.36095703125,-0.3909580257860814
0.3609765625,-0.4477411051024651
0.36099609375,-0.5273735560071472
0.361015625,-0.6637688846501437
0.36103515625,-0.8274442850071249
0.3610546875,-0.8416953373486543
0.36107421875,-0.813212304599581
0.36109375,-1.0827066322006242
0.36111328125,-1.1215566120717875
0.3611328125,-0.7689511672292637
0.36115234375,-0.602541235069586
0.361171875,-0.5614099731424878
0.36119140625,-0.5624182921102415
0.3612109375,-0.469745058301044
0.36123046875,-0.25991668490752406
0.36125,-0.3862129831310853
0.36126953125,-0.5780866525910711
0.3612890625,-0.49395264488498564
0.36130859375,-0.4626416130330099
0.361328125,-0.6147028141458415
0.36134765625,-0.6888017949802132
0.3613671875,-0.47924999562805
0.36138671875,-0.29481567030314837
0.36140625,-0.41902695166578263
0.36142578125,-0.5165849088567699
0.3614453125,-0.3712285795374995
0.36146484375,-0.1676211410738942
0.361484375,-0.044272999207654415
0.36150390625,0.037417033565674954
0.3615234375,0.06877636211545718
0.36154296875,-0.09036436556641408
0.3615625,-0.19754273001608585
0.36158203125,-0.22131522760546737
0.3616015625,-0.6470807778522576
0.36162109375,-1.0427713017462277
0.361640625,-0.7514106526954898
0.36166015625,-0.33294972850278665
0.3616796875,-0.35818427352032006
0.36169921875,-0.38172363782910296
0.36171875,-0.02164111531945284
0.36173828125,0.19976990017135418
0.3617578125,0.007521665503212116
0.36177734375,0.08576169530826222
0.361796875,0.4170013559032054
0.36181640625,0.22979753005817283
0.3618359375,-0.07082560667498372
0.36185546875,0.04248180750689477
0.361875,0.2016342690284978
0.36189453125,0.2590701710174611
0.3619140625,0.2618606958558417
0.36193359375,0.29333580951047045
0.361953125,0.29874142670753717
0.36197265625,0.13823580565551158
0.3619921875,0.02979999329316802
0.36201171875,0.025361034202011426
0.36203125,0.02701675779341079
0.36205078125,-0.04219565764116469
0.3620703125,-0.325196212311104
0.36208984375,-0.40302381022300204
0.362109375,-0.14978813518829684
0.36212890625,-0.24054213702069158
0.3621484375,-0.4706442246763441
0.36216796875,-0.3503575643853225
0.3621875,-0.11970761261787574
0.36220703125,0.046419781942889114
0.3622265625,0.001869317445898102
0.36224609375,-0.09277116621902333
0.362265625,-0.10137383155288694
0.36228515625,-0.3237929321057579
0.3623046875,-0.434896435425267
0.36232421875,-0.2108354760758115
0.36234375,-0.012133996677353147
0.36236328125,0.21782332656727807
0.3623828125,0.32842907818459244
0.36240234375,0.13784856703143444
0.362421875,0.11349578273666755
0.36244140625,0.28285749387866366
0.3624609375,0.4448102461818829
0.36248046875,0.5042658463748614
0.3625,0.14524466619945323
0.36251953125,-0.11787141179169426
0.3625390625,0.18578498238440416
0.36255859375,0.4577430552162119
0.362578125,0.47518541824035426
0.36259765625,0.39680629398912254
0.3626171875,0.2077985799312878
0.36263671875,0.1279459132698041
0.36265625,0.3274077047127066
0.36267578125,0.5165347698263036
0.3626953125,0.4833121159979001
0.36271484375,0.43960613369288526
0.362734375,0.42265019775901835
0.36275390625,0.29383916720633074
0.3627734375,0.17311837035572059
0.36279296875,0.246459801574775
0.3628125,0.34105185781123626
0.36283203125,0.21743052909656113
0.3628515625,-0.02175787606710758
0.36287109375,-0.2447621510418932
0.362890625,-0.18431407392684124
0.36291015625,0.04544215570302556
0.3629296875,0.008336158263105428
0.36294921875,0.03139530130482934
0.36296875,0.13704693316729902
0.36298828125,0.03769806397287717
0.3630078125,-0.042330834968761416
0.36302734375,-0.18683162888128133
0.363046875,-0.4331376077913388
0.36306640625,-0.6309562939345815
0.3630859375,-0.6399357277898571
0.36310546875,-0.31882007012155195
0.363125,-0.08076892261760085
0.36314453125,-0.02319682640935286
0.3631640625,0.18777849505992322
0.36318359375,0.548720771050826
0.363203125,0.7674026267527506
0.36322265625,0.4150175271008085
0.3632421875,-0.061151762910840596
0.36326171875,-0.24244603638029805
0.36328125,-0.3138123954470179
0.36330078125,0.003281990170426824
0.3633203125,0.23457762144160266
0.36333984375,-0.02522646135448975
0.363359375,-0.211004460298089
0.36337890625,-0.12003064593087949
0.3633984375,0.2876593732048802
0.36341796875,0.45381706792326254
0.3634375,0.11484799754762445
0.36345703125,0.12471173581370214
0.3634765625,0.39232613409118317
0.36349609375,0.5049743730955607
0.363515625,0.596227422951918
0.36353515625,0.4345431718424384
0.3635546875,0.2943772110152458
0.36357421875,0.3669703286151983
0.36359375,0.1753886954863848
0.36361328125,-0.08214862589339254
0.3636328125,-0.24449574708243893
0.36365234375,-0.4064998963440029
0.363671875,-0.5356852277372681
0.36369140625,-0.6407704253860556
0.3637109375,-0.4360815744701539
0.36373046875,-0.28579669171298194
0.36375,-0.44717121736289567
0.36376953125,-0.45679022658073937
0.3637890625,-0.4760337374247871
0.36380859375,-0.4685971141188665
0.363828125,-0.24618157203463265
0.36384765625,0.011358344495748698
0.3638671875,0.2644631563951201
0.36388671875,0.34300193331528417
0.36390625,0.48898061462181497
0.36392578125,0.6225035939978285
0.3639453125,0.2691235140999608
0.36396484375,0.05645692778581736
0.363984375,0.06580574399566834
0.36400390625,-0.07616154139572263
0.3640234375,0.037305138469196954
0.36404296875,0.16484677101379897
0.3640625,0.17568336038461502
0.36408203125,0.44022504657841366
0.3641015625,0.7097117854953893
0.36412109375,0.6258263928852907
0.364140625,0.223148301126756
0.36416015625,0.11754007245401743
0.3641796875,0.32757242191982705
0.36419921875,0.05911009131460798
0.36421875,-0.22122048289681373
0.36423828125,0.049963688738501384
0.3642578125,0.10397590318821678
0.36427734375,-0.28867116910886215
0.364296875,-0.42691167749808073
0.36431640625,-0.01873973623477103
0.3643359375,0.21286281152284287
0.36435546875,-0.22307964057511157
0.364375,-0.4278118691754048
0.36439453125,-0.07438615735907088
0.3644140625,0.07922240064563915
0.36443359375,0.06879953750149946
0.364453125,0.1534424040577949
0.36447265625,0.3334940220713045
0.3644921875,0.7742425817326574
0.36451171875,1.0405407276440548
0.36453125,0.9351398653654012
0.36455078125,0.9487946819543918
0.3645703125,0.8527174177598313
0.36458984375,0.615031963602886
0.364609375,0.7595051868822715
0.36462890625,0.946768294955487
0.3646484375,0.8448845353674175
0.36466796875,0.7865437350557736
0.3646875,0.8655442256151142
0.36470703125,0.8865661426522637
0.3647265625,0.6840286456791986
0.36474609375,0.4287824532224965
0.364765625,0.40779889569938554
0.36478515625,0.41347920629194296
0.3648046875,0.305031895695025
0.36482421875,0.25514181344730524
0.36484375,0.20585344758953214
0.36486328125,0.06739703577268352
0.3648828125,0.07808874157845326
0.36490234375,0.25495957262366475
0.364921875,0.21481915895212791
0.36494140625,0.07986933420450419
0.3649609375,-0.04527651657669629
0.36498046875,-0.3251940798297436
0.365,-0.31628354125751135
0.36501953125,0.05541233166602494
0.3650390625,0.2817247040015071
0.36505859375,0.356864526788149
0.365078125,0.47424920976329776
0.36509765625,0.48555317412625787
0.3651171875,0.19305472261029602
0.36513671875,-0.011091419496967486
0.36515625,0.1903536216526574
0.36517578125,0.1755208270233558
0.3651953125,-0.15311360063507903
0.36521484375,-0.1771626313072585
0.365234375,-0.009098005824094292
0.36525390625,0.056419987059294435
0.3652734375,-0.03130384801810684
0.36529296875,-0.07179561408874008
0.3653125,0.07803725246978252
0.36533203125,0.04210960646551938
0.3653515625,-0.043327662133994395
0.36537109375,0.027364354019178222
0.365390625,0.10686501729582444
0.36541015625,0.3642258009168414
0.3654296875,0.5352104873667641
0.36544921875,0.23336287738912223
0.36546875,-0.08099538654014914
0.36548828125,0.11256204646663161
0.3655078125,0.4060774629545062
0.36552734375,0.31424653442653383
0.365546875,0.2529204549725081
0.36556640625,0.4897056637059799
0.3655859375,0.6470495599197749
0.36560546875,0.6056935376126175
0.365625,0.555836843422612
0.36564453125,0.5793764716156025
0.3656640625,0.4591772019086383
0.36568359375,0.09985649113196075
0.365703125,-0.02546383641308826
0.36572265625,0.09413786071396187
0.3657421875,-0.033222231358766466
0.36576171875,-0.20619799743553324
0.36578125,-0.2708763935892853
0.36580078125,-0.46258183771642314
0.3658203125,-0.3451157152279066
0.36583984375,0.12438120308753595
0.365859375,0.190130977445169
0.36587890625,-0.07552758870703785
0.3658984375,-0.3005890426325752
0.36591796875,-0.2357096970605963
0.3659375,0.16662221659915213
0.36595703125,0.14697575119484382
0.3659765625,-0.14590981287584123
0.36599609375,0.0387747599127428
0.366015625,0.21657085727098693
0.36603515625,0.12890139317867946
0.3660546875,0.23968797492264854
0.36607421875,0.44010977967358456
0.36609375,0.43098503117218245
0.36611328125,0.2344345865208361
0.3661328125,0.06042321935508008
0.36615234375,0.08689072029024177
0.366171875,0.1358297588192184
0.36619140625,0.1826035763233524
0.3662109375,0.23651884537714166
0.36623046875,0.04909658999961725
0.36625,-0.02006224748789845
0.36626953125,0.3153764027055708
0.3662890625,0.42026157749324056
0.36630859375,0.06229549940558298
0.366328125,-0.1518474376868314
0.36634765625,-0.06803936405607047
0.3663671875,-0.070147746956891
0.36638671875,-0.06646760937570882
0.36640625,0.022096429925741304
0.36642578125,-0.042202594975474725
0.3664453125,0.008297692561576836
0.36646484375,0.23184829800245443
0.366484375,0.31755748532092626
0.36650390625,0.24798051089696502
0.3665234375,0.035896895553131504
0.36654296875,-0.00889629899802441
0.3665625,0.18547907114152914
0.36658203125,0.2345313936544493
0.3666015625,0.19788691676249082
0.36662109375,0.2634620997353636
0.366640625,0.5343219500967409
0.36666015625,0.7058701723893037
0.3666796875,0.22647576404658581
0.36669921875,-0.20928244265437995
0.36671875,0.20574917208172466
0.36673828125,0.7669685728533454
0.3667578125,0.747741909089765
0.36677734375,0.3476770901395034
0.366796875,0.023493074372181642
0.36681640625,-0.16689555503120881
0.3668359375,-0.15918905054130142
0.36685546875,0.09907461605564849
0.366875,-0.11522655511683996
0.36689453125,-0.4953662166474293
0.3669140625,-0.31936268072645896
0.36693359375,-0.3590718427288088
0.366953125,-0.5782614871141173
0.36697265625,-0.5772564802862009
0.3669921875,-0.5905466183644698
0.36701171875,-0.4647247795406959
0.36703125,-0.3877496347003041
0.36705078125,-0.37740053833565274
0.3670703125,-0.39162719289138137
0.36708984375,-0.5664400369599211
0.367109375,-0.5597569441580195
0.36712890625,-0.4581365664076743
0.3671484375,-0.28223800239151864
0.36716796875,-0.028343065862174784
0.3671875,-0.054179531410129905
0.36720703125,0.11032603599144443
0.3672265625,0.34178163869299605
0.36724609375,0.1321439004705014
0.367265625,0.06027137722381583
0.36728515625,-0.07272985360568104
0.3673046875,-0.23821409626610926
0.36732421875,0.03648636810895811
0.36734375,-0.02244127763892982
0.36736328125,-0.2596716009481357
0.3673828125,-0.2228549482709083
0.36740234375,-0.2581491329443193
0.367421875,-0.07566411925709575
0.36744140625,0.2254848746810177
0.3674609375,0.1676257264368069
0.36748046875,-0.21394930183391547
0.3675,-0.44128898142500755
0.36751953125,-0.09338049378473512
0.3675390625,0.09615741541107585
0.36755859375,-0.3218430107763534
0.367578125,-0.5251589957597588
0.36759765625,-0.38868020823051114
0.3676171875,-0.3871220718598646
0.36763671875,-0.44623346075370557
0.36765625,-0.43121787350552054
0.36767578125,-0.4052574322879533
0.3676953125,-0.4834611771888242
0.36771484375,-0.5545822157617454
0.367734375,-0.5444422769544998
0.36775390625,-0.7293527244843798
0.3677734375,-0.8312200371472598
0.36779296875,-0.5742590342959738
0.3678125,-0.40698274317531535
0.36783203125,-0.32048037658363776
0.3678515625,-0.17129561637960902
0.36787109375,-0.18711115163110742
0.367890625,-0.35540178979644244
0.36791015625,-0.40739148507577044
0.3679296875,-0.09155560046361229
0.36794921875,-0.08739023806302218
0.36796875,-0.6510103383013289
0.36798828125,-0.4347164330232771
0.3680078125,0.14785621590644396
0.36802734375,-0.1375253557930599
0.368046875,-0.2988673159838699
0.36806640625,-0.01689218291010791
0.3680859375,0.059819538002728795
0.36810546875,0.0857657441177374
0.368125,0.07351961391063716
0.36814453125,0.14237268301799186
0.3681640625,0.16425526502002447
0.36818359375,-0.08272710716873383
0.368203125,-0.1121646818386653
0.36822265625,-0.1399490467457417
0.3682421875,-0.42473912583902945
0.36826171875,-0.3717691486799027
0.36828125,-0.22286529452922316
0.36830078125,-0.46373883416970296
0.3683203125,-0.5177078126231094
0.36833984375,-0.34070990230030945
0.368359375,-0.44347415107038896
0.36837890625,-0.4970961189503478
0.3683984375,-0.39021027218982
0.36841796875,-0.28122220121394487
0.3684375,-0.16726180651791964
0.36845703125,-0.34412778945130673
0.3684765625,-0.5369716355082759
0.36849609375,-0.2891613447874053
0.368515625,0.25251229559524235
0.36853515625,0.578397814704787
0.3685546875,0.3420735899134635
0.36857421875,0.16952465352105742
0.36859375,0.28380749842498854
0.36861328125,0.17964897660135576
0.3686328125,0.09856596711434049
0.36865234375,0.13775540704203196
0.368671875,0.020129346242878488
0.36869140625,-0.06702254631308455
0.3687109375,0.07820348528177715
0.36873046875,0.20268092267156285
0.36875,-0.03283785693798422
0.36876953125,-0.26203882439989046
0.3687890625,-0.05204363723190278
0.36880859375,-0.0370747361245342
0.368828125,-0.5242410353269676
0.36884765625,-0.6881124991031483
0.3688671875,-0.4256819770472658
0.36888671875,-0.33091465256016384
0.36890625,-0.6551343969490111
0.36892578125,-1.070476821052139
0.3689453125,-0.952772832244509
0.36896484375,-0.7743500913519401
0.368984375,-0.8548047387318187
0.36900390625,-0.6654160958826947
0.3690234375,-0.6662228654002464
0.36904296875,-0.9046830109277263
0.3690625,-0.6914296152952836
0.36908203125,-0.5152187913658197
0.3691015625,-0.6500457998106889
0.36912109375,-0.6069790700165868
0.369140625,-0.5091957207104076
0.36916015625,-0.36285274951154367
0.3691796875,-0.12680418904333443
0.36919921875,-0.1287039949362112
0.36921875,-0.11938519586773236
0.36923828125,-0.12440112441731661
0.3692578125,-0.2628379652405944
0.36927734375,-0.043180261293645494
0.369296875,0.14724180982159485
0.36931640625,-0.051374963344423735
0.3693359375,-0.31450508069369965
0.36935546875,-0.5322799013057739
0.369375,-0.35211547161899287
0.36939453125,-0.06526453202272786
0.3694140625,-0.27092109753707383
0.36943359375,-0.5602069553992401
0.369453125,-0.5496474816941819
0.36947265625,-0.2957073893814762
0.3694921875,-0.24446924641394058
0.36951171875,-0.6188948464359574
0.36953125,-0.7975308746034382
0.36955078125,-0.7471880196506404
0.3695703125,-0.7586784569365222
0.36958984375,-0.4570152618442979
0.369609375,0.03613001877211589
0.36962890625,0.23610357821206984
0.3696484375,0.18115066576541833
0.36966796875,0.0730374441160674
0.3696875,0.27447524780910243
0.36970703125,0.5755608712810941
0.3697265625,0.23141123419101164
0.36974609375,-0.10868967690318351
0.369765625,0.08411246861553745
0.36978515625,-0.016156055824501886
0.3698046875,-0.24577840546588317
0.36982421875,-0.09388760365032403
0.36984375,0.065348291406712
0.36986328125,0.11774779121145834
0.3698828125,0.16277725670029253
0.36990234375,0.21789319360482606
0.369921875,0.20465510753630872
0.36994140625,-0.049697076429527524
0.3699609375,-0.18393327578434915
0.36998046875,-0.012188802691669014
0.37,-0.008089098571164442
0.37001953125,-0.12094793332588921
0.3700390625,-0.008870302301499641
0.37005859375,0.15363868565716804
0.370078125,0.29831976573615104
0.37009765625,0.4821079625406089
0.3701171875,0.26984181824776066
0.37013671875,-0.18749977560892403
0.37015625,0.04567573691594923
0.37017578125,0.47180983238267593
0.3701953125,0.12800641468828183
0.37021484375,-0.12895154413969462
0.370234375,0.14814977978383667
0.37025390625,0.16175727193686504
0.3702734375,-0.03702770596151015
0.37029296875,-0.18766896663011323
0.3703125,-0.31582434731816467
0.37033203125,-0.16489668965254847
0.3703515625,0.12411263991321447
0.37037109375,0.19114196043894033
0.370390625,0.181475844255524
0.37041015625,0.35476597785793507
0.3704296875,0.47149126998854524
0.37044921875,0.3947736251151284
0.37046875,0.3152753533878291
0.37048828125,0.26419093254009257
0.3705078125,0.2995568813212256
0.37052734375,0.34370520022372963
0.370546875,0.43640279066825677
0.37056640625,0.4691234355318873
0.3705859375,0.3552436107060957
0.37060546875,0.6896754847149369
0.370625,1.001083389714213
0.37064453125,0.7641967453465943
0.3706640625,0.7953394335727116
0.37068359375,0.9937647700930691
0.370703125,0.7078986671040419
0.37072265625,0.2434491612224296
0.3707421875,0.2397744712865954
0.37076171875,0.5904255265390933
0.37078125,0.5445220189115075
0.37080078125,0.11022021820006789
0.3708203125,-0.14690688457766282
0.37083984375,-0.18192968241444676
0.370859375,-0.04921250487110973
0.37087890625,0.22574412055379162
0.3708984375,0.29951612504662567
0.37091796875,0.19666704587030254
0.3709375,0.337476802163578
0.37095703125,0.5584838862010744
0.3709765625,0.2801883626235981
0.37099609375,-0.247207883125173
0.371015625,-0.30971986897240467
0.37103515625,-0.15650968628048664
0.3710546875,-0.032266219522789484
0.37107421875,0.13270657707190908
0.37109375,-0.05911270651337992
0.37111328125,-0.3173474996820616
0.3711328125,-0.1546084942963508
0.37115234375,0.03911224802437574
0.371171875,-0.10832811964090057
0.37119140625,-0.3930907297806937
0.3712109375,-0.193304162216832
0.37123046875,0.3827523505834176
0.37125,0.465938741689422
0.37126953125,0.2874804171397135
0.3712890625,0.4009489159672255
0.37130859375,0.4526567400339721
0.371328125,0.3693326920658359
0.37134765625,0.3664707251172129
0.3713671875,0.46535878590937235
0.37138671875,0.5894649132580703
0.37140625,0.6168362285231506
0.37142578125,0.7179245046956957
0.3714453125,0.9475947822602513
0.37146484375,1.0067946326933297
0.371484375,0.6571422011154423
0.37150390625,0.1524739756244738
0.3715234375,0.04462730205654253
0.37154296875,0.2643394765448125
0.3715625,0.2857366465459819
0.37158203125,0.0724176305242824
0.3716015625,-0.021893410288004837
0.37162109375,-0.028571571393075885
0.371640625,0.06362919842445629
0.37166015625,0.13778320700385166
0.3716796875,-0.30961522224584503
0.37169921875,-0.6501366026064692
0.37171875,-0.5718233881765293
0.37173828125,-0.7257239581596044
0.3717578125,-0.645829496662125
0.37177734375,-0.43593299578564915
0.371796875,-0.5064291759024003
0.37181640625,-0.1948792486256483
0.3718359375,0.18742510986548236
0.37185546875,0.3702093044038387
0.371875,0.4295569111098339
0.37189453125,0.12049068507036205
0.3719140625,0.10392177572055133
0.37193359375,0.1189226193036545
0.371953125,-0.2782715319963626
0.37197265625,-0.21993410498196717
0.3719921875,0.06779658464631941
0.37201171875,0.06660559947608699
0.37203125,0.019166585857003038
0.37205078125,-0.0731497015059559
0.3720703125,-0.0639559468507649
0.37208984375,0.16238370487959358
0.372109375,0.2993015555334584
0.37212890625,0.20926750873723377
0.3721484375,0.26274996872399403
0.37216796875,0.5937415561520233
0.3721875,0.7584343743988393
0.37220703125,0.6647771861794531
0.3722265625,0.44373115512518607
0.37224609375,0.0776747711655883
0.372265625,-0.1303591555714472
0.37228515625,-0.033181989964282343
0.3723046875,0.00010166556359713155
0.37232421875,-0.11650611917164277
0.37234375,0.02564765838532733
0.37236328125,0.4612121667073532
0.3723828125,0.6527706363771644
0.37240234375,0.5108961610182425
0.372421875,0.5132277390322986
0.37244140625,0.6292480826146711
0.3724609375,0.5984469949123645
0.37248046875,0.5542046231498459
0.3725,0.5538177447497455
0.37251953125,0.44366569746799484
0.3725390625,0.1486262392074538
0.37255859375,-0.00963471608551814
0.372578125,0.08414387994966772
0.37259765625,0.23772502887216354
0.3726171875,0.5590032148451869
0.37263671875,0.7712303789978755
0.37265625,0.6700763231337689
0.37267578125,0.634175519975555
0.3726953125,0.8066166223327351
0.37271484375,0.9230707822571309
0.372734375,0.6931834535833518
0.37275390625,0.5820507989358867
0.3727734375,0.9320331011108705
0.37279296875,1.0254060365364122
0.3728125,0.7156523256271918
0.37283203125,0.6421714060933833
0.3728515625,0.789693750267654
0.37287109375,0.7196406106638182
0.372890625,0.5168296485325973
0.37291015625,0.4830377343432738
0.3729296875,0.49695773385788844
0.37294921875,0.34896733033304944
0.37296875,0.05567424568684556
0.37298828125,-0.1474642815968851
0.3730078125,-0.16099219328823067
0.37302734375,-0.24640023727293964
0.373046875,-0.30694465334563126
0.37306640625,-0.3121070624507236
0.3730859375,-0.37364399264408754
0.37310546875,-0.19023883207147776
0.373125,0.01207608004010937
0.37314453125,-0.0537772402083889
0.3731640625,-0.22944119967759688
0.37318359375,-0.24230808534839898
0.373203125,0.03290765368590374
0.37322265625,0.11881696252866457
0.3732421875,0.14252226875808044
0.37326171875,0.2877127639691924
0.37328125,0.20432834957289436
0.37330078125,0.32021226148366455
0.3733203125,0.4707970137499316
0.37333984375,0.25181873907599395
0.373359375,0.2051176454491381
0.37337890625,0.23695637904981715
0.3733984375,0.1480163059334385
0.37341796875,-0.006635008330357461
0.3734375,-0.2273229265240691
0.37345703125,-0.027708421604710688
0.3734765625,0.27229770528167574
0.37349609375,0.215586922537637
0.373515625,0.40957122107937294
0.37353515625,0.7712111254825161
0.3735546875,0.7851196768431632
0.37357421875,0.6691014725246758
0.37359375,0.6754650426015993
0.37361328125,0.6796225330685699
0.3736328125,0.34213389303941666
0.37365234375,-0.09715192076872586
0.373671875,-0.09300883672204546
0.37369140625,-0.03793402790798904
0.3737109375,-0.23071455597626958
0.37373046875,-0.33095126922625306
0.37375,-0.22106043921361748
0.37376953125,0.06611346527140663
0.3737890625,0.1741078163306022
0.37380859375,-0.055923767351307774
0.373828125,-0.24205156857550725
0.37384765625,-0.307240826777289
0.3738671875,-0.27841764222281645
0.37388671875,-0.24436830183309016
0.37390625,-0.33274340399320124
0.37392578125,-0.3663225949474311
0.3739453125,-0.33024375592519384
0.37396484375,-0.1188375610549224
0.373984375,0.12172477420752977
0.37400390625,0.05782396800931385
0.3740234375,0.21268205717482874
0.37404296875,0.4651677815826274
0.3740625,0.2678229611170192
0.37408203125,0.16794019630559698
0.3741015625,0.2937382251732036
0.37412109375,0.24588311030752624
0.374140625,-0.03633724098955862
0.37416015625,-0.4376676035416922
0.3741796875,-0.55277672073441
0.37419921875,-0.403140793293553
0.37421875,-0.24626381705957925
0.37423828125,0.028388572415728446
0.3742578125,0.1478058328578376
0.37427734375,-0.014224906926440198
0.374296875,-0.014365435030217664
0.37431640625,0.2034843147798331
0.3743359375,0.2898732220518675
0.37435546875,0.07256151945857128
0.374375,-0.08591846437431652
0.37439453125,0.023146036507853227
0.3744140625,0.04555613742078899
0.37443359375,0.10110034189374012
0.374453125,0.23179174201081587
0.37447265625,0.10371129138570327
0.3744921875,-0.025120638670804038
0.37451171875,0.001041642821676179
0.37453125,0.05534240990933262
0.37455078125,0.033315845767820707
0.3745703125,-0.0010222761130367491
0.37458984375,0.3951991071766627
0.374609375,0.7296132659622656
0.37462890625,0.4045091409138235
0.3746484375,0.24186579776306275
0.37466796875,0.3853627904736013
0.3746875,0.2982937182167309
0.37470703125,0.2961090371650439
0.3747265625,0.4250173313312226
0.37474609375,0.4561204303871892
0.374765625,0.22444575052360527
0.37478515625,-0.24701652563576992
0.3748046875,-0.3193376411304416
0.37482421875,-0.17904798249729612
0.37484375,-0.32463751193580903
0.37486328125,-0.3434969952205905
0.3748828125,-0.13973020124044383
0.37490234375,0.03540171172912569
0.374921875,0.002054908511208098
0.37494140625,-0.005062935521754908
0.3749609375,0.1825986477320956
0.37498046875,-0.13508183037375662
0.375,-0.5768025937986685
0.37501953125,-0.4662905211965118
0.3750390625,-0.4524821660164396
0.37505859375,-0.4747918436793086
0.375078125,-0.2664875410599075
0.37509765625,-0.18296597178154295
0.3751171875,-0.23472014531430058
0.37513671875,-0.3672968758285759
0.37515625,-0.23337621417800342
0.37517578125,0.138232745211058
0.3751953125,0.004798516707871778
0.37521484375,-0.37096057479412736
0.375234375,-0.4756097989692135
0.37525390625,-0.40411680579568765
0.3752734375,-0.11023596813770951
0.37529296875,-0.023692499432223388
0.3753125,-0.1781799648524216
0.37533203125,-0.018128320053923654
0.3753515625,0.12858579519897384
0.37537109375,0.13936164674228457
0.375390625,0.04591356514162656
0.37541015625,-0.3340249812087811
0.3754296875,-0.5013996062811104
0.37544921875,-0.34580835127819726
0.37546875,-0.3150621098619196
0.37548828125,-0.3931606445275072
0.3755078125,-0.208026706623802
0.37552734375,0.08998137866735986
0.375546875,-0.06740523178886344
0.37556640625,-0.3674037960579999
0.3755859375,-0.39956220496317707
0.37560546875,-0.5914910086550261
0.375625,-0.768840425242167
0.37564453125,-0.5332981961485487
0.3756640625,-0.4698853434073894
0.37568359375,-0.6898802069938368
0.375703125,-0.7292563296240647
0.37572265625,-0.6212490371937418
0.3757421875,-0.3089256043259982
0.37576171875,-0.0024152310377001593
0.37578125,-0.2401318388177174
0.37580078125,-0.7018941036477839
0.3758203125,-0.7764006812851104
0.37583984375,-0.4770105814830107
0.375859375,-0.215204114313567
0.37587890625,-0.38359399135632277
0.3758984375,-0.5815540370003973
0.37591796875,-0.3649603146674162
0.3759375,-0.3316749444871332
0.37595703125,-0.5555581217978882
0.3759765625,-0.42159636905016984
0.37599609375,-0.18640434432417421
0.376015625,-0.41958387298818084
0.37603515625,-0.684807563297963
0.3760546875,-0.36451292217385955
0.37607421875,-0.14284952804822104
0.37609375,-0.407206337683082
0.37611328125,-0.6643644614275763
0.3761328125,-0.8026301837535921
0.37615234375,-0.6254659874532414
0.376171875,-0.45483677979838
0.37619140625,-0.47419758072401985
0.3762109375,-0.19432054872965732
0.37623046875,-0.08891225359005302
0.37625,-0.29948996481271417
0.37626953125,-0.3539471202979064
0.3762890625,-0.28170684378802224
0.37630859375,-0.18428680961939453
0.376328125,-0.3179831834436656
0.37634765625,-0.48351695822522023
0.3763671875,-0.3259949927951981
0.37638671875,-0.031377032784718754
0.37640625,0.09322224251648575
0.37642578125,-0.2707635179372744
0.3764453125,-0.6509816518161532
0.37646484375,-0.47324186947498625
0.376484375,-0.13844337718150845
0.37650390625,0.05144477806812081
0.3765234375,0.050916604066852195
0.37654296875,-0.06723673658098725
0.3765625,-0.10777455469378806
0.37658203125,-0.1680766898531023
0.3766015625,-0.14273685249591372
0.37662109375,-0.06345823945381587
0.376640625,-0.188873234542534
0.37666015625,-0.175622377861062
0.3766796875,-0.037042753259017215
0.37669921875,-0.03786123638021785
0.37671875,0.03251719431116026
0.37673828125,-0.0290910238905754
0.3767578125,-0.13924636541832375
0.37677734375,-0.0589656835449934
0.376796875,-0.1667489163848636
0.37681640625,-0.10504641011467825
0.3768359375,0.0878635121864301
0.37685546875,-0.2968495113814312
0.376875,-0.599344380921784
0.37689453125,-0.6205479533090534
0.3769140625,-0.7362296958979055
0.37693359375,-0.7013240426184468
0.376953125,-1.0106090827074572
0.37697265625,-1.4425717288554396
0.3769921875,-1.2979891700103552
0.37701171875,-1.1297794972378568
0.37703125,-1.1145851723578846
0.37705078125,-1.0724062164750456
0.3770703125,-0.9893743650357204
0.37708984375,-0.7617847559807387
0.377109375,-0.8228268594594681
0.37712890625,-1.1018694898942856
0.3771484375,-0.7882540403269546
0.37716796875,-0.298905149565145
0.3771875,-0.41395225261423496
0.37720703125,-0.6208711431608364
0.3772265625,-0.4831859029884643
0.37724609375,-0.25014204002702395
0.377265625,-0.10819213819754248
0.37728515625,-0.10906605464834075
0.3773046875,-0.2382670009284507
0.37732421875,-0.33998820885708625
0.37734375,-0.21781206066702907
0.37736328125,-0.06275304553775238
0.3773828125,-0.03722469277987091
0.37740234375,0.023130716074683495
0.377421875,-0.18654322805411938
0.37744140625,-0.7037905494478226
0.3774609375,-0.6969930329561683
0.37748046875,-0.33700496372869604
0.3775,-0.5294111140343954
0.37751953125,-0.8230411498995723
0.3775390625,-0.6482017912394643
0.37755859375,-0.5454746940074466
0.377578125,-0.6013770219432617
0.37759765625,-0.46501464613656984
0.3776171875,-0.31802431087648286
0.37763671875,-0.2601757529417501
0.37765625,-0.23885106056332922
0.37767578125,-0.1327093178626325
0.3776953125,0.00339068545791453
0.37771484375,-0.2142923111305804
0.377734375,-0.2537372247714962
0.37775390625,0.03774879513714282
0.3777734375,-0.24853298483845865
0.37779296875,-0.5910304991436713
0.3778125,-0.2531390921801089
0.37783203125,0.1611002980634283
0.3778515625,0.23588633025230377
0.37787109375,0.1819244129830621
0.377890625,0.22758653484778407
0.37791015625,0.19322631008773136
0.3779296875,0.16063292150759256
0.37794921875,0.36217683994127414
0.37796875,0.31621935598675444
0.37798828125,0.14112290029511598
0.3780078125,0.31934980032493343
0.37802734375,0.23991579815167452
0.378046875,-0.22939086165841172
0.37806640625,-0.40206854088979893
0.3780859375,-0.32216328901402413
0.37810546875,-0.2792939486740115
0.378125,-0.39645202851412653
0.37814453125,-0.6649324808272368
0.3781640625,-0.674387323477979
0.37818359375,-0.4055556937997042
0.378203125,-0.201403204653895
0.37822265625,-0.14059566943823804
0.3782421875,-0.22317040920951645
0.37826171875,-0.2216881149646179
0.37828125,-0.06331819379586831
0.37830078125,0.038114047751515855
0.3783203125,0.11088602259293594
0.37833984375,0.14406215406648926
0.378359375,0.3083537914796115
0.37837890625,0.5950666369533217
0.3783984375,0.5900234447235098
0.37841796875,0.4686140179088521
0.3784375,0.28337567630351246
0.37845703125,0.12130578062659943
0.3784765625,0.3425744999140996
0.37849609375,0.3116034836454888
0.378515625,-0.06397194626179398
0.37853515625,-0.022674349195284133
0.3785546875,0.21111467852852894
0.37857421875,0.2637210208564233
0.37859375,0.2334353563866749
0.37861328125,0.2844328825239069
0.3786328125,0.5311059109472878
0.37865234375,0.7105305259097381
0.378671875,0.5707981869383725
0.37869140625,0.2854264059133693
0.3787109375,0.2022939570757186
0.37873046875,0.21437224101206265
0.37875,0.012175902010496334
0.37876953125,-0.043768711528618484
0.3787890625,0.17450888856223817
0.37880859375,0.25579550314548427
0.378828125,0.17295773638750447
0.37884765625,-0.00011969351717121962
0.3788671875,0.02173220995390858
0.37888671875,0.24862169744108276
0.37890625,0.0705437870183071
0.37892578125,-0.0945101059387495
0.3789453125,0.06091412061615277
0.37896484375,-0.017698304184625775
0.378984375,-0.036286558601963906
0.37900390625,-0.10484393202649332
0.3790234375,-0.2622451981156939
0.37904296875,0.12539858770599754
0.3790625,0.4037428638219848
0.37908203125,0.2275155370351844
0.3791015625,0.01398529430397116
0.37912109375,-0.0800640280278935
0.379140625,0.1504859412992623
0.37916015625,0.24981962719031137
0.3791796875,0.18396887674908968
0.37919921875,0.350015463138762
0.37921875,0.40321394028463997
0.37923828125,0.26420105323425624
0.3792578125,0.04349035984011241
0.37927734375,-0.02764667456583423
0.379296875,0.19083131762925512
0.37931640625,0.21633274410746742
0.3793359375,0.28269496454650567
0.37935546875,0.5718865693176534
0.379375,0.3097492666626742
0.37939453125,-0.10953419192373763
0.3794140625,0.05528107520408311
0.37943359375,0.18794828785423912
0.379453125,0.0706434465217168
0.37947265625,0.00025843750322330095
0.3794921875,-0.05071164133977063
0.37951171875,0.0715288101054434
0.37953125,0.2781489216095093
0.37955078125,0.316013147662711
0.3795703125,0.29019074002673206
0.37958984375,0.2787903361484719
0.379609375,0.10142926765184232
0.37962890625,-0.14365508443071007
0.3796484375,-0.16143551982256946
0.37966796875,-0.18007936856101137
0.3796875,-0.4214831786559272
0.37970703125,-0.6255658646129022
0.3797265625,-0.4484313137071433
0.37974609375,-0.1276474290515375
0.379765625,-0.2247126247219467
0.37978515625,-0.40314357504987863
0.3798046875,-0.24792756422270315
0.37982421875,0.003189324446760275
0.37984375,0.14424774024493406
0.37986328125,-0.08234866297604967
0.3798828125,-0.4305193861105724
0.37990234375,-0.4034460964012631
0.379921875,-0.18457540730777522
0.37994140625,0.09632861560360685
0.3799609375,0.39688311325686565
0.37998046875,0.41905472258477405
0.38,0.23578401169683422
0.38001953125,0.17433952374392497
0.3800390625,0.19077772516125396
0.38005859375,0.1557879876868072
0.380078125,0.16208942331308007
0.38009765625,0.21073897033920708
0.3801171875,0.2661114025699356
0.38013671875,0.28394726666816195
0.38015625,0.08376963067949511
0.38017578125,-0.17790348870423472
0.3801953125,-0.16842960292009024
0.38021484375,-0.019910009394711145
0.380234375,0.07445173218910367
0.38025390625,-0.09968201133260866
0.3802734375,-0.27587369658930333
0.38029296875,0.3006087987119277
0.3803125,0.9024429634627239
0.38033203125,0.7904678757520801
0.3803515625,0.5252846273686047
0.38037109375,0.28035082351822005
0.380390625,0.31264411230565947
0.38041015625,0.42247809922356405
0.3804296875,0.03997110637486667
0.38044921875,-0.18143555101080558
0.38046875,0.1317163494608608
0.38048828125,0.5251550385448295
0.3805078125,0.8106493411456707
0.38052734375,0.985525898171016
0.380546875,0.9464422795054168
0.38056640625,0.8834333111408877
0.3805859375,1.0243123163150316
0.38060546875,0.990352765664072
0.380625,0.8174175219368793
0.38064453125,0.7341050268022218
0.3806640625,0.6314825120289159
0.38068359375,0.6866752343913709
0.380703125,0.6814339662608796
0.38072265625,0.5077032085881251
0.3807421875,0.4513038747693212
0.38076171875,0.3680675289850692
0.38078125,0.3519393796064644
0.38080078125,0.4067163100062403
0.3808203125,0.4010620893253517
0.38083984375,0.46917709797636287
0.380859375,0.3713239777530689
0.38087890625,0.32456942254986787
0.3808984375,0.5488782066087764
0.38091796875,0.5768659484277666
0.3809375,0.472218645793736
0.38095703125,0.40264181104091534
0.3809765625,0.34317536639730356
0.38099609375,0.269912532018472
0.381015625,0.03965698832423787
0.38103515625,-0.08038301245814763
0.3810546875,-0.009369973261956273
0.38107421875,0.014882120110405975
0.38109375,0.08289030220543747
0.38111328125,0.055832459914176506
0.3811328125,-0.05218078238368566
0.38115234375,0.10153797571730615
0.381171875,0.2138856716594331
0.38119140625,-0.016597372356809095
0.3812109375,-0.2575391271772843
0.38123046875,-0.17714519375991172
0.38125,-0.06124130939263461
0.38126953125,-0.2185865175737469
0.3812890625,-0.14951609104225405
0.38130859375,0.21531406152206128
0.381328125,0.3058763670721995
0.38134765625,0.38301385059505777
0.3813671875,0.6988386147408645
0.38138671875,0.7864121728292857
0.38140625,0.7935272630930773
0.38142578125,0.8520544529075224
0.3814453125,0.6622971577066847
0.38146484375,0.6264851535868563
0.381484375,0.7017471372051547
0.38150390625,0.4899551269942548
0.3815234375,0.35601444018765716
0.38154296875,0.38242924560714453
0.3815625,0.3364505929976706
0.38158203125,0.21124424752837068
0.3816015625,0.02331604845392529
0.38162109375,-0.08936702175167813
0.381640625,-0.11725522496773472
0.38166015625,-0.3949731685981301
0.3816796875,-0.6671664969686992
0.38169921875,-0.3739598997641389
0.38171875,-0.025907031460596402
0.38173828125,-0.13778892350737654
0.3817578125,-0.3659492586191795
0.38177734375,-0.4921666159495146
0.381796875,-0.38048693772185693
0.38181640625,-0.11409870257728026
0.3818359375,-0.2003012790167467
0.38185546875,-0.3655601528654279
0.381875,-0.1102388106754516
0.38189453125,0.2880951306418149
0.3819140625,0.5211808338028832
0.38193359375,0.32118894317973956
0.381953125,-0.040120077157666106
0.38197265625,-0.0418919760044239
0.3819921875,0.011223502674069206
0.38201171875,-0.040990972052968776
0.38203125,-0.09449780395246532
0.38205078125,-0.10651452313715777
0.3820703125,-0.01127258296585962
0.38208984375,-0.00886131594171102
0.382109375,-0.10393080140456559
0.38212890625,-0.26797421205179506
0.3821484375,-0.32680616612219854
0.38216796875,-0.06927841276414666
0.3821875,0.009017956253358009
0.38220703125,-0.21791833549755935
0.3822265625,-0.3094118455078101
0.38224609375,-0.22184529278136061
0.382265625,-0.11889621483487342
0.38228515625,-0.06724445658305553
0.3823046875,-0.030523861319160798
0.38232421875,0.007118853023076476
0.38234375,0.012004207707515476
0.38236328125,-0.09262362479773047
0.3823828125,-0.25095833366784814
0.38240234375,-0.37983766959686427
0.382421875,-0.4235544416448174
0.38244140625,-0.0669972994043205
0.3824609375,0.2746566213910335
0.38248046875,0.09347731576868121
0.3825,-0.04725002249005078
0.38251953125,0.06793876177652765
0.3825390625,0.2474103520154738
0.38255859375,0.2439664380016272
0.382578125,0.1298943477924897
0.38259765625,0.5855893631240876
0.3826171875,1.0611697218772218
0.38263671875,0.8231920683142776
0.38265625,0.5948193578575297
0.38267578125,0.546667161231882
0.3826953125,0.29137222061869245
0.38271484375,0.06808328239545142
0.382734375,0.0567038793750941
0.38275390625,0.15273475524044597
0.3827734375,0.1708550138930661
0.38279296875,0.2901449816960113
0.3828125,0.6546543915154707
0.38283203125,0.7312981293304633
0.3828515625,0.5249639322802433
0.38287109375,0.5427532764352008
0.382890625,0.5426901108494041
0.38291015625,0.24873401719207414
0.3829296875,0.03574693337761587
0.38294921875,-0.04357789267025344
0.38296875,-0.3968352301432221
0.38298828125,-0.7421488477076168
0.3830078125,-0.5413105152502088
0.38302734375,-0.3283522212410959
0.383046875,-0.42781543024003266
0.38306640625,-0.3098998293468489
0.3830859375,-0.113409834177477
0.38310546875,0.01284642589170635
0.383125,0.08995675267167365
0.38314453125,-0.05316985188258678
0.3831640625,-0.1640967198895321
0.38318359375,-0.3402460091787995
0.383203125,-0.3617632285134076
0.38322265625,0.041840078329705446
0.3832421875,0.025807689311814146
0.38326171875,-0.2207599807539887
0.38328125,-0.08755546979154472
0.38330078125,-0.14772913360932727
0.3833203125,-0.38234236954756995
0.38333984375,-0.39754071996250806
0.383359375,-0.17019762235311392
0.38337890625,0.1399576506655842
0.3833984375,0.10473192923251032
0.38341796875,0.12884674241277833
0.3834375,0.39532810939301605
0.38345703125,0.2818401842600789
0.3834765625,0.2856908654998565
0.38349609375,0.43883116339507755
0.383515625,0.06297020141497
0.38353515625,-0.21219925430132505
0.3835546875,-0.19955343831378725
0.38357421875,-0.33879992577472184
0.38359375,-0.43821841781931636
0.38361328125,-0.42232437837296616
0.3836328125,-0.40246059877161133
0.38365234375,-0.5588200558612346
0.383671875,-0.5669644274900059
0.38369140625,-0.20705160767467665
0.3837109375,-0.28074482963386127
0.38373046875,-0.5895070646545997
0.38375,-0.3516284822247371
0.38376953125,-0.06493214636657796
0.3837890625,-0.19186875381681473
0.38380859375,-0.34447973185593994
0.383828125,-0.270784647957105
0.38384765625,-0.21172408934559772
0.3838671875,-0.14170369686022963
0.38388671875,-0.10902146419675873
0.38390625,-0.45257882330597876
0.38392578125,-0.6954843821297032
0.3839453125,-0.6173671575574562
0.38396484375,-0.6250776359342551
0.383984375,-0.5132970173583534
0.38400390625,-0.27509692435417904
0.3840234375,-0.05164792248598766
0.38404296875,0.13565034121548866
0.3840625,0.11623299753670527
0.38408203125,0.18225901901283267
0.3841015625,0.23251846327318196
0.38412109375,-0.09111023153181587
0.384140625,-0.379484619690899
0.38416015625,-0.415926203708082
0.3841796875,-0.41558575117414753
0.38419921875,-0.47557494074961304
0.38421875,-0.5277562406221307
0.38423828125,-0.4609799417285626
0.3842578125,-0.41181821333954566
0.38427734375,-0.5741362398238014
0.384296875,-0.7865801162057691
0.38431640625,-0.6903915645111272
0.3843359375,-0.2279010805579677
0.38435546875,0.10402134624968827
0.384375,-0.18982268173594324
0.38439453125,-0.6008960446088089
0.3844140625,-0.3276358849847029
0.38443359375,0.28818588398592615
0.384453125,0.3030843581309352
0.38447265625,-0.19923394150215507
0.3844921875,-0.2443017271209006
0.38451171875,-0.0264649529709478
0.38453125,-0.10375139957561966
0.38455078125,-0.023037930689774794
0.3845703125,0.158793425528027
0.38458984375,0.17898602888329507
0.384609375,0.18924640271713322
0.38462890625,0.25435381865274426
0.3846484375,0.39237550715935876
0.38466796875,0.4398422570863575
0.3846875,0.4465827227536602
0.38470703125,0.42108821629116844
0.3847265625,0.24554225046771222
0.38474609375,0.042672120958508454
0.384765625,-0.2215143143117672
0.38478515625,-0.4304947312497299
0.3848046875,-0.40485614484686056
0.38482421875,-0.34866036806360357
0.38484375,-0.43851935366605066
0.38486328125,-0.4249031864271626
0.3848828125,-0.23772718457691966
0.38490234375,-0.23580924069424997
0.384921875,-0.23418585100326328
0.38494140625,-0.1850211669737999
0.3849609375,-0.30583717074210387
0.38498046875,-0.3237675487887339
0.385,-0.3441983005347724
0.38501953125,-0.43664273807961373
0.3850390625,-0.5708932755251599
0.38505859375,-0.6969245297089195
0.385078125,-0.5895810659297066
0.38509765625,-0.732919291769625
0.3851171875,-0.9955414255417397
0.38513671875,-0.8080627221740817
0.38515625,-0.43835381481232377
0.38517578125,-0.14048230144163318
0.3851953125,-0.10916383141076907
0.38521484375,-0.2565161728233739
0.385234375,-0.5156351408801281
0.38525390625,-0.8069386430071731
0.3852734375,-0.7207562582226128
0.38529296875,-0.7546196458302572
0.3853125,-0.9797102286237428
0.38533203125,-0.7713625899057238
0.3853515625,-0.6331037990261028
0.38537109375,-0.6914603861582951
0.385390625,-0.44374310677356354
0.38541015625,-0.0720866821423976
0.3854296875,0.101924917126725
0.38544921875,0.1330519427917798
0.38546875,0.20612419169625895
0.38548828125,0.21196857298822763
0.3855078125,0.13915815466884496
0.38552734375,0.02629086239821054
0.385546875,-0.0621567648436561
0.38556640625,0.03529449862958055
0.3855859375,-0.037043869762689044
0.38560546875,-0.16481450611762735
0.385625,0.07433593360417518
0.38564453125,0.2011408617244416
0.3856640625,-0.018128549214484153
0.38568359375,-0.06273146353195838
0.385703125,0.09838962596501197
0.38572265625,0.06528524123430704
0.3857421875,-0.11191992623400476
0.38576171875,-0.2911363941314852
0.38578125,-0.4292845109190574
0.38580078125,-0.5057372229007707
0.3858203125,-0.3820243346363142
0.38583984375,-0.03096225695418414
0.385859375,0.03944583249919384
0.38587890625,-0.06244791425447412
0.3858984375,0.007449188017854254
0.38591796875,0.06232981412130301
0.3859375,0.2228176827336142
0.38595703125,0.351784030409637
0.3859765625,0.2516049388637809
0.38599609375,0.1622025477961506
0.386015625,0.0069097252051303
0.38603515625,-0.04785131094582639
0.3860546875,0.192820146350756
0.38607421875,0.2767953514097032
0.38609375,0.26260862711507393
0.38611328125,0.27283050657861
0.3861328125,0.09417515684434957
0.38615234375,0.23118141122476193
0.386171875,0.53906469821895
0.38619140625,0.3227936746061705
0.3862109375,-0.08700544810670294
0.38623046875,-0.361185335559532
0.38625,-0.37379154993091107
0.38626953125,-0.1864343770540719
0.3862890625,-0.1340585590157253
0.38630859375,-0.0385368749687454
0.386328125,0.1732488973854648
0.38634765625,0.2553549193298267
0.3863671875,0.059763573807425266
0.38638671875,-0.08759197176119296
0.38640625,0.2874556885339831
0.38642578125,0.5653694263882453
0.3864453125,0.36173817878079106
0.38646484375,0.18371534811627485
0.386484375,0.04645833510069748
0.38650390625,0.15398164761873523
0.3865234375,0.5754867645721786
0.38654296875,0.5573231021799797
0.3865625,0.2573347161283837
0.38658203125,0.4404091678079667
0.3866015625,0.7435397602572877
0.38662109375,0.5376935846771688
0.386640625,0.2285409718876903
0.38666015625,0.42886903404609117
0.3866796875,0.7504431709950479
0.38669921875,0.6083833471822943
0.38671875,0.3344624958795521
0.38673828125,0.3264287886698053
0.3867578125,0.3703116118898171
0.38677734375,0.4038117852873946
0.386796875,0.42852568591403306
0.38681640625,0.17930151110962145
0.3868359375,-0.0645684812538402
0.38685546875,0.005234839091326507
0.386875,0.11247071538605177
0.38689453125,0.07090279476886475
0.3869140625,-0.15540007850244253
0.38693359375,-0.31314085715539125
0.386953125,-0.28181563796711406
0.38697265625,-0.15879755154214395
0.3869921875,0.10336728981420071
0.38701171875,0.06289565616950774
0.38703125,-0.20052852857434345
0.38705078125,-0.11097501567215266
0.3870703125,-0.005038462644057417
0.38708984375,0.017337589905625478
0.387109375,0.1585146026471833
0.38712890625,0.2313225105409608
0.3871484375,0.39387139497327917
0.38716796875,0.6454712161996947
0.3871875,0.5697682457726594
0.38720703125,0.1498450068563461
0.3872265625,-0.15285913918228358
0.38724609375,-0.16380582096680374
0.387265625,-0.18302797349234687
0.38728515625,-0.14420891453059576
0.3873046875,-0.06229387378352719
0.38732421875,-0.09213912640427763
0.38734375,0.11155889603927753
0.38736328125,0.30507282551507797
0.3873828125,0.17047979851898354
0.38740234375,0.2544297759761042
0.387421875,0.5574664365882778
0.38744140625,0.6078491472580503
0.3874609375,0.46085492360828406
0.38748046875,0.32316122532717956
0.3875,0.3285508653630998
0.38751953125,0.3311986130221604
0.3875390625,0.09879527233637483
0.38755859375,-0.05171797069591144
0.387578125,0.08654934112458593
0.38759765625,0.2575060508649304
0.3876171875,0.21709693259082477
0.38763671875,-0.0813085476069472
0.38765625,-0.20521334851876788
0.38767578125,-0.008151208700953358
0.3876953125,0.1593896459065814
0.38771484375,0.26210186152494475
0.387734375,0.129920231887936
0.38775390625,-0.05408172245378328
0.3877734375,0.22335728504670127
0.38779296875,0.41237603075800777
0.3878125,0.11601029269033189
0.38783203125,-0.06649463586476514
0.3878515625,0.05699393551768904
0.38787109375,0.1979256045215863
0.387890625,0.1825898276402979
0.38791015625,0.023242458159246984
0.3879296875,0.007433628252125228
0.38794921875,0.1489221293046742
0.38796875,0.11791677895037188
0.38798828125,-0.0012742513999746928
0.3880078125,0.04976846143304013
0.38802734375,0.1381336545422448
0.388046875,0.17183000157929662
0.38806640625,0.268526559959788
0.3880859375,0.2299482908797008
0.38810546875,0.13306438107523183
0.388125,0.3710719514146399
0.38814453125,0.48288464627450667
0.3881640625,0.1494129432974905
0.38818359375,-0.00267755580303123
0.388203125,0.13070579861195747
0.38822265625,0.07657541168186205
0.3882421875,-0.12977785700989503
0.38826171875,-0.1658336550283272
0.38828125,-0.10938075231443176
0.38830078125,-0.0669334397863452
0.3883203125,0.2905487565600988
0.38833984375,0.7682172677611183
0.388359375,0.7612025197455148
0.38837890625,0.5368182396752177
0.3883984375,0.483260721290017
0.38841796875,0.41769201393744504
0.3884375,0.26595088543301837
0.38845703125,0.18118082876508096
0.3884765625,0.3183436248890728
0.38849609375,0.45490395179495524
0.388515625,0.43063841296025246
0.38853515625,0.5929242299660508
0.3885546875,0.7597951440607178
0.38857421875,0.7815559411509599
0.38859375,0.9675234817390135
0.38861328125,1.0227680838566646
0.3886328125,0.8045657397053911
0.38865234375,0.6116910413136956
0.388671875,0.6400385666849906
0.38869140625,0.7219192465878992
0.3887109375,0.5496946316625906
0.38873046875,0.42749784182626793
0.38875,0.3964431884288451
0.38876953125,0.3976344242080415
0.3887890625,0.5834227113018984
0.38880859375,0.6423198497426004
0.388828125,0.6778537464476921
0.38884765625,0.5885962665204303
0.3888671875,0.27330707889500266
0.38888671875,0.3090510467248771
0.38890625,0.29055505211906035
0.38892578125,-0.0508897235542648
0.3889453125,-0.27649542961263707
0.38896484375,-0.3306058672288285
0.388984375,-0.1113587448457688
0.38900390625,-0.001929317984114793
0.3890234375,-0.11243555031095967
0.38904296875,-0.07269947357454248
0.3890625,-0.0648170495588642
0.38908203125,0.05252323931664879
0.3891015625,0.23816748377330044
0.38912109375,0.2611014185466814
0.389140625,0.3494196559832857
0.38916015625,0.32541028947597306
0.3891796875,0.3267774628017926
0.38919921875,0.6120820344886051
0.38921875,0.5593062540691394
0.38923828125,0.15305295688276396
0.3892578125,0.050285568611721204
0.38927734375,0.20513518920434992
0.389296875,0.36585884678404157
0.38931640625,0.3415248446221457
0.3893359375,0.07050623480822707
0.38935546875,-0.02657507169667734
0.389375,0.10537040185856972
0.38939453125,0.3318064356442084
0.3894140625,0.5546726724208634
0.38943359375,0.43219604205966555
0.389453125,0.34902436723068236
0.38947265625,0.5061549371963947
0.3894921875,0.45814416612447706
0.38951171875,0.4419680519189982
0.38953125,0.4665640730138069
0.38955078125,0.3197430157428837
0.3895703125,0.18239053811012568
0.38958984375,-0.07626637360445171
0.389609375,-0.10570281435416244
0.38962890625,0.27215884615170727
0.3896484375,0.29728438979157057
0.38966796875,0.08352343447742863
0.3896875,0.10066376541407819
0.38970703125,0.18435245556437144
0.3897265625,0.22938086962782553
0.38974609375,0.12009549070593917
0.389765625,-0.09828883142843589
0.38978515625,-0.34061907185399737
0.3898046875,-0.5474853045174937
0.38982421875,-0.42062546679130736
0.38984375,-0.17140307512082661
0.38986328125,-0.14129833766955077
0.3898828125,-0.18203548068771042
0.38990234375,-0.20680862509782466
0.389921875,-0.20453410294779079
0.38994140625,-0.1554627206882338
0.3899609375,-0.04984418297985502
0.38998046875,-0.06693503177508954
0.39,-0.3651148570560071
0.39001953125,-0.3765767050777953
0.3900390625,0.059133832209464846
0.39005859375,0.08730562737031458
0.390078125,-0.16258790279898883
0.39009765625,0.00885244934707894
0.3901171875,0.14269838300799315
0.39013671875,0.006816717723509603
0.39015625,-0.1033816473619389
0.39017578125,-0.28552834688081724
0.3901953125,-0.35312707581245306
0.39021484375,-0.1774612089312333
0.390234375,-0.0010550940545896448
0.39025390625,0.11052655785221382
0.3902734375,0.0012598776204328019
0.39029296875,-0.2894187873146373
0.3903125,-0.2622200853374375
0.39033203125,0.11736183110105158
0.3903515625,0.31131797260739486
0.39037109375,0.18328333654859907
0.390390625,0.03933196222529313
0.39041015625,-0.02459223129536888
0.3904296875,-0.1736548649986755
0.39044921875,-0.3692769535733602
0.39046875,-0.26905785635865587
0.39048828125,-0.015644107070366526
0.3905078125,0.026855877924288007
0.39052734375,0.09010317958493297
0.390546875,0.19447006663678704
0.39056640625,0.08753616317766191
0.3905859375,0.08517351723056892
0.39060546875,0.32027577885801917
0.390625,0.3038047468168743
0.39064453125,0.054047182729193094
0.3906640625,0.019376801279448463
0.39068359375,0.25626412423735145
0.390703125,0.5372501595630415
0.39072265625,0.6152663390665994
0.3907421875,0.5798793974842859
0.39076171875,0.5348241022280716
0.39078125,0.3738960783565688
0.39080078125,0.27904541793456106
0.3908203125,0.348605220533082
0.39083984375,0.3213283114257294
0.390859375,0.03436169678507064
0.39087890625,-0.2411324664472711
0.3908984375,-0.28295710616337844
0.39091796875,-0.33012677258556516
0.3909375,-0.35225940343568846
0.39095703125,-0.4059917196087449
0.3909765625,-0.650783783816155
0.39099609375,-0.5898279053945622
0.391015625,-0.38464930803158165
0.39103515625,-0.48640107027876894
0.3910546875,-0.5829307590272714
0.39107421875,-0.5439948291756843
0.39109375,-0.3033864590955164
0.39111328125,-0.17274781865082775
0.3911328125,-0.4164110414153921
0.39115234375,-0.40665875475134766
0.391171875,-0.11089391727282627
0.39119140625,0.08736346726635517
0.3912109375,0.14771650434078493
0.39123046875,0.16271583401709094
0.39125,0.3255851674137346
0.39126953125,0.27851163634013254
0.3912890625,0.10682489820779703
0.39130859375,0.2238184942281543
0.391328125,0.07700679228679495
0.39134765625,-0.12494206612713046
0.3913671875,0.07607873753139477
0.39138671875,0.11071453239559215
0.39140625,0.007166293976268549
0.39142578125,-0.13692458603919375
0.3914453125,-0.26535975816155993
0.39146484375,0.008035726325335802
0.391484375,0.058097633485634424
0.39150390625,-0.29473434990538305
0.3915234375,-0.3768297710624875
0.39154296875,-0.2755318531836448
0.3915625,-0.25911083629060616
0.39158203125,-0.5333488823512313
0.3916015625,-0.7938578246705351
0.39162109375,-0.5851536988680173
0.391640625,-0.5017396497721784
0.39166015625,-0.6207703543095989
0.3916796875,-0.5666168476997725
0.39169921875,-0.5331851942995908
0.39171875,-0.33990172339068353
0.39173828125,-0.19401036031400987
0.3917578125,-0.3602551553635974
0.39177734375,-0.37740135833194705
0.391796875,-0.4318086072992495
0.39181640625,-0.5547819342919763
0.3918359375,-0.38644383844291186
0.39185546875,-0.3862613173903581
0.391875,-0.6098306523766501
0.39189453125,-0.6608507934577151
0.3919140625,-0.706601426764979
0.39193359375,-0.7081742169332248
0.391953125,-0.5453874972909156
0.39197265625,-0.39515697169949154
0.3919921875,-0.2731310819915742
0.39201171875,-0.20577619341250816
0.39203125,-0.11369950168715674
0.39205078125,0.03325346270898025
0.3920703125,-0.012227767194324782
0.39208984375,-0.01973771449719322
0.392109375,0.0754805305581705
0.39212890625,-0.2549456551351399
0.3921484375,-0.5898542066821035
0.39216796875,-0.42109321348733014
0.3921875,-0.3104973954413429
0.39220703125,-0.38896476703558147
0.3922265625,-0.5016373495147887
0.39224609375,-0.6769901149534604
0.392265625,-0.7429529322625321
0.39228515625,-0.7974966676701023
0.3923046875,-0.7773911852274595
0.39232421875,-0.6346712155836124
0.39234375,-0.5815688633654873
0.39236328125,-0.4063688213354569
0.3923828125,-0.3148617300762584
0.39240234375,-0.4215906359579492
0.392421875,-0.20127853429597914
0.39244140625,-0.018259343968103976
0.3924609375,-0.12975924870819988
0.39248046875,-0.1519786136869177
0.3925,-0.2468333351636593
0.39251953125,-0.32310619226650683
0.3925390625,-0.2218370274881812
0.39255859375,-0.30725428339982147
0.392578125,-0.47804779350004817
0.39259765625,-0.34203406119538327
0.3926171875,0.1044899024469247
0.39263671875,0.41120643358552783
0.39265625,0.3410686173916124
0.39267578125,0.4570060274232768
0.3926953125,0.5435674360250828
0.39271484375,0.16167126970170498
0.392734375,0.044768841333387446
0.39275390625,0.030199519394182313
0.3927734375,-0.24669412424454185
0.39279296875,-0.21302311963732354
0.3928125,-0.11840886702867902
0.39283203125,-0.3492871946137945
0.3928515625,-0.4987301918624733
0.39287109375,-0.3430319339249283
0.392890625,-0.25530514480874633
0.39291015625,-0.48350182928264873
0.3929296875,-0.6419763111026838
0.39294921875,-0.5490561958117078
0.39296875,-0.5139570556790135
0.39298828125,-0.5211651928101596
0.3930078125,-0.5742952480840262
0.39302734375,-0.8351561747092549
0.393046875,-0.75236264104683
0.39306640625,-0.33719585567639054
0.3930859375,-0.43894692637435817
0.39310546875,-0.7690779409366693
0.393125,-0.8406220159138177
0.39314453125,-0.6920868696719924
0.3931640625,-0.3931419992773926
0.39318359375,-0.4367295937132537
0.393203125,-0.6123829428603906
0.39322265625,-0.5543105554718235
0.3932421875,-0.5506285759641175
0.39326171875,-0.4060036622242224
0.39328125,-0.40336144664008255
0.39330078125,-0.6588755067358449
0.3933203125,-0.46890792772167655
0.39333984375,-0.25781169637144935
0.393359375,-0.25569190295323635
0.39337890625,-0.1820520095430203
0.3933984375,-0.36893934659226774
0.39341796875,-0.39884649567729835
0.3934375,-0.10526417768513086
0.39345703125,0.05737706352036782
0.3934765625,0.14784589876297602
0.39349609375,0.04685576177288067
0.393515625,-0.052046602978467374
0.39353515625,0.07460376043480504
0.3935546875,0.010184581412253084
0.39357421875,-0.21382357601011914
0.39359375,-0.35036834677156203
0.39361328125,-0.42919927506530087
0.3936328125,-0.39240348984891993
0.39365234375,-0.3209180618535533
0.393671875,-0.3623552456158441
0.39369140625,-0.39138121582057805
0.3937109375,-0.33944203898629755
0.39373046875,-0.18164755000023106
0.39375,0.07118634873497345
0.39376953125,0.10915215071977505
0.3937890625,-0.04699770724855312
0.39380859375,-0.014819323534378759
0.393828125,0.31336778761658757
0.39384765625,0.6365564445480114
0.3938671875,0.4499017017175201
0.39388671875,0.0534105240636113
0.39390625,0.03271167875768924
0.39392578125,0.11778886957883182
0.3939453125,0.24222501598036814
0.39396484375,0.3851976127464439
0.393984375,0.2725318089696819
0.39400390625,0.24243596267263728
0.3940234375,0.29912516597925254
0.39404296875,0.1108879610872931
0.3940625,-0.12544415854830407
0.39408203125,-0.22164375164841565
0.3941015625,-0.19134589630423693
0.39412109375,-0.2913922118261927
0.394140625,-0.433616017563124
0.39416015625,-0.13790013079999094
0.3941796875,0.12233163156131932
0.39419921875,0.06585248281322763
0.39421875,0.2902275448798936
0.39423828125,0.40482209081788695
0.3942578125,0.051571577343681584
0.39427734375,-0.12462037104881714
0.394296875,-0.03227548280224879
0.39431640625,-0.0006214978595949078
0.3943359375,-0.12501026106396734
0.39435546875,-0.169043420091796
0.394375,0.11873929826104822
0.39439453125,0.32158318840955286
0.3944140625,0.15304595618619446
0.39443359375,0.04069737440723999
0.394453125,0.1429687558887462
0.39447265625,0.0685073726723561
0.3944921875,-0.24590493952118914
0.39451171875,-0.3011141726739987
0.39453125,0.07809448878326032
0.39455078125,0.23501535253174197
0.3945703125,-0.007464922947532931
0.39458984375,0.11206836995017536
0.394609375,0.6144431403403503
0.39462890625,0.9923591597530983
0.3946484375,1.1471838481460954
0.39466796875,0.9309956981110148
0.3946875,0.5336190960567011
0.39470703125,0.4911045509638061
0.3947265625,0.6171776125061929
0.39474609375,0.4282268032770896
0.394765625,0.22477176273802343
0.39478515625,0.3517654419578288
0.3948046875,0.3956350618233987
0.39482421875,0.1619121354495848
0.39484375,0.10218110929376246
0.39486328125,0.35188673967595596
0.3948828125,0.44179355050619445
0.39490234375,0.10073845715303306
0.394921875,-0.24925874492151112
0.39494140625,-0.26909297024648254
0.3949609375,-0.2794247852667989
0.39498046875,-0.4584372485007696
0.395,-0.5435895545393992
0.39501953125,-0.42220913607453026
0.3950390625,-0.20520619033917398
0.39505859375,-0.0950088170294763
0.395078125,-0.18684136086537273
0.39509765625,-0.2465428773539728
0.3951171875,-0.22306876905952472
0.39513671875,-0.19130748160665048
0.39515625,0.022651703205991275
0.39517578125,0.1830096687144923
0.3951953125,0.10213533789505205
0.39521484375,0.1330974635392082
0.395234375,0.24250126499534078
0.39525390625,0.24649666322166036
0.3952734375,0.23660183559591846
0.39529296875,0.2387733072890297
0.3953125,0.43011343070696206
0.39533203125,0.7506642178346953
0.3953515625,0.622495961101683
0.39537109375,0.15936277187119918
0.395390625,0.02306676770532766
0.39541015625,0.3199663510860668
0.3954296875,0.6238671126813704
0.39544921875,0.38518430259851044
0.39546875,0.0751583246247339
0.39548828125,0.2915085083049665
0.3955078125,0.3677966353085031
0.39552734375,0.21889484574506435
0.395546875,0.2366729294284008
0.39556640625,0.27601246732777723
0.3955859375,0.4487338106765849
0.39560546875,0.49440532871290327
0.395625,0.1712790027796546
0.39564453125,0.05464889296164942
0.3956640625,0.06016892874535136
0.39568359375,-0.16199752144402702
0.395703125,-0.17373932849370563
0.39572265625,0.05875979686282035
0.3957421875,0.07401648903384864
0.39576171875,-0.20137479352634366
0.39578125,-0.4079757606831905
0.39580078125,-0.2444056293451845
0.3958203125,0.17610786617855065
0.39583984375,0.5637903223741453
0.395859375,0.6049603833246909
0.39587890625,0.4188865517413143
0.3958984375,0.3536546742953066
0.39591796875,0.18503099019431515
0.3959375,-0.032886217786342514
0.39595703125,0.1425634379376392
0.3959765625,0.3700010727987628
0.39599609375,0.18931414909800587
0.396015625,-0.12460491032905585
0.39603515625,-0.06841535681220186
0.3960546875,0.31268490186557507
0.39607421875,0.4798371178889578
0.39609375,0.4606087527604936
0.39611328125,0.4283497413846885
0.3961328125,0.3252710256127412
0.39615234375,0.4624979057784882
0.396171875,0.5685243039833842
0.39619140625,0.3904778200874327
0.3962109375,0.5135261358344156
0.39623046875,0.6726769563739208
0.39625,0.4030819053075699
0.39626953125,0.19325463717935906
0.3962890625,0.1989777687952461
0.39630859375,0.11627828689045092
0.396328125,-0.024006515638471598
0.39634765625,0.10807787683434564
0.3963671875,0.4691166525913042
0.39638671875,0.5555727342689787
0.39640625,0.3403035417607176
0.39642578125,0.2591490112000044
0.3964453125,0.4362368855612943
0.39646484375,0.6004353847481942
0.396484375,0.6083333481832993
0.39650390625,0.4750288156878852
0.3965234375,0.2489007613453139
0.39654296875,0.3190167386110018
0.3965625,0.5858529104011742
0.39658203125,0.4721460065845996
0.3966015625,0.1683409219233785
0.39662109375,0.0962860885041785
0.396640625,0.3334005091556885
0.39666015625,0.6358844661516021
0.3966796875,0.6487164583385062
0.39669921875,0.5381380450325277
0.39671875,0.6510465458675976
0.39673828125,0.8331185301702078
0.3967578125,0.7069737680393987
0.39677734375,0.5742990313990765
0.396796875,0.620912429073361
0.39681640625,0.3030141498313602
0.3968359375,-0.019915588833589924
0.39685546875,0.27404299161393847
0.396875,0.7081486884958961
0.39689453125,0.7868921008478955
0.3969140625,0.6078164810766665
0.39693359375,0.5374899022476184
0.396953125,0.5204665132450411
0.39697265625,0.3224216316238504
0.3969921875,0.26606365889701505
0.39701171875,0.2380980036420248
0.39703125,-0.0962305948219438
0.39705078125,-0.4373044629308134
0.3970703125,-0.4679608661519985
0.39708984375,-0.20768277242568525
0.397109375,-0.11404000769032216
0.39712890625,-0.2080010868061572
0.3971484375,-0.05100658602692107
0.39716796875,0.16243852606739928
0.3971875,0.16463460055559204
0.39720703125,0.06542617476304825
0.3972265625,0.11169826787711418
0.39724609375,0.23762319163039677
0.397265625,0.1608042584019283
0.39728515625,0.0775337411123371
0.3973046875,0.13391886275169293
0.39732421875,0.19454681465000756
0.39734375,0.17648958915011018
0.39736328125,0.039165825246287096
0.3973828125,0.018983718004264467
0.39740234375,0.1889775952861863
0.397421875,0.2253633555617423
0.39744140625,0.24550372204202817
0.3974609375,0.5392508917680996
0.39748046875,0.682519831400051
0.3975,0.4974947475575988
0.39751953125,0.5631639492428353
0.3975390625,0.8952108421645353
0.39755859375,1.0317753970950572
0.397578125,0.7845437719296223
0.39759765625,0.5136947853182878
0.3976171875,0.6259432960340673
0.39763671875,0.48686806100155866
0.39765625,0.03654868342847183
0.39767578125,-0.13503972590322724
0.3976953125,-0.3430977727208613
0.39771484375,-0.2621482750534654
0.397734375,0.1682327217751698
0.39775390625,0.01410800833336457
0.3977734375,-0.2543058211316889
0.39779296875,-0.15557874177609093
0.3978125,-0.1802672189468121
0.39783203125,-0.07329500657901357
0.3978515625,0.06954145762558776
0.39787109375,-0.12932815010988966
0.397890625,-0.13831974481662737
0.39791015625,0.031107568121235944
0.3979296875,-0.04562169851615877
0.39794921875,-0.23633282170701483
0.39796875,-0.21369270871380014
0.39798828125,-0.009789288443665153
0.3980078125,-0.1470760591212183
0.39802734375,-0.4511108850889805
0.398046875,-0.32827179070618
0.39806640625,0.10282480844003372
0.3980859375,0.3436719215916091
0.39810546875,0.12225605599915591
0.398125,-0.009082398369970608
0.39814453125,0.15768269332072068
0.3981640625,0.1298596309211684
0.39818359375,0.10375084880955712
0.398203125,0.09301799351455638
0.39822265625,0.010421866143448713
0.3982421875,0.1829072700263151
0.39826171875,0.33326621792440153
0.39828125,0.20918772356389437
0.39830078125,0.08477260391717681
0.3983203125,0.07562495509078689
0.39833984375,-0.13542136642080363
0.398359375,-0.38891800786286757
0.39837890625,-0.15707701803956842
0.3983984375,0.01752649204082766
0.39841796875,-0.14753310772520895
0.3984375,-0.12394486724504009
0.39845703125,-0.12868914817235994
0.3984765625,-0.2899751115913889
0.39849609375,-0.16167469022004038
0.398515625,0.1925660104159463
0.39853515625,0.35337890116905835
0.3985546875,0.3364455438859393
0.39857421875,0.4557784171507189
0.39859375,0.5846947962223179
0.39861328125,0.3566305866882292
0.3986328125,0.03350172326476103
0.39865234375,0.0631229183772567
0.398671875,0.2719146459032649
0.39869140625,0.40122306455639933
0.3987109375,0.3992414811571802
0.39873046875,0.2754078955703545
0.39875,0.22794231577240323
0.39876953125,0.30649954726975437
0.3987890625,0.2644062291467517
0.39880859375,0.052988561164105254
0.398828125,0.005191873442419587
0.39884765625,0.09605491226207073
0.3988671875,-0.16285975703216504
0.39888671875,-0.6209517661966427
0.39890625,-0.6312805232069052
0.39892578125,-0.22547986604552128
0.3989453125,0.008978693163761466
0.39896484375,-0.18788162332473657
0.398984375,-0.44094032978475944
0.39900390625,-0.2740032089809091
0.3990234375,0.04797221059044347
0.39904296875,0.03787419577723364
0.3990625,-0.1503372538953225
0.39908203125,-0.2562161306500796
0.3991015625,-0.22208376452151193
0.39912109375,-0.0484738488191778
0.399140625,0.019935930678264147
0.39916015625,-0.15813822928040222
0.3991796875,-0.25106521275030863
0.39919921875,-0.05715906440653282
0.39921875,0.07976894230227065
0.39923828125,-0.014868595179381496
0.3992578125,-0.031743369834819166
0.39927734375,0.08842329877798505
0.399296875,0.17811665888466613
0.39931640625,0.267906560181279
0.3993359375,0.20950930517993419
0.39935546875,-0.03416692963703837
0.399375,-0.04941478055733753
0.39939453125,0.05027826069808155
0.3994140625,-0.14426992598384292
0.39943359375,-0.4311722212906494
0.399453125,-0.5280024317563212
0.39947265625,-0.3174270181877957
0.3994921875,-0.1960334171896775
0.39951171875,-0.5011158195485524
0.39953125,-0.48843120697984543
0.39955078125,-0.13350811725128986
0.3995703125,-0.0010969485801249138
0.39958984375,0.01886885754889256
0.399609375,-0.33264478087423915
0.39962890625,-0.7031547380976446
0.3996484375,-0.38849825103910696
0.39966796875,0.00473710289546282
0.3996875,-0.1003252629836835
0.39970703125,-0.507356237720653
0.3997265625,-0.6277802413289153
0.39974609375,-0.3025045490673203
0.399765625,-0.14343474513809956
0.39978515625,-0.21559296048250493
0.3998046875,-0.3415723902169796
0.39982421875,-0.470333005514719
0.39984375,-0.3655186741977645
0.39986328125,-0.22478112361347932
0.3998828125,-0.1438996683053426
0.39990234375,-0.05749691139087104
0.399921875,-0.13550422337878393
0.39994140625,-0.3043191113173734
0.3999609375,-0.47785386047119577
0.39998046875,-0.5604062035730584
0.4,-0.499453791734465
0.40001953125,-0.5746639889237443
0.4000390625,-0.6769704485928372
0.40005859375,-0.46029188304837587
0.400078125,-0.1870820225592788
0.40009765625,-0.09674414465312112
0.4001171875,-0.13022393175730973
0.40013671875,-0.2645328009076239
0.40015625,-0.25344900029797424
0.40017578125,-0.08542323304643652
0.4001953125,-0.16514152226879658
0.40021484375,-0.530514713630251
0.400234375,-0.6494597402791971
0.40025390625,-0.2366852149796907
0.4002734375,-0.010546294842499054
0.40029296875,-0.363178046460668
0.4003125,-0.48060949731283364
0.40033203125,-0.1507810963080708
0.4003515625,0.009890422073854141
0.40037109375,-0.11692950392314021
0.400390625,-0.2018879394337084
0.40041015625,-0.07403987782909456
0.4004296875,-0.09178729407660786
0.40044921875,-0.4255948617595272
0.40046875,-0.63966380527258
0.40048828125,-0.5577296752002776
0.4005078125,-0.22974251718880595
0.40052734375,0.0514161852084734
0.400546875,-0.0343182224386718
0.40056640625,-0.04637781740260485
0.4005859375,0.19314499514484387
0.40060546875,0.20601704341715787
0.400625,0.11027511963693071
0.40064453125,0.2967364632507969
0.4006640625,0.26750965935400983
0.40068359375,-0.1025503714076876
0.400703125,-0.0886073892519744
0.40072265625,-0.00487176062997623
0.4007421875,-0.2177991059372551
0.40076171875,-0.30643557222999357
0.40078125,-0.18506859394883593
0.40080078125,-0.015946165808407187
0.4008203125,-0.07433168130469914
0.40083984375,-0.22558381265964855
0.400859375,-0.3322356177524258
0.40087890625,-0.6438244301746601
0.4008984375,-0.8109985301368372
0.40091796875,-0.7275236835589073
0.4009375,-0.6455622831010823
0.40095703125,-0.3512420524336397
0.4009765625,-0.20003177734544875
0.40099609375,-0.406579499742465
0.401015625,-0.4435098867455226
0.40103515625,-0.453865971079944
0.4010546875,-0.37013070567852957
0.40107421875,-0.07133491531081161
0.40109375,-0.2222173858533315
0.40111328125,-0.5448739342022302
0.4011328125,-0.5884332967788566
0.40115234375,-0.5886414230901217
0.401171875,-0.5322373550215819
0.40119140625,-0.6257331400737886
0.4012109375,-0.8148617969668098
0.40123046875,-0.7012540347632441
0.40125,-0.3555218682427906
0.40126953125,-0.07927462751223917
0.4012890625,-0.24451664112601582
0.40130859375,-0.4945007105672444
0.401328125,-0.15663711995741295
0.40134765625,0.22469370007386685
0.4013671875,0.08195888736959006
0.40138671875,-0.12511189246781035
0.40140625,-0.06195585853599977
0.40142578125,-0.0749700674509019
0.4014453125,-0.2914663889090324
0.40146484375,-0.1798113072938798
0.401484375,0.1150696675942437
0.40150390625,-0.011043890992654598
0.4015234375,-0.22457302557003583
0.40154296875,-0.1672177695052176
0.4015625,-0.18418694541694863
0.40158203125,-0.4285819669951427
0.4016015625,-0.43950435162174656
0.40162109375,-0.23537901797145086
0.401640625,-0.284508879918656
0.40166015625,-0.19350384483733146
0.4016796875,0.12907125735296596
0.40169921875,0.007729143106265143
0.40171875,-0.3333524261835749
0.40173828125,-0.23193277651025726
0.4017578125,0.08858003823465277
0.40177734375,-0.07632963468179915
0.401796875,-0.5965017504916306
0.40181640625,-0.553507664184919
0.4018359375,-0.0700518777180884
0.40185546875,0.007125989134368021
0.401875,-0.07444188580869154
0.40189453125,0.007717189086422228
0.4019140625,0.01629896123647874
0.40193359375,0.04986202505457982
0.401953125,0.1528121860894234
0.40197265625,0.23487364325506835
0.4019921875,0.2887344978551724
0.40201171875,0.2116916620000457
0.40203125,0.03924115007940532
0.40205078125,0.04374654517480896
0.4020703125,0.1944683796872253
0.40208984375,0.1968672995971856
0.402109375,0.033210923517731694
0.40212890625,-0.16750515465359198
0.4021484375,-0.15560196321547878
0.40216796875,-0.014358607359717845
0.4021875,-0.09949823419884772
0.40220703125,-0.1987563279687758
0.4022265625,-0.19799675076416864
0.40224609375,-0.2655842746722038
0.402265625,-0.2489951704545164
0.40228515625,-0.09805309424458439
0.4023046875,-0.10470908470070478
0.40232421875,-0.3354485373968844
0.40234375,-0.34211258560951835
0.40236328125,-0.029728049295129785
0.4023828125,0.12426537844914673
0.40240234375,0.11330182797874477
0.402421875,0.20480890841820157
0.40244140625,0.21919554985781625
0.4024609375,0.07459134071306539
0.40248046875,0.06393301107861954
0.4025,0.2177030860891001
0.40251953125,0.34709083847229105
0.4025390625,0.5066079829550412
0.40255859375,0.7700222730360369
0.402578125,0.8923822367847172
0.40259765625,0.7001468036004771
0.4026171875,0.5177338215428596
0.40263671875,0.5376501438276012
0.40265625,0.5187643216545064
0.40267578125,0.3009816902184129
0.4026953125,0.027747990636859284
0.40271484375,-0.0664280837626379
0.402734375,-0.08204209694193552
0.40275390625,-0.26621096892253227
0.4027734375,-0.4217477476553342
0.40279296875,-0.15332484739110971
0.4028125,0.22182481621405714
0.40283203125,0.19822123674995706
0.4028515625,0.007871529626165562
0.40287109375,-0.010087241154492936
0.402890625,0.044520609106771025
0.40291015625,-0.04502502617378622
0.4029296875,-0.05884780151078011
0.40294921875,0.0030119210360245313
0.40296875,-0.08129446644604568
0.40298828125,0.01514140006688883
0.4030078125,0.006686332946905266
0.40302734375,-0.2921476230621985
0.403046875,-0.17764743633712718
0.40306640625,0.10302449766575245
0.4030859375,0.023722895575071873
0.40310546875,-0.16651331557473167
0.403125,-0.13684564098967325
0.40314453125,0.10716709278556454
0.4031640625,0.0658154636344195
0.40318359375,-0.022671817075985895
0.403203125,0.3706217753601868
0.40322265625,0.584673759122794
0.4032421875,0.2313452769093231
0.40326171875,-0.0917608640113487
0.40328125,0.043552358924276904
0.40330078125,0.21395276860027213
0.4033203125,0.11597813361622633
0.40333984375,0.11120243309920128
0.403359375,0.07691618430115986
0.40337890625,-0.02155503585265865
0.4033984375,0.09558711967762075
0.40341796875,0.24541515329108093
0.4034375,0.2720534992347881
0.40345703125,0.12789321015691307
0.4034765625,0.09223728078433104
0.40349609375,0.34580439421869846
0.403515625,0.475464917557202
0.40353515625,0.49204154320604887
0.4035546875,0.4559163931081059
0.40357421875,0.2895051721140336
0.40359375,0.3329312641594231
0.40361328125,0.39839899663866263
0.4036328125,0.08229745711653444
0.40365234375,-0.15963292128704318
0.403671875,0.07185463457937614
0.40369140625,0.2671194182266139
0.4037109375,-0.020825855020400408
0.40373046875,-0.300442736452834
0.40375,-0.10965581059836241
0.40376953125,-0.02027837871669494
0.4037890625,-0.2924730392369688
0.40380859375,-0.32904510460653624
0.403828125,-0.24179305436661522
0.40384765625,-0.2816278031422496
0.4038671875,-0.21917780571953835
0.40388671875,-0.14962454157235225
0.40390625,-0.08141977935110513
0.40392578125,0.034286882812925204
0.4039453125,0.05318267719071004
0.40396484375,0.1051146692692414
0.403984375,0.3481946186647912
0.40400390625,0.5269878084201134
0.4040234375,0.28318940126594044
0.40404296875,-0.05344259000342584
0.4040625,0.11578782929153068
0.40408203125,0.38829777069444993
0.4041015625,0.35460395435904757
0.40412109375,0.21964044955086562
0.404140625,-0.019573894039779622
0.40416015625,-0.033474890250058634
0.4041796875,0.1050725635164511
0.40419921875,0.08671039510849099
0.40421875,0.33827920638828546
0.40423828125,0.36357710789451403
0.4042578125,-0.13498320171252337
0.40427734375,-0.2105927412658863
0.404296875,0.05610998209572912
0.40431640625,0.19982990897563813
0.4043359375,0.36911578520470595
0.40435546875,0.39197098121117413
0.404375,0.25949544293103965
0.40439453125,0.3942735062397883
0.4044140625,0.7931601791076399
0.40443359375,0.7452270094153112
0.404453125,0.1452577878223699
0.40447265625,-0.024040364352714526
0.4044921875,0.3351742404472875
0.40451171875,0.5167827438297051
0.40453125,0.40634809596464244
0.40455078125,0.36951630563634735
0.4045703125,0.6852184412483158
0.40458984375,0.7184613794351242
0.404609375,0.2085065196076606
0.40462890625,0.02068450480687392
0.4046484375,0.31083512480994624
0.40466796875,0.7602458795234451
0.4046875,1.1151444232546974
0.40470703125,1.0413008015761471
0.4047265625,0.7066640828754279
0.40474609375,0.5285936301878891
0.404765625,0.5559828848072844
0.40478515625,0.38376017635632365
0.4048046875,0.06881070695079455
0.40482421875,0.0012077986116809554
0.40484375,0.00464182475067813
0.40486328125,0.031662305720594655
0.4048828125,0.14483799907907957
0.40490234375,0.20980154395689443
0.404921875,0.2837251758424158
0.40494140625,0.3062773593325044
0.4049609375,0.1351296134651048
0.40498046875,-0.08949314615961021
0.405,0.004782434851660758
0.40501953125,0.296840184420262
0.4050390625,0.15278871171433414
0.40505859375,-0.20630947505465375
0.405078125,-0.1688730196846508
0.40509765625,0.09958089244355535
0.4051171875,0.0749226974565175
0.40513671875,-0.2741383184303296
0.40515625,-0.3404276711386319
0.40517578125,-0.09236137020689071
0.4051953125,0.06778855638907631
0.40521484375,0.09985748425631805
0.405234375,-0.1371682455776614
0.40525390625,-0.10791025517860134
0.4052734375,0.4721318580494789
0.40529296875,0.4169037212426139
0.4053125,-0.08639694269525545
0.40533203125,0.014947651818271214
0.4053515625,0.22081205441648116
0.40537109375,0.19082785584985362
0.405390625,0.11757199402834595
0.40541015625,0.20122514693827714
0.4054296875,0.5150309600651066
0.40544921875,0.6028658116684793
0.40546875,0.5162044262713705
0.40548828125,0.4609412004296484
0.4055078125,0.5182830121431994
0.40552734375,0.7919059079299648
0.405546875,0.7582094846881253
0.40556640625,0.3626473170974833
0.4055859375,0.21382339721712318
0.40560546875,0.5866459391571976
0.405625,0.833762494357333
0.40564453125,0.313401282609068
0.4056640625,0.039724690789022105
0.40568359375,0.20772152569849292
0.405703125,-0.18152792766144402
0.40572265625,-0.3565815998514551
0.4057421875,0.0738542218187252
0.40576171875,0.08488332527577756
0.40578125,-0.20989218205801138
0.40580078125,-0.2143458391125759
0.4058203125,-0.1557948894221708
0.40583984375,-0.2518931737681197
0.405859375,-0.29600319610600123
0.40587890625,-0.2920653593188518
0.4058984375,-0.33103174913159605
0.40591796875,-0.2307470032441017
0.4059375,0.028238744578652542
0.40595703125,0.09048275390993314
0.4059765625,-0.10370747556818564
0.40599609375,-0.06359605178127399
0.406015625,0.15635792380076063
0.40603515625,0.16941073519881408
0.4060546875,0.10110188872065479
0.40607421875,0.07340841454820082
0.40609375,0.07548422333676043
0.40611328125,0.10800846361465824
0.4061328125,0.1843006993081081
0.40615234375,0.12724923901282115
0.406171875,-0.19553449447578303
0.40619140625,-0.24148295893745403
0.4062109375,-0.03324751162679736
0.40623046875,-0.14223704567873607
0.40625,-0.14835132206672422
0.40626953125,0.06855896094313552
0.4062890625,-0.00838811356017842
0.40630859375,-0.3360085623822814
0.406328125,-0.42898254568806266
0.40634765625,-0.08325179190959245
0.4063671875,-0.025092032347216048
0.40638671875,-0.3485183747149032
0.40640625,-0.3305146516200428
0.40642578125,-0.09750849864058339
0.4064453125,0.05586753856605286
0.40646484375,0.08830806399151832
0.406484375,0.13575426515662864
0.40650390625,0.23195114605124648
0.4065234375,0.1798519863622426
0.40654296875,0.2864671930829469
0.4065625,0.3775749047028055
0.40658203125,0.1973613366183965
0.4066015625,0.3138975814210225
0.40662109375,0.4407706356343186
0.406640625,0.30926698909406836
0.40666015625,0.44478640447477524
0.4066796875,0.6762588479893413
0.40669921875,0.6479313748710306
0.40671875,0.47704954525803006
0.40673828125,0.4585638138175534
0.4067578125,0.47613918011476125
0.40677734375,0.2560374461548807
0.406796875,0.10988548998383203
0.40681640625,0.10268125588077012
0.4068359375,0.028780196683646397
0.40685546875,-0.08017732534478465
0.406875,-0.39145243507441996
0.40689453125,-0.6415246825637854
0.4069140625,-0.34651254138643367
0.40693359375,-0.10556304907924072
0.406953125,-0.30125224536929585
0.40697265625,-0.4432367241403886
0.4069921875,-0.43541431370797345
0.40701171875,-0.35011532858537786
0.40703125,-0.3212717740212784
0.40705078125,-0.39212464986130724
0.4070703125,-0.31623479180367875
0.40708984375,-0.27105207484439414
0.407109375,-0.48828088747077325
0.40712890625,-0.7233624878394523
0.4071484375,-0.7381050429421441
0.40716796875,-0.6204360012320963
0.4071875,-0.4429481164829087
0.40720703125,-0.29519668029498075
0.4072265625,-0.26138663568441195
0.40724609375,-0.01680167287998699
0.407265625,0.3382591343833595
0.40728515625,0.34094176057426306
0.4073046875,0.1049429720441307
0.40732421875,-0.18542624729631002
0.40734375,-0.35128134754437
0.40736328125,-0.3265887634362511
0.4073828125,-0.2525794577519925
0.40740234375,-0.10920550390656877
0.407421875,-0.15178992608533354
0.40744140625,-0.30015940734217517
0.4074609375,-0.25189798336073516
0.40748046875,-0.37438673826419566
0.4075,-0.475558537324948
0.40751953125,-0.2883530447083686
0.4075390625,-0.354765524044068
0.40755859375,-0.48929527126731925
0.407578125,-0.44353619828650187
0.40759765625,-0.6347583695469691
0.4076171875,-0.7481374234180991
0.40763671875,-0.7394356091449834
0.40765625,-0.9604479827844539
0.40767578125,-0.8988700890604862
0.4076953125,-0.7425997844127735
0.40771484375,-0.8182927995075248
0.407734375,-0.6837153866230083
0.40775390625,-0.4825136874653261
0.4077734375,-0.34808031024538527
0.40779296875,-0.35495045397727387
0.4078125,-0.4091883191615083
0.40783203125,-0.3055320098668906
0.4078515625,-0.3961942283504163
0.40787109375,-0.49189178787177407
0.407890625,-0.5659682127491368
0.40791015625,-0.6959532692369523
0.4079296875,-0.6068911995671692
0.40794921875,-0.6055751457579895
0.40796875,-0.4466147001378671
0.40798828125,-0.2305672341887971
0.4080078125,-0.37861666425016915
0.40802734375,-0.19564028811658307
0.408046875,0.22280839435902167
0.40806640625,0.4077259675285258
0.4080859375,0.38491638707728526
0.40810546875,0.15796257553321044
0.408125,0.028303132009979394
0.40814453125,-0.0870735627854362
0.4081640625,-0.22838750365992255
0.40818359375,-0.3662903165998176
0.408203125,-0.6091791778273525
0.40822265625,-0.57013313827338
0.4082421875,-0.4990124604790621
0.40826171875,-0.631270630787328
0.40828125,-0.5412870099867386
0.40830078125,-0.5711830687159702
0.4083203125,-0.6110896031638724
0.40833984375,-0.09732352742019143
0.408359375,0.16752730139261005
0.40837890625,-0.191191530074605
0.4083984375,-0.3817974697348887
0.40841796875,-0.3554802731692511
0.4084375,-0.42465748168099066
0.40845703125,-0.46856394885741853
0.4084765625,-0.4224878176142375
0.40849609375,-0.30355662294589913
0.408515625,-0.23066357486228212
0.40853515625,-0.17668602851710805
0.4085546875,0.06136178202413412
0.40857421875,0.1589647738823046
0.40859375,-0.06366540241649792
0.40861328125,-0.30088965124863065
0.4086328125,-0.39406846552339636
0.40865234375,-0.29545538637307756
0.408671875,-0.3330018012838126
0.40869140625,-0.4751900677052364
0.4087109375,-0.22394975709169063
0.40873046875,0.038921158460753794
0.40875,-0.07347919256056093
0.40876953125,-0.28900959498414863
0.4087890625,-0.30520388949640237
0.40880859375,-0.14092195434061805
0.408828125,-0.20439838251814174
0.40884765625,-0.36576417034755065
0.4088671875,-0.41829730741463844
0.40888671875,-0.5134261100486623
0.40890625,-0.4972864870073562
0.40892578125,-0.5009682907849939
0.4089453125,-0.6574707308121805
0.40896484375,-0.6459219558090216
0.408984375,-0.46592607481637405
0.40900390625,-0.5166148599672866
0.4090234375,-0.731441769359355
0.40904296875,-0.6307430093296862
0.4090625,-0.316623183146714
0.40908203125,-0.2765709315126705
0.4091015625,-0.6138828248434443
0.40912109375,-0.7942047240404252
0.409140625,-0.5017236514363126
0.40916015625,-0.2939994008823917
0.4091796875,-0.4579856699625451
0.40919921875,-0.7052706548670868
0.40921875,-0.8225104807669261
0.40923828125,-0.7181456299659313
0.4092578125,-0.5806357617570705
0.40927734375,-0.6698020012203304
0.409296875,-0.7147938477647526
0.40931640625,-0.4743019364293823
0.4093359375,-0.23959597025175755
0.40935546875,-0.17121974978373772
0.409375,-0.1946876971703895
0.40939453125,-0.2068142207573627
0.4094140625,-0.2446661512703163
0.40943359375,-0.2926032332402946
0.409453125,-0.2206625444503169
0.40947265625,-0.23798170857319173
0.4094921875,-0.3289612213622197
0.40951171875,-0.395495302659046
0.40953125,-0.4478623865489176
0.40955078125,-0.4097309964744454
0.4095703125,-0.3838016646454561
0.40958984375,-0.16189757987311645
0.409609375,-0.043069286224634504
0.40962890625,-0.18596076568726225
0.4096484375,0.117708616725138
0.40966796875,0.19323490632303542
0.4096875,-0.12090814127334354
0.40970703125,0.10795240185560122
0.4097265625,0.21720801982612767
0.40974609375,0.02839869826769075
0.409765625,-0.2011316777190183
0.40978515625,-0.5975333912674031
0.4098046875,-0.46642754535244996
0.40982421875,-0.1904786839595986
0.40984375,-0.09404384333173169
0.40986328125,0.17019118078522813
0.4098828125,0.07807735887908962
0.40990234375,0.09181161397365503
0.409921875,0.3670252421023001
0.40994140625,0.35694600444811453
0.4099609375,0.4755455878241396
0.40998046875,0.4051897702260354
0.41,0.15759253342517893
0.41001953125,0.26193534564449417
0.4100390625,0.18094535700264489
0.41005859375,0.04804607096306958
0.410078125,0.2884153950562598
0.41009765625,0.4755137936528959
0.4101171875,0.33485031625916967
0.41013671875,0.07855904809266645
0.41015625,0.12200006758825731
0.41017578125,0.37303566675143485
0.4101953125,0.38859464199690236
0.41021484375,0.1648370660861207
0.410234375,-0.12457946689377161
0.41025390625,-0.28022434846603445
0.4102734375,-0.10665566517798022
0.41029296875,0.21036758972481295
0.4103125,0.2874425762324647
0.41033203125,0.13921313730639967
0.4103515625,0.03964266706893825
0.41037109375,0.04915471862086865
0.410390625,0.10568754489798937
0.41041015625,0.05072861349499058
0.4104296875,-0.0404113719914161
0.41044921875,0.12476426210741706
0.41046875,0.18818613140281465
0.41048828125,-0.08497180558244363
0.4105078125,-0.03871838645379025
0.41052734375,0.2863622236655003
0.410546875,0.21725392301313468
0.41056640625,0.03916517444843346
0.4105859375,0.0696460100389443
0.41060546875,0.22248121284651412
0.410625,0.5037209746911678
0.41064453125,0.5975271502220536
0.4106640625,0.5534927564491033
0.41068359375,0.6354360126123427
0.410703125,0.8402271504019013
0.41072265625,0.8652095904390369
0.4107421875,0.3582710187412416
0.41076171875,0.10613018201261926
0.41078125,0.18558699819930413
0.41080078125,-0.18111611249504578
0.4108203125,-0.45974322389571154
0.41083984375,-0.380874045143412
0.410859375,-0.18427126263731658
0.41087890625,-0.05981974993396161
0.4108984375,0.0054437188506166745
0.41091796875,0.3234628787529922
0.4109375,0.1853625246892524
0.41095703125,-0.28893875775174804
0.4109765625,-0.3266551098400814
0.41099609375,-0.5237177867737938
0.411015625,-0.6564016311832683
0.41103515625,-0.22223570242752771
0.4110546875,0.17234172258839153
0.41107421875,0.30628147910774306
0.41109375,0.3112674052972804
0.41111328125,0.21860631236551736
0.4111328125,0.2144318777659392
0.41115234375,0.37131932124027844
0.411171875,0.3772142950843295
0.41119140625,0.22921180035843214
0.4112109375,0.23399821293444645
0.41123046875,0.2879596154380374
0.41125,0.21182651836043923
0.41126953125,-0.017121225865205203
0.4112890625,-0.06205818775929425
0.41130859375,0.18670059340092837
0.411328125,0.18409169315315935
0.41134765625,0.028770035071176547
0.4113671875,0.08131624102768971
0.41138671875,0.2523246734300066
0.41140625,0.40415383586072695
0.41142578125,0.39051804096211545
0.4114453125,0.44589202389697224
0.41146484375,0.5954746441251471
0.411484375,0.5051509704151775
0.41150390625,0.31159457433891424
0.4115234375,0.22149145059131128
0.41154296875,0.335859883560222
0.4115625,0.5279201509924325
0.41158203125,0.5059178088784527
0.4116015625,0.4540099417846352
0.41162109375,0.41489349364088074
0.411640625,0.24264171867212272
0.41166015625,0.2573903974114203
0.4116796875,0.3877301132333235
0.41169921875,0.21988517986921186
0.41171875,-0.013193623317504219
0.41173828125,-0.053399888020438206
0.4117578125,-0.023444436738293273
0.41177734375,0.008324702721600465
0.411796875,-0.09079022251180839
0.41181640625,-0.33177764676842336
0.4118359375,-0.36264302162002926
0.41185546875,-0.04437567203394339
0.411875,0.20482056655364217
0.41189453125,0.18876577459396304
0.4119140625,0.21644442045719942
0.41193359375,0.13959251659243346
0.411953125,-0.15711730349509392
0.41197265625,-0.16409400232957808
0.4119921875,0.03888537945337618
0.41201171875,0.0036073351348544086
0.41203125,-0.22021211092443282
0.41205078125,-0.3776659107445712
0.4120703125,-0.11092264490999904
0.41208984375,0.35966476008879966
0.412109375,0.41859720176325277
0.41212890625,0.31536525208045985
0.4121484375,0.31829309405759565
0.41216796875,0.2994506348557273
0.4121875,0.3620971120092469
0.41220703125,0.3380625596895794
0.4122265625,0.24393113645954317
0.41224609375,0.22454995347052245
0.412265625,-0.03150188801358495
0.41228515625,-0.1246040023233552
0.4123046875,0.2432449229047225
0.41232421875,0.3534323579249866
0.41234375,0.23295475354791667
0.41236328125,0.25926655668110754
0.4123828125,0.4564233622741957
0.41240234375,0.7568783236656558
0.412421875,0.6025232091424465
0.41244140625,0.259356697109152
0.4124609375,0.23033475445760385
0.41248046875,0.16322228793708515
0.4125,0.3655740216080272
0.41251953125,0.7102210977112928
0.4125390625,0.4324513578415298
0.41255859375,0.20748244289308615
0.412578125,0.522972233052555
0.41259765625,0.6333025599446652
0.4126171875,0.5168723286580712
0.41263671875,0.6530277122463722
0.41265625,0.9274816152275641
0.41267578125,0.9921052700786603
0.4126953125,0.6942121023317767
0.41271484375,0.5325698904915119
0.412734375,0.9551875179770932
0.41275390625,1.2117145875205777
0.4127734375,0.8215066492639849
0.41279296875,0.37731069425557645
0.4128125,0.09691695761688922
0.41283203125,-0.10250084074547185
0.4128515625,-0.22282674764833676
0.41287109375,-0.20252985524276618
0.412890625,0.01059079526295302
0.41291015625,0.0913789793556388
0.4129296875,0.006295401808071104
0.41294921875,-0.02836259356807006
0.41296875,0.02439904410055274
0.41298828125,0.06272655520311299
0.4130078125,-0.11927734164331089
0.41302734375,-0.19117722899219355
0.413046875,-0.024510986824775965
0.41306640625,-0.09659803807454809
0.4130859375,-0.2446682594420092
0.41310546875,-0.1720576983580431
0.413125,0.05861970052398996
0.41314453125,0.4221090496524883
0.4131640625,0.6432983027430211
0.41318359375,0.5776011276809231
0.413203125,0.4053396061580973
0.41322265625,0.19806172963782542
0.4132421875,0.04239398156808718
0.41326171875,0.017941334430262423
0.41328125,0.06302837608359499
0.41330078125,0.1831723972471334
0.4133203125,0.19414898550296608
0.41333984375,-0.10749190752483602
0.413359375,-0.25013194052436205
0.41337890625,0.0648245512635898
0.4133984375,0.3023095543442732
0.41341796875,0.2624283127402083
0.4134375,0.2494507375391503
0.41345703125,0.1657391253039065
0.4134765625,0.027218280810347745
0.41349609375,0.13952428002117262
0.413515625,0.3169303822194278
0.41353515625,0.35166630867430027
0.4135546875,0.3737719603447304
0.41357421875,0.48148830281662974
0.41359375,0.6787675905193522
0.41361328125,0.6726788398849749
0.4136328125,0.37351105601237894
0.41365234375,0.3348424851133144
0.413671875,0.5216223074036268
0.41369140625,0.28884129579332807
0.4137109375,-0.1874306407863301
0.41373046875,-0.2862882561854445
0.41375,-0.05799887968423749
0.41376953125,-0.09914067620933044
0.4137890625,-0.4158582903274113
0.41380859375,-0.48214466497289804
0.413828125,-0.5602275207561664
0.41384765625,-0.8369045668143942
0.4138671875,-0.7577638796627935
0.41388671875,-0.5067620582842838
0.41390625,-0.6178809148387506
0.41392578125,-0.7021935681002944
0.4139453125,-0.27570033396790705
0.41396484375,0.12872711165487
0.413984375,0.02761172208977325
0.41400390625,-0.047824797122794735
0.4140234375,0.08302399671330014
0.41404296875,0.16822975487146397
0.4140625,0.25904205340387854
0.41408203125,0.2840854590219613
0.4141015625,0.36710394818863556
0.41412109375,0.28236449615183784
0.414140625,-0.1931808950014084
0.41416015625,-0.348717204102645
0.4141796875,-0.2750058229545286
0.41419921875,-0.30885342105151653
0.41421875,-0.16956054564000161
0.41423828125,-0.027011537485053645
0.4142578125,0.20007261523518038
0.41427734375,0.2968865837321335
0.414296875,-0.04743639977853865
0.41431640625,-0.0526526272396617
0.4143359375,0.1793391679120649
0.41435546875,-0.03339508510661286
0.414375,-0.2456455318958775
0.41439453125,-0.05047819886773541
0.4144140625,0.3502823176924241
0.41443359375,0.3548511980473805
0.414453125,-0.035632467592116066
0.41447265625,-0.10340149415201677
0.4144921875,-0.1824489590551096
0.41451171875,-0.3824796693368533
0.41453125,-0.013123728830649106
0.41455078125,0.4143437600126449
0.4145703125,0.3965828125608662
0.41458984375,0.3762244740454269
0.414609375,0.44850885510025174
0.41462890625,0.4630408785417569
0.4146484375,0.4830861133153558
0.41466796875,0.5820211516964855
0.4146875,0.6850003869531294
0.41470703125,0.6541737007351693
0.4147265625,0.49789539483021605
0.41474609375,0.2717226156152802
0.414765625,-0.017523909673983682
0.41478515625,-0.14370507651983472
0.4148046875,-0.1505930785875283
0.41482421875,-0.21199357925044743
0.41484375,0.004895387689790004
0.41486328125,0.08869683327021688
0.4148828125,-0.2641908066190667
0.41490234375,-0.2958650394415136
0.414921875,-0.1558789923038397
0.41494140625,-0.13130158925551788
0.4149609375,-0.10202789673610761
0.41498046875,-0.33802847783610535
0.415,-0.46200747401858033
0.41501953125,-0.36946354572677137
0.4150390625,-0.4114183260620815
0.41505859375,-0.339907654691539
0.415078125,-0.367169252770992
0.41509765625,-0.6158677207352978
0.4151171875,-0.6585190412125355
0.41513671875,-0.5543216609473651
0.41515625,-0.4912615103652769
0.41517578125,-0.4355071725385994
0.4151953125,-0.26517457920590976
0.41521484375,-0.009933153744817892
0.415234375,-0.006309635869190991
0.41525390625,-0.2375298797423287
0.4152734375,-0.2380904942521696
0.41529296875,-0.14990747624569645
0.4153125,-0.3159968630223638
0.41533203125,-0.23683422816270916
0.4153515625,0.07621124187491994
0.41537109375,0.029629676049335328
0.415390625,-0.08452249695557784
0.41541015625,-0.0664839221660018
0.4154296875,-0.17999263471019433
0.41544921875,-0.421417674143591
0.41546875,-0.4779814771730751
0.41548828125,-0.2239117569593409
0.4155078125,-0.2793828653286382
0.41552734375,-0.4746068953388646
0.415546875,-0.33942430077391306
0.41556640625,-0.5296942437964105
0.4155859375,-0.796263567963404
0.41560546875,-0.5312626608318043
0.415625,-0.2811432210419973
0.41564453125,-0.5460548708795339
0.4156640625,-1.0660763348837656
0.41568359375,-1.1290765358245105
0.415703125,-0.7523255169246716
0.41572265625,-0.636556222792488
0.4157421875,-0.7788946004992374
0.41576171875,-0.7530282384119886
0.41578125,-0.672709457270782
0.41580078125,-0.5381617552151102
0.4158203125,-0.12695900350011474
0.41583984375,0.004500617892027714
0.415859375,-0.43339563898891464
0.41587890625,-0.7386813382692661
0.4158984375,-0.5877903734154339
0.41591796875,-0.5353217711818445
0.4159375,-0.7070508128543028
0.41595703125,-0.554121543763768
0.4159765625,-0.33283403577197057
0.41599609375,-0.3867999522677127
0.416015625,-0.4064855765730182
0.41603515625,-0.40330718228287404
0.4160546875,-0.37668686332629225
0.41607421875,-0.4454428131767091
0.41609375,-0.6914539735176362
0.41611328125,-0.5346034306993701
0.4161328125,-0.264671670559445
0.41615234375,-0.3858368020579338
0.416171875,-0.4111497055444422
0.41619140625,-0.48690700644163676
0.4162109375,-0.5815310502804556
0.41623046875,-0.33482294676846247
0.41625,-0.3123071368597321
0.41626953125,-0.4652073481898209
0.4162890625,-0.42685031614526536
0.41630859375,-0.42285706523423083
0.416328125,-0.5329361658061826
0.41634765625,-0.6858465150939512
0.4163671875,-0.6523234496886231
0.41638671875,-0.5153575983432025
0.41640625,-0.4642464087865667
0.41642578125,-0.27189707046659245
0.4164453125,-0.08496935764070651
0.41646484375,-0.04690457829599201
0.416484375,0.05488012079593342
0.41650390625,0.12368286597582391
0.4165234375,0.09254939037517404
0.41654296875,0.058424974990125805
0.4165625,-0.03496847583246828
0.41658203125,-0.20391839242727167
0.4166015625,-0.2589992699562024
0.41662109375,-0.10948803270097521
0.416640625,-0.10783180476534591
0.41666015625,-0.19274029110774377
0.4166796875,-0.07786592642451737
0.41669921875,-0.2943717911706978
0.41671875,-0.5055051560620443
0.41673828125,-0.09836918323366954
0.4167578125,0.03834758239372327
0.41677734375,-0.12042899044872582
0.416796875,0.062019996518441714
0.41681640625,0.20172120812027708
0.4168359375,-0.009180842831504
0.41685546875,-0.3807685514823122
0.416875,-0.5189680987572968
0.41689453125,-0.4904054772202928
0.4169140625,-0.5263826288426681
0.41693359375,-0.5668387236553668
0.416953125,-0.7187419754093676
0.41697265625,-0.7130646028039923
0.4169921875,-0.5154266014636859
0.41701171875,-0.6310475492616834
0.41703125,-0.8699875139282722
0.41705078125,-0.7862589076434892
0.4170703125,-0.46975479446949087
0.41708984375,-0.5397094435716479
0.417109375,-1.0916902361507697
0.41712890625,-1.108912180461981
0.4171484375,-0.5551780800484987
0.41716796875,-0.21269900369761668
0.4171875,-0.04651411945188925
0.41720703125,-0.018248211528964275
0.4172265625,-0.00432911446955293
0.41724609375,0.07338963256868757
0.417265625,0.07074334979443825
0.41728515625,0.07815926690936584
0.4173046875,-0.23246713267613062
0.41732421875,-0.7459755990814536
0.41734375,-0.8179583765999193
0.41736328125,-0.5767046462424613
0.4173828125,-0.48271410030928774
0.41740234375,-0.6765676810649008
0.417421875,-0.697557618879476
0.41744140625,-0.3771682935947497
0.4174609375,-0.15873890950673483
0.41748046875,-0.08076349200851132
0.4175,-0.21524787861156144
0.41751953125,-0.36452654657383615
0.4175390625,-0.28510313976060625
0.41755859375,-0.3369477709220227
0.417578125,-0.4777412628422408
0.41759765625,-0.6563303835192754
0.4176171875,-0.6951297159487707
0.41763671875,-0.5222113895825998
0.41765625,-0.5790029216178179
0.41767578125,-0.4882664140204082
0.4176953125,-0.1006743404591416
0.41771484375,0.15234720555333048
0.417734375,0.2500522484297487
0.41775390625,0.1653392406070887
0.4177734375,0.12217994005617416
0.41779296875,0.1813837382657329
0.4178125,0.15965756937103964
0.41783203125,0.21542495365568062
0.4178515625,0.19789030780910705
0.41787109375,0.135795732719804
0.417890625,0.2747113576142475
0.41791015625,0.1934603409876406
0.4179296875,-0.059825305913073855
0.41794921875,0.03073446487624018
0.41796875,0.22524605429622094
0.41798828125,0.16680194566445608
0.4180078125,-0.043993150314318274
0.41802734375,-0.13858395107901023
0.418046875,0.03177245534029906
0.41806640625,0.27599988303408207
0.4180859375,0.3709410307532907
0.41810546875,0.31980704063590004
0.418125,0.1632141964013185
0.41814453125,0.02876620435832712
0.4181640625,-0.018099744992208913
0.41818359375,-0.01469576627201591
0.418203125,0.1127839095369777
0.41822265625,0.2729314713470343
0.4182421875,0.2888830129076546
0.41826171875,0.08299820262636204
0.41828125,-0.1901835268673871
0.41830078125,-0.13310322901536858
0.4183203125,0.2080696081467252
0.41833984375,0.4245062695615436
0.418359375,0.3002207854207995
0.41837890625,-0.0027621818808275305
0.4183984375,-0.0121752481842342
0.41841796875,0.1949129188006724
0.4184375,0.16761167682487393
0.41845703125,-0.004993439295890051
0.4184765625,0.025914094413169192
0.41849609375,0.3217286622218176
0.418515625,0.5643336303962003
0.41853515625,0.5314584755687769
0.4185546875,0.2766021578424344
0.41857421875,0.32044721240787366
0.41859375,0.8608075329230418
0.41861328125,1.0077375237636141
0.4186328125,0.7672445512663921
0.41865234375,0.7765802634194039
0.418671875,0.8469295583690752
0.41869140625,0.8782564673766174
0.4187109375,0.7153241898921632
0.41873046875,0.42521481132341876
0.41875,0.4442028249119788
0.41876953125,0.41511055141909087
0.4187890625,0.18601256568333224
0.41880859375,0.1290795938275058
0.418828125,0.04519589319682412
0.41884765625,0.059629067925995274
0.4188671875,0.27447930490628764
0.41888671875,0.12391409803194567
0.41890625,0.033247576139062957
0.41892578125,0.2994750791204648
0.4189453125,0.1385500304379327
0.41896484375,-0.24644625559285
0.418984375,-0.3534353911217828
0.41900390625,-0.20918197999667637
0.4190234375,0.03561624017060902
0.41904296875,-0.10658608648676972
0.4190625,-0.36313970410591817
0.41908203125,-0.17590976510477058
0.4191015625,0.03537814056658886
0.41912109375,-0.17889563992437232
0.419140625,-0.6241679225726529
0.41916015625,-0.6447938275114489
0.4191796875,0.00440385239924547
0.41919921875,0.4803371987804405
0.41921875,0.4221541689768422
0.41923828125,0.4713568594735259
0.4192578125,0.6028849871407156
0.41927734375,0.698773930121681
0.419296875,0.8538990107773212
0.41931640625,0.6347238726862318
0.4193359375,0.48235168983862664
0.41935546875,0.6195322628897997
0.419375,0.3978470334094571
0.41939453125,0.3666872051307931
0.4194140625,0.44677077755917005
0.41943359375,0.06984878779281724
0.419453125,0.07790218823339315
0.41947265625,0.33137624859416254
0.4194921875,0.2360023769343716
0.41951171875,0.2616706435561835
0.41953125,0.44682216010835063
0.41955078125,0.49545095395375266
0.4195703125,0.25858979892567246
0.41958984375,0.07539132132487786
0.419609375,0.15675069849623915
0.41962890625,-0.0627276478824492
0.4196484375,-0.29075353148418936
0.41966796875,-0.17733647704751293
0.4196875,-0.10105928875132827
0.41970703125,0.005432410690989736
0.4197265625,0.038776561815639356
0.41974609375,-0.1430659239825976
0.419765625,-0.2619234988340292
0.41978515625,-0.17335200206317308
0.4198046875,0.0977820599157111
0.41982421875,0.2960697338578943
0.41984375,0.1597219422034061
0.41986328125,-0.07140925261826148
0.4198828125,-0.048150390188869116
0.41990234375,0.08821964059947625
0.419921875,-0.03836995855355253
0.41994140625,-0.35210871496591317
0.4199609375,-0.294588925677393
0.41998046875,0.07280987626616364
0.42,0.19001043430166276
0.42001953125,0.2380250214540986
0.4200390625,0.3888267779378551
0.42005859375,0.4063659406219968
0.420078125,0.5518995140872078
0.42009765625,0.8050835634095265
0.4201171875,0.7222452278955275
0.42013671875,0.4542725367731779
0.42015625,0.17348780517131096
0.42017578125,-0.05131791095809532
0.4201953125,-0.03195521743565416
0.42021484375,0.0871715511930528
0.420234375,0.11323317869910543
0.42025390625,0.007772974598867227
0.4202734375,0.03384460648524195
0.42029296875,0.28308988915760974
0.4203125,0.215960757880751
0.42033203125,-0.20570298898717665
0.4203515625,-0.31439112936336383
0.42037109375,-0.04323051481100019
0.420390625,0.024152931514075576
0.42041015625,0.09606869998689717
0.4204296875,0.43767698567802027
0.42044921875,0.6137857076833652
0.42046875,0.6497650164289313
0.42048828125,0.5600368930340058
0.4205078125,0.6086233190807009
0.42052734375,0.892911350921765
0.420546875,0.8289120845545073
0.42056640625,0.8308250486191906
0.4205859375,0.9608534568193311
0.42060546875,0.8067160864684582
0.420625,0.8949125704286848
0.42064453125,1.0981334997893137
0.4206640625,1.0190899919358327
0.42068359375,0.748938851887358
0.420703125,0.46577573225092095
0.42072265625,0.6516944857113975
0.4207421875,0.8858848065071359
0.42076171875,0.7369767536885765
0.42078125,0.8655210277494849
0.42080078125,0.9945421560699563
0.4208203125,0.7080919684892627
0.42083984375,0.3719439711060364
0.420859375,0.08652455448533089
0.42087890625,0.1377331388353185
0.4208984375,0.26255999258853147
0.42091796875,-0.02349877337100166
0.4209375,-0.20817480628669568
0.42095703125,-0.029371958072447538
0.4209765625,0.33998737876538787
0.42099609375,0.46336745893673914
0.421015625,0.1890973014368768
0.42103515625,0.2677294177167905
0.4210546875,0.5817381083235347
0.42107421875,0.654091017633859
0.42109375,0.6462017462108673
0.42111328125,0.3791425526127704
0.4211328125,0.19279120719691586
0.42115234375,0.4236744183982521
0.421171875,0.41114024715700065
0.42119140625,0.19882432653556986
0.4212109375,0.37387960878408677
0.42123046875,0.6815718184505513
0.42125,0.6884030132822486
0.42126953125,0.47713770833152624
0.4212890625,0.3765169622058512
0.42130859375,0.40696330660650015
0.421328125,0.2475669936446575
0.42134765625,0.16163909137029858
0.4213671875,0.43065768517885905
0.42138671875,0.6828617140989464
0.42140625,0.779283173687386
0.42142578125,0.7271888329590326
0.4214453125,0.7512953059831922
0.42146484375,0.9334182940013691
0.421484375,0.9278818782040241
0.42150390625,0.9670257472790602
0.4215234375,1.0262998238575254
0.42154296875,0.8358025658351934
0.4215625,0.9265113255424312
0.42158203125,1.1011810395627135
0.4216015625,0.6515859829069895
0.42162109375,0.21359533661327618
0.421640625,0.2894201534105441
0.42166015625,0.34330462594887484
0.4216796875,0.19796730761880266
0.42169921875,0.061842966195872706
0.42171875,0.05537529569779564
0.42173828125,0.033878879744835694
0.4217578125,0.09978243233102325
0.42177734375,0.3676327622580093
0.421796875,0.20719132353507377
0.42181640625,-0.20861986051623382
0.4218359375,-0.2974500975237425
0.42185546875,-0.21870290660639263
0.421875,-0.13590080216221528
0.42189453125,-0.31286186667848437
0.4219140625,-0.4903509484975177
0.42193359375,-0.3768463442878815
0.421953125,-0.1376281466534441
0.42197265625,0.24409277035874588
0.4219921875,0.24889340334859356
0.42201171875,0.0372915604432194
0.42203125,0.2320421404967411
0.42205078125,0.2910549766054476
0.4220703125,0.21744300767314284
0.42208984375,0.35419400357330283
0.422109375,0.3369723620525967
0.42212890625,0.1590800575161637
0.4221484375,0.14566393380946915
0.42216796875,0.3793951521329809
0.4221875,0.4206370505072808
0.42220703125,0.09205475776492808
0.4222265625,-0.011943990432725309
0.42224609375,0.09732761963732695
0.422265625,0.05457363917117327
0.42228515625,0.010590260521913794
0.4223046875,-0.0006101210545573395
0.42232421875,0.03671011221540983
0.42234375,0.16611407325163463
0.42236328125,0.22856804916917786
0.4223828125,0.1482223308326834
0.42240234375,0.09360879175118599
0.422421875,0.2946254391230141
0.42244140625,0.49163489652327386
0.4224609375,0.37610018522952043
0.42248046875,0.05029417495211774
0.4225,-0.11330832649785036
0.42251953125,0.2211333406420734
0.4225390625,0.5158524374110058
0.42255859375,0.352918559648404
0.422578125,0.183722167587898
0.42259765625,0.22890394718304657
0.4226171875,0.3955534533879431
0.42263671875,0.47123724900080544
0.42265625,0.32514936986018217
0.42267578125,0.3447377808619434
0.4226953125,0.653098791856886
0.42271484375,0.7667894651236624
0.422734375,0.6112505084887414
0.42275390625,0.4734014996351842
0.4227734375,0.551890159043157
0.42279296875,0.6452582120143671
0.4228125,0.3828061853622621
0.42283203125,0.10022615972587007
0.4228515625,-0.02538646710540506
0.42287109375,0.006548607797892313
0.422890625,0.14857889622707227
0.42291015625,-0.09041312302815846
0.4229296875,-0.23466107163037597
0.42294921875,-0.05386045030020402
0.42296875,-0.09098006709580528
0.42298828125,-0.08758082210658588
0.4230078125,-0.08935126502559462
0.42302734375,-0.3240303175794279
0.423046875,-0.43106403807139965
0.42306640625,-0.2827461109501125
0.4230859375,-0.2640638328886896
0.42310546875,-0.39905482761541927
0.423125,-0.2679798801275925
0.42314453125,-0.1989419016378241
0.4231640625,-0.2922806604465951
0.42318359375,-0.10817933981554143
0.423203125,0.07675735481975136
0.42322265625,-0.041664279648563896
0.4232421875,-0.33526137951044027
0.42326171875,-0.30075459408670147
0.42328125,0.10723220887007961
0.42330078125,0.03153082508528435
0.4233203125,-0.2418007089755245
0.42333984375,0.040633012466192726
0.423359375,0.15540317656524036
0.42337890625,-0.19163264433753988
0.4233984375,-0.21193313337639094
0.42341796875,0.06456917004547595
0.4234375,0.08984217595814516
0.42345703125,0.05833946675209964
0.4234765625,0.26402321711718313
0.42349609375,0.25993737762289265
0.423515625,-0.14377016594705722
0.42353515625,-0.3043641998904529
0.4235546875,-0.04836658630984826
0.42357421875,0.04316668193960089
0.42359375,-0.24617699712200078
0.42361328125,-0.4715278203857997
0.4236328125,-0.37623209331183516
0.42365234375,-0.4146444046432175
0.423671875,-0.6532713153822237
0.42369140625,-0.5597728913535052
0.4237109375,-0.5438550023308211
0.42373046875,-0.8527218387667858
0.42375,-0.6872027790794785
0.42376953125,-0.3715671381442449
0.4237890625,-0.4371406081113512
0.42380859375,-0.41658733268915943
0.423828125,-0.26834353111584747
0.42384765625,-0.24894146211831575
0.4238671875,-0.34972930837437644
0.42388671875,-0.28151261489361734
0.42390625,-0.3158854692564117
0.42392578125,-0.8113608510676698
0.4239453125,-0.8745175248736619
0.42396484375,-0.45690959037277357
0.423984375,-0.45677884870635677
0.42400390625,-0.40772972864727597
0.4240234375,-0.1458417849873635
0.42404296875,-0.4221489374033863
0.4240625,-0.6376863899932826
0.42408203125,-0.15828708999560157
0.4241015625,0.17050665393618233
0.42412109375,0.025058628846876343
0.424140625,-0.14501076342846198
0.42416015625,-0.30433161734394426
0.4241796875,-0.3295687712742916
0.42419921875,-0.11249758147384434
0.42421875,0.016024894749857153
0.42423828125,-0.20881416799203978
0.4242578125,-0.6068197267351416
0.42427734375,-0.6088561432762318
0.424296875,-0.33803243100148045
0.42431640625,-0.4235855616041092
0.4243359375,-0.6218636464723593
0.42435546875,-0.6204911898805179
0.424375,-0.5004519528827261
0.42439453125,-0.48343188424126166
0.4244140625,-0.7855875781786061
0.42443359375,-0.9026560185739477
0.424453125,-0.754545685848683
0.42447265625,-0.5991228935336789
0.4244921875,-0.29944981572338303
0.42451171875,-0.2999222605320674
0.42453125,-0.30842223957201187
0.42455078125,0.1564710574731879
0.4245703125,0.34072411826485555
0.42458984375,0.25709306128259696
0.424609375,0.29773604610017373
0.42462890625,0.07780334181395566
0.4246484375,-0.2683466440153094
0.42466796875,-0.123653578227395
0.4246875,0.22062178670248753
0.42470703125,0.13813019748673463
0.4247265625,-0.029492060900823354
0.42474609375,0.08629780126065142
0.424765625,0.22784798298605574
0.42478515625,0.1904719262382329
0.4248046875,0.008257258851749091
0.42482421875,-0.16884975441689448
0.42484375,-0.25876442005081024
0.42486328125,-0.12350633212352904
0.4248828125,0.08324013574338926
0.42490234375,-0.22607197722969702
0.424921875,-0.7314032945814197
0.42494140625,-0.717586924341507
0.4249609375,-0.6893255086551284
0.42498046875,-0.9645208083744132
0.425,-0.9264096430137782
0.42501953125,-0.6156766568942844
0.4250390625,-0.4205292453084144
0.42505859375,-0.2910735630828185
0.425078125,-0.3373605396032967
0.42509765625,-0.6057856194751691
0.4251171875,-0.5815808586742074
0.42513671875,-0.14093413605643457
0.42515625,-0.009737304043838435
0.42517578125,-0.3360990034699177
0.4251953125,-0.4507641115675535
0.42521484375,-0.2831976380395659
0.425234375,-0.36297935616464894
0.42525390625,-0.5593024120372625
0.4252734375,-0.3114848186535356
0.42529296875,0.0015391812719436904
0.4253125,-0.1665803312377485
0.42533203125,-0.25593355414012536
0.4253515625,-0.07384497966655636
0.42537109375,-0.27230272282816514
0.425390625,-0.431162976515417
0.42541015625,-0.02625107962965626
0.4254296875,0.08424885297084567
0.42544921875,-0.30997009080774474
0.42546875,-0.4155344665549858
0.42548828125,-0.19477219592435774
0.4255078125,-0.09511283232026908
0.42552734375,-0.05389457976270133
0.425546875,0.029851292081622332
0.42556640625,-0.15190844136928222
0.4255859375,-0.42816178080078193
0.42560546875,-0.38763125147343275
0.425625,-0.1930038515442916
0.42564453125,-0.052615935735917996
0.4256640625,0.07632172193674812
0.42568359375,0.11501422161686248
0.425703125,-0.16698141040407227
0.42572265625,-0.26578034952374613
0.4257421875,0.31318794901859326
0.42576171875,0.6140383602250068
0.42578125,0.08856118817397571
0.42580078125,-0.31414723151963575
0.4258203125,-0.057087216589088434
0.42583984375,0.23802781579157808
0.425859375,0.1970723650206606
0.42587890625,0.102764263869402
0.4258984375,-0.011396780524043332
0.42591796875,-0.06273052539043654
0.4259375,0.08839343697903781
0.42595703125,0.30677373766089516
0.4259765625,0.25570861730744116
0.42599609375,-0.1354258896987731
0.426015625,-0.07056772239646675
0.42603515625,0.2236453622924536
0.4260546875,-0.054651975403451125
0.42607421875,-0.07396157685133624
0.42609375,0.3408808575204725
0.42611328125,0.3872775005447406
0.4261328125,0.09038078701180996
0.42615234375,-0.24288777712243437
0.426171875,-0.28756241648748726
0.42619140625,-0.17407013891735296
0.4262109375,-0.17824673609319286
0.42623046875,-0.08787629903442938
0.42625,0.03282642694358208
0.42626953125,0.037241258123485
0.4262890625,0.07226676316570067
0.42630859375,0.30816721702713656
0.426328125,0.5681122670763936
0.42634765625,0.49225337106195755
0.4263671875,0.34147857939122633
0.42638671875,0.3025359640715069
0.42640625,0.24616249650432462
0.42642578125,0.3054406600215512
0.4264453125,0.30736054863241224
0.42646484375,0.2611007350909287
0.426484375,0.2709922049080504
0.42650390625,0.12628122173179576
0.4265234375,0.058412329117300085
0.42654296875,0.07401133882562916
0.4265625,0.225792215681613
0.42658203125,0.7207545418631521
0.4266015625,0.9026569840636764
0.42662109375,0.7691621725092053
0.426640625,0.8589928485618488
0.42666015625,0.8915257113217727
0.4266796875,0.8464000649635562
0.42669921875,0.7314596558722135
0.42671875,0.6795693598413677
0.42673828125,1.0542999448873713
0.4267578125,0.9421187516679047
0.42677734375,0.3993946446562704
0.426796875,0.5813176886199602
0.42681640625,0.6994597100948301
0.4268359375,0.30429892892337057
0.42685546875,0.06359906910594239
0.426875,-0.08787727555912075
0.42689453125,-0.255840375278921
0.4269140625,-0.44839785113906705
0.42693359375,-0.3545247257806048
0.426953125,-0.05978182584687867
0.42697265625,-0.2364374220722397
0.4269921875,-0.4109514555762044
0.42701171875,-0.24520554101754807
0.42703125,0.016473639175006133
0.42705078125,0.5308403505377179
0.4270703125,0.6732238574869341
0.42708984375,0.1400139796792248
0.427109375,-0.097222487555884
0.42712890625,0.12867335630696086
0.4271484375,0.3089641976554103
0.42716796875,0.2941149055461514
0.4271875,0.13888545511142347
0.42720703125,0.27741287827985317
0.4272265625,0.5631190160467006
0.42724609375,0.5824011419665269
0.427265625,0.7384168237900017
0.42728515625,0.7393360057233818
0.4273046875,0.37670822931311254
0.42732421875,0.3817822429187944
0.42734375,0.389642691841634
0.42736328125,0.07351845303070625
0.4273828125,-0.12046633972624035
0.42740234375,-0.08165028318209876
0.427421875,0.17256384382879122
0.42744140625,0.13829353466256403
0.4274609375,0.03684001291729676
0.42748046875,0.3216881851388764
0.4275,0.33573211377510387
0.42751953125,0.21560826568539304
0.4275390625,0.18284065626371693
0.42755859375,0.12307110578994473
0.427578125,0.28554292459438907
0.42759765625,0.33836525450923044
0.4276171875,0.2673080190539793
0.42763671875,0.19950083248768194
0.42765625,0.03158196088976804
0.42767578125,0.09940626172820499
0.4276953125,0.24655545135864304
0.42771484375,0.16809787330317105
0.427734375,-0.0033034726256925377
0.42775390625,-0.07133586958731038
0.4277734375,0.036180622527131
0.42779296875,0.05673907857988582
0.4278125,0.05146377924118326
0.42783203125,0.10591118119993231
0.4278515625,0.03239322868383774
0.42787109375,-0.05101380763731883
0.427890625,-0.09801986962918699
0.42791015625,0.000370058533662395
0.4279296875,0.16525583483487652
0.42794921875,0.14344996961325157
0.42796875,0.07474160186171769
0.42798828125,-0.006699146530518139
0.4280078125,0.12731319700401367
0.42802734375,0.4012795107553193
0.428046875,0.35729294257649913
0.42806640625,0.35570157914699296
0.4280859375,0.4886570397954839
0.42810546875,0.41820334013089305
0.428125,0.24831639663410687
0.42814453125,-0.03222076736798521
0.4281640625,-0.2896408700203852
0.42818359375,-0.2792099324938393
0.428203125,-0.2860836665123919
0.42822265625,-0.33525138345693595
0.4282421875,-0.17166384415543623
0.42826171875,-0.05467156331346638
0.42828125,0.03951680217662495
0.42830078125,0.17573458449772733
0.4283203125,0.05904843166675834
0.42833984375,-0.005153393481095892
0.428359375,0.09847676402439601
0.42837890625,0.22209692730816705
0.4283984375,0.44215187848462245
0.42841796875,0.37398062499614426
0.4284375,0.09720639574769555
0.42845703125,0.1646877193191641
0.4284765625,0.3953051076905572
0.42849609375,0.36130975002801685
0.428515625,0.17055769761715905
0.42853515625,0.267203715627874
0.4285546875,0.6121160055296779
0.42857421875,0.7902469033053691
0.42859375,0.7333947480867615
0.42861328125,0.6512591652165938
0.4286328125,0.6621732757492115
0.42865234375,0.7067136219336563
0.428671875,0.7359399877498474
0.42869140625,0.6769159398236677
0.4287109375,0.4784794794642932
0.42873046875,0.26618203542542823
0.42875,0.15730452108696966
0.42876953125,0.1613860353270864
0.4287890625,0.203402604152559
0.42880859375,0.25164660205612244
0.428828125,0.3395816472315186
0.42884765625,0.3285012731798501
0.4288671875,0.06177923620541473
0.42888671875,-0.12629259652201333
0.42890625,0.003912806716562238
0.42892578125,0.003760346905352801
0.4289453125,-0.10813144812067192
0.42896484375,0.023459858740094965
0.428984375,0.28328737924034314
0.42900390625,0.4862423887839772
0.4290234375,0.38020472506425074
0.42904296875,0.13006029856722387
0.4290625,-0.02185308298890567
0.42908203125,-0.003145737620053962
0.4291015625,0.2431375162889504
0.42912109375,0.12683057556745594
0.429140625,0.010182747265968628
0.42916015625,0.2882412932123867
0.4291796875,0.1581223164220348
0.42919921875,0.03146144962357278
0.42921875,0.12038393289837991
0.42923828125,0.05974318516123442
0.4292578125,0.18245783055420858
0.42927734375,0.11624212391337889
0.429296875,-0.03538651845481657
0.42931640625,0.2484165671582915
0.4293359375,0.40951598921806553
0.42935546875,0.236508221284275
0.429375,0.19308789543959243
0.42939453125,0.35166637165705594
0.4294140625,0.3782996858457202
0.42943359375,0.26471026642834594
0.429453125,0.44061880134661957
0.42947265625,0.827189039063625
0.4294921875,0.7676878365842161
0.42951171875,0.4879721569423191
0.42953125,0.6685687580148074
0.42955078125,0.7326361508443658
0.4295703125,0.4099756232060201
0.42958984375,0.48733675503063795
0.429609375,0.637355897390797
0.42962890625,0.2950712359012493
0.4296484375,-0.009321447623961195
0.42966796875,-0.10987670454932741
0.4296875,-0.20288254459145033
0.42970703125,-0.14258672203968561
0.4297265625,0.09382955967560377
0.42974609375,0.1422468239734465
0.429765625,-0.2683691695111667
0.42978515625,-0.5254580432186697
0.4298046875,-0.19828274329265866
0.42982421875,-0.03546070211384671
0.42984375,-0.3273579452971129
0.42986328125,-0.4777351322203012
0.4298828125,-0.28581400329090817
0.42990234375,-0.05413576994413341
0.429921875,-0.14937404467825735
0.42994140625,-0.28746140956952
0.4299609375,0.0013083733428436023
0.42998046875,0.09260455492056889
0.43,-0.1533087848340395
0.43001953125,-0.01026854295293584
0.4300390625,0.16319034692298254
0.43005859375,0.0072012504354188635
0.430078125,-0.04318910298625292
0.43009765625,0.10600161086744156
0.4301171875,0.08491180637420549
0.43013671875,-0.2819577205531117
0.43015625,-0.350400310539254
0.43017578125,-0.03416827834775399
0.4301953125,-0.02821745552008308
0.43021484375,-0.09907723671064357
0.430234375,0.00989938123082678
0.43025390625,0.14985833112572688
0.4302734375,0.166435900447631
0.43029296875,-0.02100841933014181
0.4303125,0.15430559560085028
0.43033203125,0.30208479195536386
0.4303515625,-0.1448951882615811
0.43037109375,-0.23104681378067643
0.430390625,0.07863391528360002
0.43041015625,0.19393490800104682
0.4304296875,0.09022079439666865
0.43044921875,-0.17650808453637432
0.43046875,-0.10781619981380186
0.43048828125,0.11880465174815788
0.4305078125,0.08649773210168998
0.43052734375,0.07649318691417163
0.430546875,0.2098377151148742
0.43056640625,0.4140051023581912
0.4305859375,0.41724088796148556
0.43060546875,0.19855570788511026
0.430625,0.07882911329070989
0.43064453125,0.2385774839479354
0.4306640625,0.6524970625721724
0.43068359375,0.8344961981587659
0.430703125,0.6306654269931199
0.43072265625,0.485872619532954
0.4307421875,0.5743258175602167
0.43076171875,0.7791112429660272
0.43078125,0.7689023765819378
0.43080078125,0.36626771525113955
0.4308203125,-0.04380420234461141
0.43083984375,-0.11825598922792264
0.430859375,-0.03620990414659551
0.43087890625,-0.1788654313210252
0.4308984375,-0.47759148028093046
0.43091796875,-0.41597164502475376
0.4309375,-0.09210788895725226
0.43095703125,-0.15028757997752268
0.4309765625,-0.32353077659294
0.43099609375,-0.3254079666873489
0.431015625,-0.6010218728880043
0.43103515625,-0.7628140672787365
0.4310546875,-0.6354710444099966
0.43107421875,-0.790456278245055
0.43109375,-1.0292479120100948
0.43111328125,-1.030911669901084
0.4311328125,-0.8291541549087269
0.43115234375,-0.6475191712812098
0.431171875,-0.45643751937235816
0.43119140625,-0.032210612438372276
0.4312109375,0.1710049695590458
0.43123046875,0.16506365290666986
0.43125,0.27206291207887623
0.43126953125,0.2224881318871778
0.4312890625,0.2610637621657692
0.43130859375,0.5131026774880001
0.431328125,0.5647611627528317
0.43134765625,0.4369724247395494
0.4313671875,0.297972558015107
0.43138671875,0.09989094688890524
0.43140625,-0.21259029874518742
0.43142578125,-0.40442932164499956
0.4314453125,-0.43380745683730265
0.43146484375,-0.5998631297426085
0.431484375,-0.751658962848107
0.43150390625,-0.7020661322612519
0.4315234375,-0.4107380340889163
0.43154296875,0.10536321017765624
0.4315625,0.24208721090112398
0.43158203125,-0.05965794207630777
0.4316015625,-0.17587562318689498
0.43162109375,-0.33361784235932057
0.431640625,-0.6566133635917284
0.43166015625,-0.7134436404535023
0.4316796875,-0.7360563129197693
0.43169921875,-0.9466418620914947
0.43171875,-1.1113572515293109
0.43173828125,-1.0536537924142173
0.4317578125,-0.7651836859074419
0.43177734375,-0.4663599574241466
0.431796875,-0.21900679231877812
0.43181640625,-0.11642634844171419
0.4318359375,-0.2616528238433186
0.43185546875,-0.2995208900387097
0.431875,-0.3112265601772064
0.43189453125,-0.6283704671361998
0.4319140625,-0.8286096141347867
0.43193359375,-0.7693237410352626
0.431953125,-0.8228265517159703
0.43197265625,-0.7817983296549135
0.4319921875,-0.4920840747670133
0.43201171875,-0.3534505567136609
0.43203125,-0.49619662050211816
0.43205078125,-0.5276699513118999
0.4320703125,-0.23224161549345068
0.43208984375,-0.13369824570810224
0.432109375,-0.47550618719720644
0.43212890625,-0.6782619226680898
0.4321484375,-0.4066895929044578
0.43216796875,0.07489580233502648
0.4321875,0.2761222424410305
0.43220703125,0.10736213203251614
0.4322265625,-0.1825242951858432
0.43224609375,-0.49594134614170193
0.432265625,-0.5751321695568317
0.43228515625,-0.4710745908433903
0.4323046875,-0.5431210266481971
0.43232421875,-0.6929087146191261
0.43234375,-0.7891657403777332
0.43236328125,-0.575570518429364
0.4323828125,-0.1492048473594101
0.43240234375,-0.31275039837128127
0.432421875,-0.718153964203753
0.43244140625,-0.5909474774395379
0.4324609375,-0.44521098562902706
0.43248046875,-0.6922372085316558
0.4325,-0.810344550776063
0.43251953125,-0.3570771459736961
0.4325390625,0.05577742009689285
0.43255859375,-0.07236966186230023
0.432578125,-0.22294618493889434
0.43259765625,-0.24552038318947467
0.4326171875,-0.1765889465542167
0.43263671875,-0.03989222304289382
0.43265625,0.0024172661383653343
0.43267578125,-0.008509661022492634
0.4326953125,-0.14139168358737683
0.43271484375,-0.05404257037876861
0.432734375,0.086122332808437
0.43275390625,-0.09705201848708003
0.4327734375,-0.07585258812469435
0.43279296875,0.0212807872057511
0.4328125,-0.01797790408295529
0.43283203125,-0.15617635283371403
0.4328515625,-0.4434355526659678
0.43287109375,-0.5145787015144345
0.432890625,-0.5750471977806104
0.43291015625,-0.8105305158097944
0.4329296875,-0.877849602468096
0.43294921875,-0.9793060512479241
0.43296875,-1.2266199502326243
0.43298828125,-1.1441395668318213
0.4330078125,-0.8979066599518397
0.43302734375,-0.9857520298826105
0.433046875,-1.0767670600908847
0.43306640625,-0.9590680236685594
0.4330859375,-0.8806008693347154
0.43310546875,-0.8124729952781145
0.433125,-0.6705096349690103
0.43314453125,-0.5165976156030354
0.4331640625,-0.5037210220181223
0.43318359375,-0.42274135043146194
0.433203125,-0.1218146618482166
0.43322265625,-0.07646202751099332
0.4332421875,-0.15920608224236685
0.43326171875,-0.05217668739487127
0.43328125,0.011132742458045693
0.43330078125,0.015668007812603923
0.4333203125,-0.014681531641119783
0.43333984375,-0.07109978604169817
0.433359375,-0.3043198873300847
0.43337890625,-0.4702412668639774
0.4333984375,-0.08738727289704354
0.43341796875,0.06022453037344951
0.4334375,-0.3069895843289502
0.43345703125,-0.4770313969005959
0.4334765625,-0.47921074263797164
0.43349609375,-0.39171881767652583
0.433515625,-0.2327076791609382
0.43353515625,-0.060656855191334035
0.4335546875,0.09301924900759928
0.43357421875,0.010543171564804691
0.43359375,-0.06450330214555153
0.43361328125,-0.10631339535696414
0.4336328125,-0.29895535898515363
0.43365234375,-0.32441064848117374
0.433671875,-0.15969296611510078
0.43369140625,-0.22558529692470694
0.4337109375,-0.6897223068858809
0.43373046875,-0.7925069190335317
0.43375,-0.3141152532219737
0.43376953125,-0.19231719098334302
0.4337890625,-0.4440671428341797
0.43380859375,-0.6002450424200431
0.433828125,-0.3820820174600014
0.43384765625,-0.027045715575829993
0.4338671875,-0.10373563372393024
0.43388671875,-0.007987914110167624
0.43390625,0.2260168415346024
0.43392578125,-0.0016731499150359867
0.4339453125,-0.03287441145079533
0.43396484375,0.19873083769000702
0.433984375,0.19543925748540847
0.43400390625,0.020477322008208572
0.4340234375,-0.2132782010280249
0.43404296875,-0.3408699580028843
0.4340625,-0.2525207893119325
0.43408203125,-0.0484468875101864
0.4341015625,0.1488233440530744
0.43412109375,0.27140668394204703
0.434140625,0.2738910159698425
0.43416015625,0.2461016148374705
0.4341796875,0.2607098924044957
0.43419921875,0.18938873724859032
0.43421875,0.029800627099137673
0.43423828125,-0.217891208841263
0.4342578125,-0.3603333346001078
0.43427734375,-0.09626404625068523
0.434296875,-0.1281766937591632
0.43431640625,-0.6011965649837661
0.4343359375,-0.46474106070915494
0.43435546875,-0.12208320844293188
0.434375,-0.297626345189266
0.43439453125,-0.39462929185901124
0.4344140625,0.008241599325617799
0.43443359375,0.4763744535159866
0.434453125,0.40093695618047825
0.43447265625,0.19415608323465589
0.4344921875,0.3309569884933325
0.43451171875,0.48699310806667573
0.43453125,0.5465052449761049
0.43455078125,0.4970452733400081
0.4345703125,0.5503870183778301
0.43458984375,0.7351640641113252
0.434609375,0.6352616998897257
0.43462890625,0.4728875825902117
0.4346484375,0.5300939434247357
0.43466796875,0.608750909259517
0.4346875,0.7166862358418623
0.43470703125,0.785076775500279
0.4347265625,0.5207671560698589
0.43474609375,0.208817164123201
0.434765625,0.2811141011980189
0.43478515625,0.3355718546036829
0.4348046875,0.014557840400247036
0.43482421875,-0.06482289045834874
0.43484375,0.34601255847518686
0.43486328125,0.5237273840482284
0.4348828125,0.4533547558622648
0.43490234375,0.5422440778413138
0.434921875,0.7441889320622029
0.43494140625,0.815492759640697
0.4349609375,0.30248329322204454
0.43498046875,-0.24293295844102386
0.435,-0.15266320889265017
0.43501953125,0.0037249043172268535
0.4350390625,-0.06051056759725255
0.43505859375,-0.27347642410356754
0.435078125,-0.5522047659082367
0.43509765625,-0.5704316548011036
0.4351171875,-0.36425759346658115
0.43513671875,-0.17791821304396727
0.43515625,0.05006014254828269
0.43517578125,0.12649501731897572
0.4351953125,0.017128973868304496
0.43521484375,0.1643647887210158
0.435234375,0.20138295997044597
0.43525390625,0.11340123845814108
0.4352734375,0.2665537683047457
0.43529296875,0.1573689115747923
0.4353125,0.010156662936323056
0.43533203125,0.03229369433736691
0.4353515625,0.025121771053776006
0.43537109375,0.10709969860514873
0.435390625,-0.14629936245835
0.43541015625,-0.29283419801632943
0.4354296875,0.0030131866527782474
0.43544921875,0.04804641636134689
0.43546875,0.1117795779545501
0.43548828125,0.15809125652743689
0.4355078125,0.3424587781199823
0.43552734375,1.0100209717687962
0.435546875,1.0673552646662012
0.43556640625,0.6437201867923629
0.4355859375,0.4308974966292048
0.43560546875,0.2560646874144785
0.435625,0.497418433383078
0.43564453125,0.6163825520466927
0.4356640625,-0.047076518461233494
0.43568359375,-0.46115911557815975
0.435703125,-0.10444041213248245
0.43572265625,0.2547172431751408
0.4357421875,0.022281275765976785
0.43576171875,-0.5438789035877537
0.43578125,-0.6417384943012341
0.43580078125,-0.2017860034571455
0.4358203125,0.03941850525596528
0.43583984375,-0.016199751471698866
0.435859375,0.037642548770094375
0.43587890625,0.15012261964494167
0.4358984375,0.1839105959188483
0.43591796875,0.305725925098908
0.4359375,0.3557914247992974
0.43595703125,0.06650550525727225
0.4359765625,-0.14269666803165337
0.43599609375,-0.05660599537874585
0.436015625,-0.008374722983480617
0.43603515625,-0.014516000543906648
0.4360546875,-0.0013638595027567722
0.43607421875,0.026412447393930283
0.43609375,0.1785043131714918
0.43611328125,0.334927425981868
0.4361328125,0.29475029285295595
0.43615234375,0.2274883116687022
0.436171875,0.262499704001366
0.43619140625,0.32406279482521716
0.4362109375,0.39503581527569154
0.43623046875,0.22664726884335068
0.43625,-0.15580198521266686
0.43626953125,-0.17275319192109254
0.4362890625,0.2049991729863963
0.43630859375,0.5535207122859535
0.436328125,0.5654962192140041
0.43634765625,0.20339508062821712
0.4363671875,-0.018957851910773392
0.43638671875,0.16678092565264035
0.43640625,0.31933392989461445
0.43642578125,0.16153627830849718
0.4364453125,0.08545304942211093
0.43646484375,0.3067210143318405
0.436484375,0.5817762279725858
0.43650390625,0.6460385763499967
0.4365234375,0.3594903441636569
0.43654296875,0.22794638404246453
0.4365625,0.4808087309247888
0.43658203125,0.7950729885781597
0.4366015625,0.9393376336001258
0.43662109375,0.5657580790846864
0.436640625,0.20358740978437717
0.43666015625,0.3240890025917447
0.4366796875,0.5603422186120662
0.43669921875,0.7935632563417808
0.43671875,0.6399954185310782
0.43673828125,0.35548576575791135
0.4367578125,0.5049300025069188
0.43677734375,0.6615060901324785
0.436796875,0.8595677116492378
0.43681640625,1.0114748068051376
0.4368359375,0.6724912379759476
0.43685546875,0.32756731711260373
0.436875,0.35503909594095057
0.43689453125,0.646578545873729
0.4369140625,0.7841060557521244
0.43693359375,0.28577307711738975
0.436953125,-0.09166632364625049
0.43697265625,0.24841283159202246
0.4369921875,0.39783580817090425
0.43701171875,0.007517738747303493
0.43703125,-0.26465547439639403
0.43705078125,-0.056522881174229454
0.4370703125,0.12973149911148882
0.43708984375,-0.13839097576210563
0.437109375,-0.26801777852598796
0.43712890625,-0.10012989699578521
0.4371484375,0.0790840276385669
0.43716796875,0.15904742161147
0.4371875,-0.02317603493730772
0.43720703125,-0.12394850307749766
0.4372265625,-0.20519127336495696
0.43724609375,-0.19348642192759763
0.437265625,0.2910957251090995
0.43728515625,0.3688896322846226
0.4373046875,-0.025300600261714146
0.43732421875,0.09458391189611935
0.43734375,0.4494471635008196
0.43736328125,0.3539321253514122
0.4373828125,0.007847685113037494
0.43740234375,0.021517818114506492
0.437421875,0.36792704649605357
0.43744140625,0.5901452514994813
0.4374609375,0.40477272260950575
0.43748046875,0.10107866540448429
0.4375,0.256920876845955
0.43751953125,0.4375002583861227
0.4375390625,0.42154834557992027
0.43755859375,0.5215859713860199
0.437578125,0.5949979817725721
0.43759765625,0.6675005540826371
0.4376171875,0.3471135934861079
0.43763671875,-0.15800442647764731
0.43765625,-0.05271229068735729
0.43767578125,0.271043227230938
0.4376953125,0.2997065879378839
0.43771484375,-0.14592984214488797
0.437734375,-0.4065751772798744
0.43775390625,0.040559184651234925
0.4377734375,0.18496390418656067
0.43779296875,-0.05599356469344931
0.4378125,-0.1454869995511001
0.43783203125,-0.22982403654316047
0.4378515625,-0.1390035179140042
0.43787109375,0.002750030359495677
0.437890625,-0.1261723314098447
0.43791015625,-0.30055526656448545
0.4379296875,-0.16316832009296345
0.43794921875,0.10291897317636883
0.43796875,-0.048229464224695
0.43798828125,-0.3239090233187431
0.4380078125,-0.1359392741242296
0.43802734375,0.14741190323778056
0.438046875,0.11548189461472382
0.43806640625,-0.02354376348922171
0.4380859375,-0.10530220563068492
0.43810546875,-0.09622873323570792
0.438125,-0.03286358549119371
0.43814453125,0.006256688833124772
0.4381640625,-0.08496543227733629
0.43818359375,-0.276505720017872
0.438203125,-0.1739123042687128
0.43822265625,-0.03834663094250168
0.4382421875,-0.18060258203799673
0.43826171875,0.032495074653072414
0.43828125,0.3829832811087004
0.43830078125,0.37897965175121195
0.4383203125,0.3410157793719641
0.43833984375,0.2551625006704706
0.438359375,0.15153928736121758
0.43837890625,0.05431781432736821
0.4383984375,0.08670763337470985
0.43841796875,0.2697719123937143
0.4384375,-0.030395664164632852
0.43845703125,-0.2352042401787212
0.4384765625,0.06001734452619901
0.43849609375,0.008651978683963404
0.438515625,-0.1607084349828245
0.43853515625,-0.1313530065348355
0.4385546875,0.045231903824558536
0.43857421875,0.2270937757818624
0.43859375,0.03045248685821305
0.43861328125,0.01254632143422129
0.4386328125,0.29824810465514684
0.43865234375,0.5594357588342862
0.438671875,0.8480226905843283
0.43869140625,0.6549012328951339
0.4387109375,0.32701587767629603
0.43873046875,0.4299427771393007
0.43875,0.48447968578260836
0.43876953125,0.41971184971105335
0.4387890625,0.30402747714614514
0.43880859375,0.2592272758940717
0.438828125,0.35956291856785716
0.43884765625,0.22516975395306593
0.4388671875,0.1172916992215631
0.43888671875,0.08650347486600601
0.43890625,-0.26749016803044817
0.43892578125,-0.588447434970699
0.4389453125,-0.7548867253937188
0.43896484375,-0.7928967636637072
0.438984375,-0.5582089740615368
0.43900390625,-0.4188526304095754
0.4390234375,-0.33307201165066175
0.43904296875,-0.14559027098899446
0.4390625,-0.14970069859854515
0.43908203125,-0.0440930485741302
0.4391015625,0.14881533963675886
0.43912109375,-0.04707694376119003
0.439140625,-0.11558154689325563
0.43916015625,0.2495322487376766
0.4391796875,0.4351567006657875
0.43919921875,0.003419924387166276
0.43921875,-0.39571816629017564
0.43923828125,-0.09561063796633355
0.4392578125,0.007433234402508607
0.43927734375,-0.3300608682395118
0.439296875,-0.31529971646518323
0.43931640625,-0.03107800522754626
0.4393359375,0.05635907412237563
0.43935546875,-0.3288259324408461
0.439375,-0.629657114953954
0.43939453125,-0.45554325747174934
0.4394140625,-0.2833633633009947
0.43943359375,-0.13371180506449842
0.439453125,-0.1922605078493146
0.43947265625,-0.5121707255593408
0.4394921875,-0.5673151743259143
0.43951171875,-0.44410396847837197
0.43953125,-0.3523024568041118
0.43955078125,-0.32394741137923144
0.4395703125,-0.5077893826419857
0.43958984375,-0.6806820004857841
0.439609375,-0.47501612051565045
0.43962890625,-0.20615520958316974
0.4396484375,-0.35689719928003755
0.43966796875,-0.5467437511333705
0.4396875,-0.4153117207987227
0.43970703125,-0.33267866161068116
0.4397265625,-0.37262462344540115
0.43974609375,-0.4215196327781411
0.439765625,-0.6999685779594095
0.43978515625,-0.8778816473786227
0.4398046875,-0.6528153087556027
0.43982421875,-0.4753424661236153
0.43984375,-0.5413024258756933
0.43986328125,-0.6930270541085441
0.4398828125,-0.6438762277043497
0.43990234375,-0.5002314721464695
0.439921875,-0.6358497184163606
0.43994140625,-0.5955715403004239
0.4399609375,-0.3430767271182742
0.43998046875,-0.4347435541386284
0.44,-0.45819242213595207
0.44001953125,-0.19719181147884157
0.4400390625,-0.15813968841329962
0.44005859375,-0.39237300848974377
0.440078125,-0.5287002480329865
0.44009765625,-0.2322709146897906
0.4401171875,0.10129400587959442
0.44013671875,-0.05080404190534703
0.44015625,-0.37166487989194386
0.44017578125,-0.6481365531495931
0.4401953125,-0.8170951607681357
0.44021484375,-0.8201031303071007
0.440234375,-0.9456399935943258
0.44025390625,-1.1287523679324762
0.4402734375,-0.8758648082688851
0.44029296875,-0.2649043649676591
0.4403125,-0.0629227454826183
0.44033203125,-0.30163456311231274
0.4403515625,-0.3810872748973804
0.44037109375,-0.18236801354277768
0.440390625,0.07466165568311096
0.44041015625,-0.02988290526216203
0.4404296875,-0.35914685171973043
0.44044921875,-0.2977406865368562
0.44046875,-0.07019333553210415
0.44048828125,-0.07852194790806971
0.4405078125,-0.10550579430681169
0.44052734375,-0.07423883660063353
0.440546875,-0.06405541336878946
0.44056640625,-0.11848204981248683
0.4405859375,-0.28192557521224104
0.44060546875,-0.2918860916291672
0.440625,-0.20284007556259404
0.44064453125,-0.27370297704250174
0.4406640625,-0.2454446220279695
0.44068359375,-0.005454717471537793
0.440703125,0.234136725044595
0.44072265625,0.2292080548149581
0.4407421875,0.0017270296496154289
0.44076171875,-0.1426139552452218
0.44078125,-0.1610097129094166
0.44080078125,-0.15044967121106262
0.4408203125,-0.42799361896163435
0.44083984375,-1.0877310662435264
0.440859375,-1.4761661342671344
0.44087890625,-1.3260656215858593
0.4408984375,-1.0600869513747775
0.44091796875,-0.9764173580255664
0.4409375,-0.9723953529251388
0.44095703125,-0.8982658002513888
0.4409765625,-0.901122848507296
0.44099609375,-0.8147904468616594
0.441015625,-0.4688909869151721
0.44103515625,-0.47233609678375466
0.4410546875,-0.6291808445238801
0.44107421875,-0.34835515447987897
0.44109375,-0.41591798461749385
0.44111328125,-0.8558766936322074
0.4411328125,-0.8408512942871107
0.44115234375,-0.6927270242033947
0.441171875,-0.7363859868313242
0.44119140625,-0.6834846738039956
0.4412109375,-0.36098577897707784
0.44123046875,-0.07750000849902626
0.44125,-0.0970096995738898
0.44126953125,-0.11283216322203996
0.4412890625,0.06070716289202022
0.44130859375,0.2925065611950633
0.441328125,0.09801559178921669
0.44134765625,-0.38061210590282474
0.4413671875,-0.4442606336626782
0.44138671875,-0.5715476913482704
0.44140625,-0.8146455406614792
0.44142578125,-0.836934268302657
0.4414453125,-0.8129659438635178
0.44146484375,-0.3599517609548535
0.441484375,0.008726462643559505
0.44150390625,-0.19274684008530857
0.4415234375,-0.41940957293038217
0.44154296875,-0.5071559695382232
0.4415625,-0.32611972624794744
0.44158203125,-0.3436089313562204
0.4416015625,-0.7668275611703407
0.44162109375,-0.7776656147600958
0.441640625,-0.48685807536523135
0.44166015625,-0.2893014081926933
0.4416796875,-0.12064507100961099
0.44169921875,-0.021685073035656914
0.44171875,0.24497046939481557
0.44173828125,0.620730000935369
0.4417578125,0.7630669528605892
0.44177734375,0.6473750991771801
0.441796875,0.3326352637941067
0.44181640625,0.17415447588010174
0.4418359375,0.3199365859775295
0.44185546875,0.3198139813509405
0.441875,0.10167416892580047
0.44189453125,-0.03477695677825397
0.4419140625,0.025500186753674936
0.44193359375,0.26609110994648044
0.441953125,0.5309626951130941
0.44197265625,0.6573714761798487
0.4419921875,0.4887276360832258
0.44201171875,0.32433378011904446
0.44203125,0.48451614522967346
0.44205078125,0.37031244076173253
0.4420703125,0.06317217678124923
0.44208984375,0.10940637724727541
0.442109375,0.2965457594682913
0.44212890625,0.39030300059745016
0.4421484375,0.04881440765475188
0.44216796875,-0.337923815562008
0.4421875,-0.30602826306891284
0.44220703125,-0.2822100755510366
0.4422265625,-0.06821202099665531
0.44224609375,0.1558338006401283
0.442265625,-0.20658570766273768
0.44228515625,-0.7003253802461418
0.4423046875,-0.6974231364196626
0.44232421875,-0.15072430270854853
0.44234375,0.11193745436861571
0.44236328125,-0.15027407487213962
0.4423828125,-0.16207554505215246
0.44240234375,-0.058757580202780685
0.442421875,0.15659725434385394
0.44244140625,0.651365333449352
0.4424609375,0.7009431107391471
0.44248046875,0.35474230538254004
0.4425,0.2585693596052295
0.44251953125,0.44588172815774285
0.4425390625,0.5981315136250631
0.44255859375,0.515636352721587
0.442578125,0.32623697264626333
0.44259765625,0.2190895553841109
0.4426171875,0.3614136074851719
0.44263671875,0.6725627962059788
0.44265625,0.8309279002979377
0.44267578125,0.7116212812203104
0.4426953125,0.4050506594935411
0.44271484375,0.25934771992179273
0.442734375,0.34811035321934636
0.44275390625,0.238709776879556
0.4427734375,0.02715272345195511
0.44279296875,-0.05791239978381883
0.4428125,-0.24336354139564637
0.44283203125,-0.41782995452172944
0.4428515625,-0.4956301249617624
0.44287109375,-0.4930470911933784
0.442890625,-0.20579153236762285
0.44291015625,0.09849667424073286
0.4429296875,0.14397014235404876
0.44294921875,0.05590640697270816
0.44296875,-0.16149391041442002
0.44298828125,-0.29766068105252336
0.4430078125,-0.18853234942823915
0.44302734375,-0.08049837008663878
0.443046875,-0.06341145266441475
0.44306640625,-0.1436574711496154
0.4430859375,-0.2009108996107237
0.44310546875,-0.15092727923309368
0.443125,-0.09168860793767135
0.44314453125,0.05660221140291735
0.4431640625,0.130750257055505
0.44318359375,0.13670837086764076
0.443203125,0.2895668136137204
0.44322265625,0.208790492554956
0.4432421875,-0.07921092131064719
0.44326171875,-0.0554661817730342
0.44328125,0.2390515018172825
0.44330078125,0.5022969170773438
0.4433203125,0.5271369075792728
0.44333984375,0.5428932326035001
0.443359375,0.7008122710784115
0.44337890625,0.7035883945726813
0.4433984375,0.7363435486089824
0.44341796875,0.6888265843150604
0.4434375,0.3217210413117278
0.44345703125,0.14012897133513016
0.4434765625,0.06302453198482705
0.44349609375,-0.0822022159544075
0.443515625,0.0002620755888054632
0.44353515625,0.19508202790872042
0.4435546875,0.3154874191729248
0.44357421875,0.29450724665273986
0.44359375,0.25920188140710554
0.44361328125,0.3041913212356415
0.4436328125,0.23026943655009188
0.44365234375,0.015583144320031512
0.443671875,-0.17413571376055723
0.44369140625,-0.20951666716634762
0.4437109375,-0.1457844772654242
0.44373046875,-0.008256165111719352
0.44375,0.2297523408107598
0.44376953125,0.33018218206590305
0.4437890625,0.2105018879483938
0.44380859375,0.05650114441870306
0.443828125,0.01698874803794391
0.44384765625,0.19132391610510274
0.4438671875,0.351562756463166
0.44388671875,0.22550171096479552
0.44390625,0.01194869906765642
0.44392578125,-0.05165855222416446
0.4439453125,-0.0004543258202455015
0.44396484375,0.020363511452425348
0.443984375,-0.05277313429866096
0.44400390625,-0.2222192439875973
0.4440234375,-0.28765614100700154
0.44404296875,0.06442572737581617
0.4440625,0.40487187127261504
0.44408203125,0.39095190885099435
0.4441015625,0.37701198569726413
0.44412109375,0.1746189738698241
0.444140625,-0.02256751626858873
0.44416015625,0.21339278539927503
0.4441796875,0.10022917050713617
0.44419921875,-0.13697704145011902
0.44421875,0.34494422920850576
0.44423828125,0.5504367756399218
0.4442578125,0.0017224263224400044
0.44427734375,-0.17921231508392832
0.444296875,0.286505579250956
0.44431640625,0.45514302539126295
0.4443359375,0.19574544253589946
0.44435546875,0.31163022064228585
0.444375,0.5154581822919895
0.44439453125,0.40074605142000097
0.4444140625,0.44418578686277926
0.44443359375,0.5910945419635817
0.444453125,0.5558119928851752
0.44447265625,0.27024519726522916
0.4444921875,-0.046510176112963604
0.44451171875,0.05383353017624095
0.44453125,0.22052200494380772
0.44455078125,0.18546024647256928
0.4445703125,0.3807258817117759
0.44458984375,0.6097744801068907
0.444609375,0.7165840605152292
0.44462890625,0.9487263254797181
0.4446484375,0.9599196071859453
0.44466796875,0.7250592902544748
0.4446875,0.6889281804509286
0.44470703125,0.8390006139639246
0.4447265625,0.9772401142135818
0.44474609375,0.8681012304968947
0.444765625,0.5603284571049455
0.44478515625,0.5369752691364291
0.4448046875,0.628783525008647
0.44482421875,0.36715923847017135
0.44484375,0.20261679799474444
0.44486328125,0.2888123383978479
0.4448828125,0.20304151168020096
0.44490234375,0.03961851417505903
0.444921875,-0.26849302776870604
0.44494140625,-0.576253412823989
0.4449609375,-0.453650457461633
0.44498046875,-0.27484647388407735
0.445,-0.2648249569688601
0.44501953125,-0.34174944621330927
0.4450390625,-0.4254571327719992
0.44505859375,-0.21758565418010867
0.445078125,-0.05936062149604182
0.44509765625,-0.04878253382994369
0.4451171875,0.13287748101626803
0.44513671875,0.1339215318381727
0.44515625,0.1855224056578208
0.44517578125,0.5233960404659462
0.4451953125,0.5876321328630973
0.44521484375,0.5053129137026156
0.445234375,0.3957914879259986
0.44525390625,0.31556002126180144
0.4452734375,0.5874728561460896
0.44529296875,0.47248118845288894
0.4453125,-0.037995760942643064
0.44533203125,0.015479791072199954
0.4453515625,0.2904144132757334
0.44537109375,0.40636661800006246
0.445390625,0.43516629272862317
0.44541015625,0.43201699491636464
0.4454296875,0.5102728704042183
0.44544921875,0.45796970089485894
0.44546875,0.45230205695054704
0.44548828125,0.5126159315809018
0.4455078125,0.4639632305063115
0.44552734375,0.5705086960410154
0.445546875,0.5581174132611577
0.44556640625,0.4794742512746268
0.4455859375,0.6567839921909581
0.44560546875,0.42025471158696315
0.445625,-0.06780936939219616
0.44564453125,-0.05262090864249319
0.4456640625,-0.022212937446162304
0.44568359375,-0.18926135213430573
0.445703125,-0.3492475034407989
0.44572265625,-0.4249858687765909
0.4457421875,-0.039649430515672504
0.44576171875,0.06623599577658869
0.44578125,-0.3751877979138485
0.44580078125,-0.2986338920240009
0.4458203125,-0.05068888656176554
0.44583984375,-0.051042827374575606
0.445859375,0.023652360247603976
0.44587890625,0.127704163544487
0.4458984375,0.1603237087290098
0.44591796875,-0.1693074502412529
0.4459375,-0.3413236173844405
0.44595703125,0.05163518307464205
0.4459765625,0.12588748149299722
0.44599609375,-0.09911949942058143
0.446015625,0.13488415049898983
0.44603515625,0.6142818642411982
0.4460546875,0.7142184514858432
0.44607421875,0.48551236286870786
0.44609375,0.3614926353897019
0.44611328125,0.3332902981661833
0.4461328125,0.26100504343576925
0.44615234375,0.2026171582241029
0.446171875,0.0837442847074205
0.44619140625,-0.07479117719626538
0.4462109375,-0.03420043976446396
0.44623046875,0.09125870890985109
0.44625,0.06548421491653512
0.44626953125,-0.007897913471091048
0.4462890625,0.08809950575024658
0.44630859375,0.2723660633274614
0.446328125,0.2830698321398224
0.44634765625,0.18231247007089274
0.4463671875,0.0778338564659471
0.44638671875,0.1487461489277354
0.44640625,0.3565065208484661
0.44642578125,0.34527471040941193
0.4464453125,0.2236256550677917
0.44646484375,0.016464571348911078
0.446484375,-0.1007175865434497
0.44650390625,0.16912631574850548
0.4465234375,0.35997271743000725
0.44654296875,0.24231250788137837
0.4465625,0.02549752013667831
0.44658203125,0.07811065022790738
0.4466015625,0.5187561938463967
0.44662109375,0.6035660492763923
0.446640625,0.35781848281858425
0.44666015625,0.42379673755475067
0.4466796875,0.6984055123103101
0.44669921875,0.9057175734550726
0.44671875,0.7818791960973185
0.44673828125,0.6424162176756507
0.4467578125,0.8427425814899573
0.44677734375,1.0144918764687063
0.446796875,1.0291243113845456
0.44681640625,0.8336534893811756
0.4468359375,0.4923726593538281
0.44685546875,0.20083897877563095
0.446875,-0.012291086209482953
0.44689453125,-0.018700576633023797
0.4469140625,-0.10309718045934345
0.44693359375,-0.4036228610447551
0.446953125,-0.42635468451133407
0.44697265625,-0.2262533735432593
0.4469921875,-0.3255881377717017
0.44701171875,-0.5900751777852884
0.44703125,-0.42450300114334805
0.44705078125,-0.027440349751171333
0.4470703125,-0.07482923968157848
0.44708984375,-0.3035724471496782
0.447109375,-0.28977222360680743
0.44712890625,-0.22479793248782637
0.4471484375,-0.22256129906016536
0.44716796875,-0.18685166050247023
0.4471875,-0.022155536829399948
0.44720703125,-0.044267546357475235
0.4472265625,-0.1985881308030828
0.44724609375,-0.11061210537566357
0.447265625,-0.1531125651351545
0.44728515625,-0.1938377333015921
0.4473046875,-0.11124856467269845
0.44732421875,-0.12502372156810138
0.44734375,0.10065589839964151
0.44736328125,0.0807335719917083
0.4473828125,-0.36888408274165574
0.44740234375,-0.49027066279081893
0.447421875,-0.30926091515608756
0.44744140625,-0.3169537501333016
0.4474609375,-0.5867897486575351
0.44748046875,-0.5138421160500817
0.4475,-0.2030480946208198
0.44751953125,-0.3361946704946406
0.4475390625,-0.5475524924233819
0.44755859375,-0.45895638579696285
0.447578125,-0.18043353939620355
0.44759765625,-0.0874765981013752
0.4476171875,-0.3869163573129751
0.44763671875,-0.6577086134975669
0.44765625,-0.8606974801685372
0.44767578125,-0.8783447825501693
0.4476953125,-0.6254609768721324
0.44771484375,-0.6139428995720324
0.447734375,-0.6773292497256044
0.44775390625,-0.6377437233155145
0.4477734375,-0.63220282665339
0.44779296875,-0.5590435347888547
0.4478125,-0.6077918457985527
0.44783203125,-0.6525147311379857
0.4478515625,-0.41037662078790543
0.44787109375,-0.21340762283842815
0.447890625,-0.4629963789099965
0.44791015625,-0.9506882870901687
0.4479296875,-1.0932176225973596
0.44794921875,-0.8843368395210529
0.44796875,-0.6649257518796373
0.44798828125,-0.3342440062614105
0.4480078125,0.06138979820341028
0.44802734375,0.18220431764819678
0.448046875,0.2048279088395102
0.44806640625,0.3742971361114364
0.4480859375,0.3565657034398477
0.44810546875,0.027366165003328495
0.448125,-0.06175668896540906
0.44814453125,0.052204540248335214
0.4481640625,-0.14714385711761657
0.44818359375,-0.2356173370868624
0.448203125,-0.05548784503460121
0.44822265625,-0.1265381212903726
0.4482421875,-0.38105394790631486
0.44826171875,-0.570952627214498
0.44828125,-0.6252033333250844
0.44830078125,-0.5731342776612673
0.4483203125,-0.5520666174084847
0.44833984375,-0.6907620370556262
0.448359375,-0.838104425266514
0.44837890625,-0.7923152530710045
0.4483984375,-0.87015883384937
0.44841796875,-0.9375614513794088
0.4484375,-0.6723623749039191
0.44845703125,-0.49435988514498713
0.4484765625,-0.4033379145981358
0.44849609375,-0.2430708943233882
0.448515625,-0.14179587746878392
0.44853515625,0.016105387747619892
0.4485546875,0.1597317262274598
0.44857421875,0.27522641222297967
0.44859375,0.36701413280583967
0.44861328125,0.3250515962610102
0.4486328125,0.1550808055704806
0.44865234375,-0.08168187194412455
0.448671875,0.04159924096921969
0.44869140625,0.265290764328943
0.4487109375,-0.01195589406982843
0.44873046875,-0.4503039495738071
0.44875,-0.6734877232126075
0.44876953125,-0.5009719536589253
0.4487890625,-0.4038390442638428
0.44880859375,-0.6418793108326344
0.448828125,-0.5784783143712665
0.44884765625,-0.45244669862025966
0.4488671875,-0.49098636712992555
0.44888671875,-0.4687505190148429
0.44890625,-0.4809245852663746
0.44892578125,-0.5856121522774554
0.4489453125,-0.8782484752517161
0.44896484375,-1.0701752746528015
0.448984375,-1.0182489067505345
0.44900390625,-0.9312880947234087
0.4490234375,-0.72357497373505
0.44904296875,-0.6735187850037945
0.4490625,-0.9066808174136027
0.44908203125,-0.9500994692368383
0.4491015625,-0.7824958831462893
0.44912109375,-0.5995374977036101
0.449140625,-0.5219915909495141
0.44916015625,-0.5973764368275236
0.4491796875,-0.4094206801264649
0.44919921875,-0.029597783740955265
0.44921875,-0.039852626465953486
0.44923828125,-0.3115273138659712
0.4492578125,-0.3850313722549652
0.44927734375,-0.21282163427900957
0.449296875,-0.26157272407025445
0.44931640625,-0.6230029579807608
0.4493359375,-0.5549245859578639
0.44935546875,-0.2038124318648275
0.449375,-0.32853220099389635
0.44939453125,-0.5782212638964765
0.4494140625,-0.5113318980130555
0.44943359375,-0.3156265835908171
0.449453125,-0.2573463075539323
0.44947265625,-0.33211225880308337
0.4494921875,-0.395346878354662
0.44951171875,-0.7069138986413088
0.44953125,-0.9933052791854752
0.44955078125,-0.7590528561067075
0.4495703125,-0.5559740648891108
0.44958984375,-0.600775323868983
0.449609375,-0.5705990745426919
0.44962890625,-0.5081753250807692
0.4496484375,-0.421105263076436
0.44966796875,-0.3307503306224226
0.4496875,-0.19483616340992138
0.44970703125,-0.02759436758100136
0.4497265625,-0.11846186225859442
0.44974609375,-0.27746750704320305
0.449765625,-0.1693475030222233
0.44978515625,0.03318642883586208
0.4498046875,0.02850462641005972
0.44982421875,-0.2151854577355454
0.44984375,-0.26592151340026515
0.44986328125,-0.06869801839182556
0.4498828125,0.06404731542284883
0.44990234375,0.17598447018173144
0.449921875,0.08926743660536725
0.44994140625,-0.13711055452391055
0.4499609375,-0.1599827236061907
0.44998046875,-0.07356591016087682
0.45,-0.015811309733564177
0.45001953125,-0.21117263337237094
0.4500390625,-0.31884385627067907
0.45005859375,0.13090734805615548
0.450078125,0.4708961131295073
0.45009765625,0.30925604446765986
0.4501171875,0.028000065636560708
0.45013671875,0.17174030321801692
0.45015625,0.6243470055571423
0.45017578125,0.41687709099038045
0.4501953125,-0.0788207574670317
0.45021484375,0.056697991453577234
0.450234375,0.36709714000296295
0.45025390625,0.3106161104351322
0.4502734375,-0.04478912166251132
0.45029296875,-0.20698981642512712
0.4503125,0.03560720856033069
0.45033203125,0.1186065634834601
0.4503515625,-0.06768781549849885
0.45037109375,-0.07866258816908508
0.450390625,0.05850551625654872
0.45041015625,0.16179163133659805
0.4504296875,0.23528824947637128
0.45044921875,0.08961398687656824
0.45046875,-0.08607201080367177
0.45048828125,0.08080248130664028
0.4505078125,0.21500310255565502
0.45052734375,0.1047509313141134
0.450546875,0.11201365386867693
0.45056640625,0.4388915122416041
0.4505859375,0.7760131882055348
0.45060546875,0.6885705987910804
0.450625,0.4541189364137138
0.45064453125,0.5305578173767969
0.4506640625,0.6329848969399119
0.45068359375,0.5063268190202991
0.450703125,0.45328507833084997
0.45072265625,0.44673374605592453
0.4507421875,0.13406319770556593
0.45076171875,-0.29229168972168307
0.45078125,-0.2526456494144766
0.45080078125,0.055473633888281165
0.4508203125,0.06405418540203439
0.45083984375,0.08548233349677034
0.450859375,0.21810077445660186
0.45087890625,0.13242498237417963
0.4508984375,0.0077157623659165515
0.45091796875,-0.09023934976885671
0.4509375,-0.1351222397105389
0.45095703125,-0.08983737632722333
0.4509765625,-0.13599682395321103
0.45099609375,-0.21129081887085002
0.451015625,-0.3448397236452373
0.45103515625,-0.42321470653969145
0.4510546875,-0.14506523783332562
0.45107421875,0.21177668712863762
0.45109375,0.31256660738477193
0.45111328125,0.2224538224459907
0.4511328125,0.3482197089528223
0.45115234375,0.6355777361693317
0.451171875,0.47687109538103734
0.45119140625,0.12273480775594171
0.4512109375,-0.04368888448783602
0.45123046875,-0.06565067700716182
0.45125,0.01404254386992922
0.45126953125,-0.0495397676945514
0.4512890625,-0.19903735010419285
0.45130859375,-0.21110642678133748
0.451328125,0.09352367688495286
0.45134765625,0.48246869134019926
0.4513671875,0.5274699154641119
0.45138671875,0.3989980193060422
0.45140625,0.2712147447749734
0.45142578125,0.42890170456600873
0.4514453125,0.6308360618047868
0.45146484375,0.4154208505031799
0.451484375,0.42242391474111957
0.45150390625,0.5728232525505712
0.4515234375,0.43369447181331616
0.45154296875,0.2850842722127878
0.4515625,0.17323393050418545
0.45158203125,0.2444927912642014
0.4516015625,0.1360911742291374
0.45162109375,-0.13532626685472418
0.451640625,0.03260490173040699
0.45166015625,-0.06304263869993212
0.4516796875,-0.40270881106095013
0.45169921875,-0.30548292087455
0.45171875,-0.07053442877424265
0.45173828125,0.14451637779381535
0.4517578125,0.060178873774788214
0.45177734375,-0.21601180131929776
0.451796875,-0.22691370231838298
0.45181640625,-0.1467036007575627
0.4518359375,-0.08167977962056808
0.45185546875,-0.04042589275960781
0.451875,0.05061273745026806
0.45189453125,0.016924078196564322
0.4519140625,-0.20088689737535453
0.45193359375,-0.05035218005077428
0.451953125,0.1581870175322515
0.45197265625,0.041224666719959856
0.4519921875,0.050765053288596276
0.45201171875,0.1472973679471535
0.45203125,0.14289430330038724
0.45205078125,0.08590757816945249
0.4520703125,0.04674511056651363
0.45208984375,0.15119677305006501
0.452109375,0.103850566550569
0.45212890625,-0.049857278838461846
0.4521484375,0.023152725137950685
0.45216796875,-0.0047881923688185765
0.4521875,-0.04844408025885258
0.45220703125,0.10835790435400747
0.4522265625,0.06611136803365789
0.45224609375,-0.13315543394105464
0.452265625,-0.24893828335869206
0.45228515625,-0.15080107175095098
0.4523046875,0.2754351336109705
0.45232421875,0.5350809362850527
0.45234375,0.2971514288534704
0.45236328125,0.03458388556840418
0.4523828125,0.21172837939638073
0.45240234375,0.6238691139497815
0.452421875,0.6735908771153024
0.45244140625,0.3340080182825399
0.4524609375,0.13784631607221526
0.45248046875,0.4411235968055024
0.4525,0.7681388869669135
0.45251953125,0.6236847999982715
0.4525390625,0.6234879724947293
0.45255859375,0.6845677229394549
0.452578125,0.3199660708566051
0.45259765625,0.1440233895863128
0.4526171875,0.23189722489111786
0.45263671875,0.33890116102088724
0.45265625,0.4968990624638224
0.45267578125,0.5624583161283291
0.4526953125,0.5018362489380852
0.45271484375,0.24891299022745728
0.452734375,0.20244723002068038
0.45275390625,0.4965568583325739
0.4527734375,0.6405477546207756
0.45279296875,0.7394232327504898
0.4528125,0.8751792585926308
0.45283203125,0.9079346385090276
0.4528515625,0.7194911745593628
0.45287109375,0.2441707880222544
0.452890625,-0.09364292415850646
0.45291015625,-0.1277787848039503
0.4529296875,-0.15159947556500034
0.45294921875,-0.36920236369471204
0.45296875,-0.6089965925924496
0.45298828125,-0.4869311448387637
0.4530078125,-0.3034948432825763
0.45302734375,-0.34425544927773016
0.453046875,-0.3420631585861509
0.45306640625,-0.3051447693044588
0.4530859375,-0.19537706528275423
0.45310546875,-0.17540229872097543
0.453125,-0.20855957724630125
0.45314453125,0.05590819700009363
0.4531640625,0.15589223692693804
0.45318359375,0.3641009285868261
0.453203125,0.8077192325983613
0.45322265625,0.6627716471984584
0.4532421875,0.48361870936479223
0.45326171875,0.46275643698934676
0.45328125,0.26229703383141956
0.45330078125,0.3575974161401616
0.4533203125,0.517938053778349
0.45333984375,0.4734602384931335
0.453359375,0.38387718296686335
0.45337890625,0.39402254664166403
0.4533984375,0.6534194624814824
0.45341796875,0.7470811909054585
0.4534375,0.5148789073399722
0.45345703125,0.2315267074719607
0.4534765625,0.010114784788536932
0.45349609375,0.26368020854628504
0.453515625,0.6776895217147387
0.45353515625,0.3793344392804679
0.4535546875,-0.0734695707242575
0.45357421875,0.02352210699674344
0.45359375,0.23056788176419746
0.45361328125,0.04926720669339753
0.4536328125,-0.35084062718069414
0.45365234375,-0.35007544966393395
0.453671875,-0.07157402689472687
0.45369140625,-0.005097956407875339
0.4537109375,-0.017189742507727552
0.45373046875,0.04797609948205241
0.45375,0.16934320766584188
0.45376953125,0.012272218671383978
0.4537890625,-0.42820271268879284
0.45380859375,-0.5269120730921717
0.453828125,-0.49845693919712314
0.45384765625,-0.6132859066755857
0.4538671875,-0.32514123732301603
0.45388671875,0.20201646372381638
0.45390625,0.1424218213849187
0.45392578125,-0.37474176814597465
0.4539453125,-0.2588889169613484
0.45396484375,0.3289274290976337
0.453984375,0.30237410733858633
0.45400390625,0.03167358676546808
0.4540234375,-0.012693172322154639
0.45404296875,-0.13081915095230545
0.4540625,-0.2989183596059941
0.45408203125,-0.26737872090711684
0.4541015625,0.13278369544623322
0.45412109375,0.20146309570923585
0.454140625,-0.3045004486125285
0.45416015625,-0.3654279577815483
0.4541796875,-0.14542893286941735
0.45419921875,-0.19356989760360727
0.45421875,-0.13559996151115938
0.45423828125,-0.08098041187873967
0.4542578125,-0.1632380715536819
0.45427734375,-0.07832547959060608
0.454296875,0.125005854364671
0.45431640625,0.2255279451943151
0.4543359375,0.07319943041288166
0.45435546875,-0.1808614319540261
0.454375,-0.22186623720536006
0.45439453125,-0.23604636973457688
0.4544140625,-0.21656282231905022
0.45443359375,0.04498644488005052
0.454453125,0.10965061085821698
0.45447265625,-0.006419218665607813
0.4544921875,0.1643646220658107
0.45451171875,0.39403783720929497
0.45453125,0.44769808119154647
0.45455078125,0.5695981102487118
0.4545703125,0.8013917237275522
0.45458984375,0.7993267758541953
0.454609375,0.5556054998006905
0.45462890625,0.44595822679951924
0.4546484375,0.49025056493713
0.45466796875,0.4678787496196652
0.4546875,0.463140093008503
0.45470703125,0.5446289263849037
0.4547265625,0.435028558478821
0.45474609375,0.24511299275376752
0.454765625,0.3213403872781154
0.45478515625,0.35684977176257104
0.4548046875,0.22252157679817108
0.45482421875,0.21610749234281199
0.45484375,0.21751338038832344
0.45486328125,0.10806485789484097
0.4548828125,-0.042072806835292506
0.45490234375,-0.04345738567492412
0.454921875,0.1609116445874026
0.45494140625,0.05908036984973901
0.4549609375,-0.3551949804306305
0.45498046875,-0.6846389269823657
0.455,-0.9515248407298802
0.45501953125,-0.9779524315351209
0.4550390625,-0.7216384249057989
0.45505859375,-0.5494833769554806
0.455078125,-0.6860610201528733
0.45509765625,-0.7836821093912332
0.4551171875,-0.4795230753368981
0.45513671875,-0.18882257050161047
0.45515625,0.08416836518115833
0.45517578125,0.3736253190045929
0.4551953125,0.16144557022614917
0.45521484375,-0.09614410927375619
0.455234375,0.12178774195025924
0.45525390625,0.3495342029515918
0.4552734375,0.21023440300126253
0.45529296875,-0.059994514849671436
0.4553125,-0.02237236741536413
0.45533203125,0.2217273053654632
0.4553515625,0.08746262267774485
0.45537109375,-0.29511100281030833
0.455390625,-0.18020772882557506
0.45541015625,0.11904424835494862
0.4554296875,0.0033850901606392557
0.45544921875,-0.09807119687020158
0.45546875,-0.16935093405536367
0.45548828125,-0.449954448608638
0.4555078125,-0.5049686449819967
0.45552734375,-0.4682960310625227
0.455546875,-0.6844817804261644
0.45556640625,-0.7004492194183385
0.4555859375,-0.3936567299231429
0.45560546875,-0.22777466683123615
0.455625,-0.3192030842188851
0.45564453125,-0.49515907185738917
0.4556640625,-0.5364004158672169
0.45568359375,-0.6607892635776454
0.455703125,-1.0805035321221326
0.45572265625,-0.9960136351390265
0.4557421875,-0.499855874164264
0.45576171875,-0.4740382039775536
0.45578125,-0.5775662229232853
0.45580078125,-0.6995802590506723
0.4558203125,-0.8353030594688511
0.45583984375,-0.543506114614422
0.455859375,-0.18177836048310214
0.45587890625,-0.07740457494543995
0.4558984375,-0.22598194942608862
0.45591796875,-0.5159405134442102
0.4559375,-0.45771229309883693
0.45595703125,-0.06786148198303756
0.4559765625,0.12979324470460457
0.45599609375,0.05511554920003167
0.456015625,-0.12668314053318513
0.45603515625,-0.30093014033657317
0.4560546875,-0.2396157385807919
0.45607421875,-0.1647039036582279
0.45609375,-0.38138759239429
0.45611328125,-0.5556938120214241
0.4561328125,-0.5589110746431435
0.45615234375,-0.5531449073281473
0.456171875,-0.4876305281570294
0.45619140625,-0.4666721090143119
0.4562109375,-0.5304808414879425
0.45623046875,-0.49455664589905735
0.45625,-0.5537198010077959
0.45626953125,-0.7153609870368529
0.4562890625,-0.7558388068333581
0.45630859375,-0.8469242792768127
0.456328125,-0.9370808576175453
0.45634765625,-0.9102807026273388
0.4563671875,-0.6797179141794134
0.45638671875,-0.2232800297371027
0.45640625,-0.003532167271022525
0.45642578125,-0.0948541533809992
0.4564453125,-0.17461545467313694
0.45646484375,-0.18191777957738622
0.456484375,-0.15154890159287554
0.45650390625,-0.07631348126431958
0.4565234375,0.03407403373138197
0.45654296875,0.14388345909523093
0.4565625,0.3870220149696053
0.45658203125,0.6218134503761797
0.4566015625,0.49669744037944646
0.45662109375,0.24443977338038275
0.456640625,0.16113995766670028
0.45666015625,0.11577859126896783
0.4566796875,0.158914609459877
0.45669921875,0.3222450640063563
0.45671875,0.07094360735616673
0.45673828125,-0.39449453822211467
0.4567578125,-0.367592866354077
0.45677734375,-0.3057414148466516
0.456796875,-0.3282957796157502
0.45681640625,-0.17360506697279623
0.4568359375,-0.3492879994657555
0.45685546875,-0.5490459275073827
0.456875,-0.5346573097076562
0.45689453125,-0.7433792280845768
0.4569140625,-0.761467545921593
0.45693359375,-0.6061162392810543
0.456953125,-0.7671008128560264
0.45697265625,-1.1450419307197948
0.4569921875,-1.3113634096945002
0.45701171875,-0.7901457170173897
0.45703125,-0.3965381802433318
0.45705078125,-0.8042473486270811
0.4570703125,-0.9913569577637337
0.45708984375,-0.7185043051600135
0.457109375,-0.5272269118390678
0.45712890625,-0.34331205260885517
0.4571484375,-0.2704512257872671
0.45716796875,-0.3885940160576035
0.4571875,-0.28401776109408583
0.45720703125,0.0005646539937609382
0.4572265625,-0.024149295488366775
0.45724609375,-0.22438577187419048
0.457265625,-0.2793332713647261
0.45728515625,-0.18834221407745835
0.4573046875,0.016754750864899817
0.45732421875,0.003582695401730271
0.45734375,-0.2954991540223424
0.45736328125,-0.4342318339057707
0.4573828125,-0.250729044358703
0.45740234375,0.03579604630938631
0.457421875,0.01642203704487704
0.45744140625,-0.1275742674659008
0.4574609375,0.11418563315674146
0.45748046875,0.28481305346090113
0.4575,0.19490528896953785
0.45751953125,0.2285076029091498
0.4575390625,-0.07080766360835705
0.45755859375,-0.4992768733527411
0.457578125,-0.2765504507403273
0.45759765625,0.14770585780298556
0.4576171875,0.18470231126591974
0.45763671875,-0.10268497418812883
0.45765625,-0.14365266214062422
0.45767578125,0.12695026943030613
0.4576953125,0.019501409834637592
0.45771484375,-0.23716577239102182
0.457734375,-0.25473163565853074
0.45775390625,-0.2284192932238248
0.4577734375,-0.18357683561914256
0.45779296875,-0.16800139115370238
0.4578125,-0.18375050622615718
0.45783203125,-0.2702434934086685
0.4578515625,-0.3128549235263485
0.45787109375,-0.07561380144016333
0.457890625,0.1074148156634926
0.45791015625,0.12962934727036884
0.4579296875,0.30631521202076517
0.45794921875,0.47620083817690595
0.45796875,0.35089470377809084
0.45798828125,0.21915862099428904
0.4580078125,0.35503932175892083
0.45802734375,0.45473330876873863
0.458046875,0.4552845462075057
0.45806640625,0.497047132857796
0.4580859375,0.49792581557704063
0.45810546875,0.37223389062657297
0.458125,0.19907108668746276
0.45814453125,0.22668917626168006
0.4581640625,0.20223308291440611
0.45818359375,-0.040878253060307804
0.458203125,-0.07740640848704007
0.45822265625,0.020570555140823375
0.4582421875,-0.10665756539197728
0.45826171875,-0.37906286631354436
0.45828125,-0.36851577855832574
0.45830078125,-0.05292109413810165
0.4583203125,0.06924479607714779
0.45833984375,0.08197200143167263
0.458359375,0.17904500249197858
0.45837890625,0.23750329549278604
0.4583984375,0.26923634092763316
0.45841796875,0.11102525046248288
0.4584375,-0.01024262508576666
0.45845703125,0.11070622211757661
0.4584765625,0.1832127725983261
0.45849609375,0.36567181656468517
0.458515625,0.5456755682974591
0.45853515625,0.4718985163718893
0.4585546875,0.39805521458125104
0.45857421875,0.32640793605096996
0.45859375,0.3067927300036497
0.45861328125,0.3817589152357486
0.4586328125,0.4652065399527284
0.45865234375,0.49627082532445693
0.458671875,0.32683268085698663
0.45869140625,0.32525829695579744
0.4587109375,0.5638094895975574
0.45873046875,0.5463536390255018
0.45875,0.34595630700235575
0.45876953125,0.15399421555172071
0.4587890625,0.018079388256456004
0.45880859375,0.034580160392913895
0.458828125,0.1245891873858168
0.45884765625,0.1617346501817611
0.4588671875,0.06576482058536616
0.45888671875,-0.06024508549524473
0.45890625,-0.04677782230606904
0.45892578125,-0.011234403496011246
0.4589453125,0.07700158573160296
0.45896484375,0.27840776054932953
0.458984375,0.13447634962933142
0.45900390625,-0.25716833894946034
0.4590234375,-0.27168326233256784
0.45904296875,-0.033175713915871576
0.4590625,-0.03800829913237059
0.45908203125,-0.23947569499578458
0.4591015625,-0.16984222634169174
0.45912109375,-0.040359347871656986
0.459140625,-0.1488410476122566
0.45916015625,-0.13622121157019848
0.4591796875,0.006123414297512522
0.45919921875,0.1311113131230749
0.45921875,0.13340184806128222
0.45923828125,0.16823290817180606
0.4592578125,0.542762175317222
0.45927734375,0.7853005989343764
0.459296875,0.7083404674710155
0.45931640625,0.6400693245681315
0.4593359375,0.6967989715200862
0.45935546875,0.8682042669773452
0.459375,0.6934034663770744
0.45939453125,0.21462546323709347
0.4594140625,0.1041709192589347
0.45943359375,0.2909896780469843
0.459453125,0.37158954811185696
0.45947265625,0.28786681717421514
0.4594921875,0.227017178654691
0.45951171875,0.29311641978447844
0.45953125,0.30078794225675554
0.45955078125,0.20960590765881854
0.4595703125,0.13112167818536252
0.45958984375,0.16862318344351562
0.459609375,0.1932033135778735
0.45962890625,0.03994808056407488
0.4596484375,0.12773451661323365
0.45966796875,0.18539720116994085
0.4596875,-0.24260159571942047
0.45970703125,-0.3397372983255092
0.4597265625,-0.10424577255302367
0.45974609375,-0.1021646570712876
0.459765625,-0.056325082364296265
0.45978515625,0.15999103572183504
0.4598046875,0.32708107903829464
0.45982421875,0.05703166147249425
0.45984375,-0.16916593834070962
0.45986328125,0.27013214798518725
0.4598828125,0.5167394884018349
0.45990234375,0.23149523331952276
0.459921875,0.03873206216307746
0.45994140625,0.16651681195398585
0.4599609375,0.4391803822533713
0.45998046875,0.4261523348976056
0.46,0.28099531800635125
0.46001953125,0.37853211495651495
0.4600390625,0.3598524685938624
0.46005859375,0.20271438432733355
0.460078125,0.33935153929977524
0.46009765625,0.5648705179889584
0.4601171875,0.6187184901230378
0.46013671875,0.613253253868205
0.46015625,0.5492481526420712
0.46017578125,0.4720454615741594
0.4601953125,0.40823513501356273
0.46021484375,0.41255912786529275
0.460234375,0.49565526741264315
0.46025390625,0.4406454190848906
0.4602734375,0.2699736921345482
0.46029296875,0.2215626123045707
0.4603125,0.49377802280104466
0.46033203125,0.7083037725424706
0.4603515625,0.49557539917904564
0.46037109375,0.3519755313100806
0.460390625,0.40222337184997986
0.46041015625,0.3917198475627473
0.4604296875,0.24344797914989064
0.46044921875,-0.02422823931157791
0.46046875,-0.010358915353666134
0.46048828125,0.21139319562646758
0.4605078125,0.2611000917264075
0.46052734375,0.45190163427923025
0.460546875,0.8988801530801588
0.46056640625,1.0276640031436113
0.4605859375,0.8156416565415243
0.46060546875,0.8678334905922809
0.460625,1.0439922936331147
0.46064453125,0.988060890583902
0.4606640625,1.0057244242516812
0.46068359375,1.0952171280695533
0.460703125,0.9967441386649425
0.46072265625,0.8240381605320356
0.4607421875,0.8018437413794985
0.46076171875,1.0299096880292284
0.46078125,1.0484695947482627
0.46080078125,0.6910761512362176
0.4608203125,0.5629889377781452
0.46083984375,0.6349460855809699
0.460859375,0.4801062625389029
0.46087890625,0.01573983763430095
0.4608984375,-0.22221263282362017
0.46091796875,0.15680105168535136
0.4609375,0.30329132717711466
0.46095703125,0.0036533734040544996
0.4609765625,-0.16744250223251855
0.46099609375,-0.13779897709658176
0.461015625,0.18215423495223282
0.46103515625,0.44779099236476616
0.4610546875,0.3336497481802475
0.46107421875,0.12467297248519783
0.46109375,0.05930114644705305
0.46111328125,0.09748300662414708
0.4611328125,-0.07015718755579536
0.46115234375,-0.23792938393038443
0.461171875,-0.03655691042049359
0.46119140625,0.33232742203939714
0.4612109375,0.6910568507165891
0.46123046875,0.8545818877390017
0.46125,0.7022605394432632
0.46126953125,0.5544357133489524
0.4612890625,0.6949545066754048
0.46130859375,0.7175375023514913
0.461328125,0.3683461921144784
0.46134765625,0.32882882996310947
0.4613671875,0.5783709580778678
0.46138671875,0.4202552442220461
0.46140625,0.24838918685093966
0.46142578125,0.39254199429767245
0.4614453125,0.37310200755990813
0.46146484375,0.31981391556023914
0.461484375,0.6144191565340196
0.46150390625,0.8721573601918029
0.4615234375,0.7618892633428108
0.46154296875,0.6769351927472613
0.4615625,0.7812268301354228
0.46158203125,0.8089193984543844
0.4616015625,0.666447627217873
0.46162109375,0.4421988712991886
0.461640625,0.4691792316361043
0.46166015625,0.6588983581168597
0.4616796875,0.5177752635849423
0.46169921875,0.17378083620454773
0.46171875,0.006586787789529041
0.46173828125,-0.02902542595677691
0.4617578125,-0.15861641467034004
0.46177734375,-0.23660175496682165
0.461796875,-0.13783089480578514
0.46181640625,-0.1854398795878589
0.4618359375,-0.3627798488984339
0.46185546875,-0.2891728679124341
0.461875,0.06376931887559194
0.46189453125,0.2760630298738088
0.4619140625,0.16823507618078937
0.46193359375,0.21600472544152707
0.461953125,0.46916098394323846
0.46197265625,0.5189273870098418
0.4619921875,0.5321258072486643
0.46201171875,0.6632217061295143
0.46203125,0.5971625773162678
0.46205078125,0.26590281281716543
0.4620703125,0.06732002851782018
0.46208984375,0.12878409827448417
0.462109375,0.11887696514636145
0.46212890625,0.08761353233989003
0.4621484375,0.17498166945132632
0.46216796875,0.11137816243932147
0.4621875,-0.05880399191688366
0.46220703125,-0.058998734360577565
0.4622265625,0.19922699523107867
0.46224609375,0.43569211653091955
0.462265625,0.2909922187899158
0.46228515625,0.01164058439565941
0.4623046875,-0.1759697073072818
0.46232421875,-0.17262451715000932
0.46234375,0.007714677652451669
0.46236328125,-0.09789870003136125
0.4623828125,-0.3103506900580649
0.46240234375,-0.10795890073158221
0.462421875,0.20533140714396422
0.46244140625,0.18109537220978797
0.4624609375,-0.05715819127570831
0.46248046875,-0.11545990093175457
0.4625,0.06160910372125476
0.46251953125,0.13602069664369623
0.4625390625,0.10496391106694429
0.46255859375,0.23209973785717491
0.462578125,0.3776820022824807
0.46259765625,0.3430635405918833
0.4626171875,0.3506819167225246
0.46263671875,0.5766927626389919
0.46265625,0.7373497968002446
0.46267578125,0.7381634687192697
0.4626953125,0.771984022886055
0.46271484375,0.7663250545723126
0.462734375,0.6723206796771182
0.46275390625,0.5712001375163301
0.4627734375,0.3624005657538892
0.46279296875,-0.05087947202617429
0.4628125,-0.3472070487446993
0.46283203125,-0.33128050115980867
0.4628515625,-0.06786948860097607
0.46287109375,0.2299270144550507
0.462890625,-0.021951003694967386
0.46291015625,-0.3606945027148508
0.4629296875,-0.31507785983499575
0.46294921875,-0.4845723290173437
0.46296875,-0.4765022062874803
0.46298828125,-0.24248449091204555
0.4630078125,-0.38344341524686143
0.46302734375,-0.38044093140253754
0.463046875,-0.20973518911048283
0.46306640625,-0.24124864436535834
0.4630859375,-0.3268571106326713
0.46310546875,-0.3513690332650357
0.463125,-0.11290702425693695
0.46314453125,0.022239088960417822
0.4631640625,-0.1561409524330794
0.46318359375,-0.0940486013511655
0.463203125,0.21473597871045175
0.46322265625,0.35097168597072104
0.4632421875,0.08352383822598697
0.46326171875,-0.1207334434334206
0.46328125,0.10304605972211374
0.46330078125,0.23446824301493163
0.4633203125,0.22865278621327273
0.46333984375,0.10235940360147641
0.463359375,-0.20671724592785534
0.46337890625,-0.19222026799464248
0.4633984375,-0.02365781885176255
0.46341796875,-0.06819845146131537
0.4634375,-0.0927565296862974
0.46345703125,0.00467005082242497
0.4634765625,0.06994051180950972
0.46349609375,-0.14690720237032162
0.463515625,-0.3984738739127896
0.46353515625,-0.3416468041123854
0.4635546875,-0.38798093200630457
0.46357421875,-0.5534118138002574
0.46359375,-0.511907489074207
0.46361328125,-0.47170791750060176
0.4636328125,-0.37360059849916044
0.46365234375,-0.22725519031138633
0.463671875,-0.37785767536301507
0.46369140625,-0.6315018928634286
0.4637109375,-0.6932371023295126
0.46373046875,-0.5394065752904924
0.46375,-0.4239110459853722
0.46376953125,-0.5798569916844915
0.4637890625,-0.5878725666843921
0.46380859375,-0.40877271701156404
0.463828125,-0.391413850001934
0.46384765625,-0.4307280247099756
0.4638671875,-0.48390204385879626
0.46388671875,-0.4186898162194318
0.46390625,-0.5137196720595203
0.46392578125,-0.959320592351733
0.4639453125,-1.008186401026906
0.46396484375,-0.6706218690078123
0.463984375,-0.3057677867025687
0.46400390625,-0.1088234948982918
0.4640234375,-0.406735098057317
0.46404296875,-0.6526206904702081
0.4640625,-0.6867385357812814
0.46408203125,-0.7897168976989054
0.4641015625,-0.6526504363875982
0.46412109375,-0.505762036142777
0.464140625,-0.5779807063326867
0.46416015625,-0.6735027146127998
0.4641796875,-0.69100747960498
0.46419921875,-0.41100698563000293
0.46421875,-0.021302639412844427
0.46423828125,0.09534248156436323
0.4642578125,-0.1770828425718857
0.46427734375,-0.6202376614098402
0.464296875,-0.5014170760940886
0.46431640625,0.011134143083847838
0.4643359375,-0.146616367926606
0.46435546875,-0.5914095327975324
0.464375,-0.526082873520679
0.46439453125,-0.24257843788902067
0.4644140625,0.08214325156985877
0.46443359375,0.059990040349412396
0.464453125,-0.2488298924972465
0.46447265625,-0.14206511100174635
0.4644921875,-0.1641070867919876
0.46451171875,-0.32031804273159425
0.46453125,-0.0802807711877064
0.46455078125,-0.01091186150441334
0.4645703125,0.11328723304424715
0.46458984375,0.19630000113987073
0.464609375,-0.16071137625719428
0.46462890625,-0.006692580198940014
0.4646484375,0.3460341805632279
0.46466796875,0.30918669478443184
0.4646875,0.16951454226443766
0.46470703125,-0.17152547584199035
0.4647265625,-0.12412464309948505
0.46474609375,-0.033456462118492236
0.464765625,-0.5405970397246145
0.46478515625,-0.5908125037718533
0.4648046875,-0.3206668145624235
0.46482421875,-0.5206066360964193
0.46484375,-0.7257180108068232
0.46486328125,-0.5943566478143246
0.4648828125,-0.3443849417249514
0.46490234375,-0.457275901605626
0.464921875,-0.8631851195611167
0.46494140625,-0.8765574386644359
0.4649609375,-0.6451840334124637
0.46498046875,-0.6864914722661518
0.465,-0.6876500583505175
0.46501953125,-0.437724158872034
0.4650390625,-0.3341806973902057
0.46505859375,-0.49016803198969416
0.465078125,-0.7971338480603982
0.46509765625,-1.0160353735476193
0.4651171875,-0.9400704388180663
0.46513671875,-0.9039041251116638
0.46515625,-0.8584251357691766
0.46517578125,-0.5876808223570704
0.4651953125,-0.4340814234211082
0.46521484375,-0.4337026608912147
0.465234375,-0.398696281369615
0.46525390625,-0.21452804349136412
0.4652734375,-0.2486572536123076
0.46529296875,-0.601173372114405
0.4653125,-0.3526580074236695
0.46533203125,0.052922587565175344
0.4653515625,-0.17935752000389765
0.46537109375,-0.26031936647736004
0.465390625,-0.010942116462788067
0.46541015625,0.1355462040191249
0.4654296875,0.04630381154249112
0.46544921875,-0.2619789533720076
0.46546875,-0.39478217001827115
0.46548828125,-0.38847540278685905
0.4655078125,-0.324867106735955
0.46552734375,-0.101149937287259
0.465546875,-0.2666254851529192
0.46556640625,-0.6080086952335843
0.4655859375,-0.5515890024001306
0.46560546875,-0.6340074511104468
0.465625,-0.9082981520759057
0.46564453125,-0.9399847270175689
0.4656640625,-0.757025840226856
0.46568359375,-0.46828113271497335
0.465703125,-0.374444077017299
0.46572265625,-0.48782485338953413
0.4657421875,-0.29718501744032955
0.46576171875,0.13038979641330445
0.46578125,0.14603429646417362
0.46580078125,-0.05356486206302432
0.4658203125,0.04562555694775674
0.46583984375,0.14441234581515078
0.465859375,0.16837071432031714
0.46587890625,0.3747291935103668
0.4658984375,0.5711757959301899
0.46591796875,0.4176954859973938
0.4659375,0.14581031647768694
0.46595703125,0.3256565012412951
0.4659765625,0.4819213541580347
0.46599609375,0.05931374160828097
0.466015625,-0.20115533963758928
0.46603515625,-0.03978366024990676
0.4660546875,-0.0292940807037052
0.46607421875,-0.15551163252544392
0.46609375,-0.15588890051277082
0.46611328125,-0.151447717016609
0.4661328125,-0.27827518030211734
0.46615234375,-0.374171863812093
0.466171875,-0.3686452452796578
0.46619140625,-0.2614837007621721
0.4662109375,0.003533980515383388
0.46623046875,0.05267580795736189
0.46625,-0.1387976917383678
0.46626953125,-0.006693502581769942
0.4662890625,0.1471160797191206
0.46630859375,-0.08654941815368652
0.466328125,-0.19738093304025423
0.46634765625,0.02303551043572049
0.4663671875,0.14283658773417962
0.46638671875,-0.07903174827078129
0.46640625,-0.21266258214626851
0.46642578125,0.11563244546086568
0.4664453125,0.4056656742019994
0.46646484375,0.3165263090791815
0.466484375,0.19678809995447769
0.46650390625,0.19599783520183184
0.4665234375,0.4311746084305097
0.46654296875,0.8601572038986169
0.4665625,0.864300838815991
0.46658203125,0.5696145567439544
0.4666015625,0.595735324273736
0.46662109375,0.7251076260700172
0.466640625,0.6706295228425038
0.46666015625,0.5223791094112744
0.4666796875,0.4514784096475578
0.46669921875,0.574477891745567
0.46671875,0.6841621031534778
0.46673828125,0.6429963967583588
0.4667578125,0.580497920293449
0.46677734375,0.49546089211345434
0.466796875,0.34234721312737165
0.46681640625,0.15926097026857683
0.4668359375,-0.04404028014373658
0.46685546875,-0.31057030923628515
0.466875,-0.5713941355362175
0.46689453125,-0.5064722003716398
0.4669140625,-0.2851278980541952
0.46693359375,-0.46763535930336286
0.466953125,-0.6157623229660584
0.46697265625,-0.2589751676272026
0.4669921875,-0.04849233003051601
0.46701171875,-0.25001578897663823
0.46703125,-0.36194854390471354
0.46705078125,-0.1775964925179558
0.4670703125,-0.07165448033190863
0.46708984375,-0.3275226377233983
0.467109375,-0.5144183132516901
0.46712890625,-0.31953941251724893
0.4671484375,0.027254092488421075
0.46716796875,0.2820419827972985
0.4671875,0.26503553536726043
0.46720703125,0.17577455031619946
0.4672265625,0.4216191962996362
0.46724609375,0.6876371434692031
0.467265625,0.5630287730745989
0.46728515625,0.440003126314755
0.4673046875,0.4480095806501516
0.46732421875,0.4146073204898403
0.46734375,0.36441848151577805
0.46736328125,0.10649623493005114
0.4673828125,-0.15596274952864875
0.46740234375,-0.2505519343008624
0.467421875,-0.2612370259386837
0.46744140625,-0.0706389933807566
0.4674609375,-0.019774668315595524
0.46748046875,0.033475917627171725
0.4675,0.5101029518088673
0.46751953125,0.8469623307601328
0.4675390625,0.6407332151166651
0.46755859375,0.24569096055383977
0.467578125,0.10370059572566838
0.46759765625,0.07433940527134507
0.4676171875,-0.05930412709602527
0.46763671875,-0.20320000563515597
0.46765625,-0.5204929038030001
0.46767578125,-0.6305560980742257
0.4676953125,-0.15666267724572747
0.46771484375,0.334481687555563
0.467734375,0.5376960649290692
0.46775390625,0.4122780337890922
0.4677734375,0.17726612945017228
0.46779296875,0.1195450586625817
0.4678125,-0.02008303391016653
0.46783203125,-0.11773385365552025
0.4678515625,-0.21085267502938193
0.46787109375,-0.3485167952100683
0.467890625,-0.08311032159602177
0.46791015625,0.019882050836849997
0.4679296875,-0.1844932611490114
0.46794921875,-0.052136967565391795
0.46796875,0.017609670552592015
0.46798828125,-0.0705651287951416
0.4680078125,-0.11287611145204618
0.46802734375,-0.17797160564037726
0.468046875,0.03557538534050614
0.46806640625,0.1472178686364536
0.4680859375,0.006330550705727928
0.46810546875,0.14951906484554778
0.468125,0.26359902483216946
0.46814453125,0.16520458710963326
0.4681640625,0.18817866367994884
0.46818359375,0.4067555842001114
0.468203125,0.5292564370780419
0.46822265625,0.31732837672244624
0.4682421875,0.22035367106853404
0.46826171875,0.38514174542935886
0.46828125,0.5114254546805344
0.46830078125,0.6060227569479977
0.4683203125,0.6106913327199555
0.46833984375,0.4025782962905183
0.468359375,0.0923604446428392
0.46837890625,0.026008555278508247
0.4683984375,0.08467034693066722
0.46841796875,-0.00847218545724674
0.4684375,0.07496445625668961
0.46845703125,0.2858066097124852
0.4684765625,0.2353892488294688
0.46849609375,0.045619008769636024
0.468515625,0.15439470789030685
0.46853515625,0.47241076928359077
0.4685546875,0.41379919506600765
0.46857421875,0.16330510072926002
0.46859375,0.1905518228104051
0.46861328125,0.505324098307395
0.4686328125,0.8683126215816898
0.46865234375,0.9153278036550945
0.468671875,0.8644415417668043
0.46869140625,0.9871465506554244
0.4687109375,1.1107071900056977
0.46873046875,1.0816391099023464
0.46875,0.9876619406893333
0.46876953125,1.2003483412082219
0.4687890625,1.2530246381018404
0.46880859375,0.7930038217837839
0.468828125,0.5704780979569218
0.46884765625,0.3726568485549834
0.4688671875,0.0340559295897635
0.46888671875,0.14150693253772856
0.46890625,0.14882785503577098
0.46892578125,-0.10239368726324975
0.4689453125,-0.07832079548167395
0.46896484375,-0.1835557902993411
0.468984375,-0.41933624865677016
0.46900390625,-0.33185681866306027
0.4690234375,-0.2583236413748876
0.46904296875,-0.3814049394597222
0.4690625,-0.48362856538214033
0.46908203125,-0.506497139097922
0.4691015625,-0.30675718097499144
0.46912109375,-0.027143334937392218
0.469140625,0.03748645921141983
0.46916015625,0.07568086555470113
0.4691796875,0.22185493433660097
0.46919921875,0.3885937748081128
0.46921875,0.4305958449743097
0.46923828125,0.4024002023828852
0.4692578125,0.5177468838755198
0.46927734375,0.5078479476452527
0.469296875,0.40897037637656186
0.46931640625,0.38656768266371444
0.4693359375,0.2820849818248974
0.46935546875,0.34460900583804494
0.469375,0.3632483926732279
0.46939453125,0.2653264204769127
0.4694140625,0.44016333361833465
0.46943359375,0.39984600302158835
0.469453125,0.17225711442727087
0.46947265625,0.25493383142859544
0.4694921875,0.40813770466396304
0.46951171875,0.510216593694945
0.46953125,0.45216713699673605
0.46955078125,0.34626356258988666
0.4695703125,0.5240299084080198
0.46958984375,0.7006419147936145
0.469609375,0.615947342223174
0.46962890625,0.3270969370481025
0.4696484375,0.10445580065539706
0.46966796875,0.11256537055726933
0.4696875,-0.026008375891319505
0.46970703125,-0.24457357841135793
0.4697265625,-0.20028512111763885
0.46974609375,-0.1390678993205429
0.469765625,0.03710004214439157
0.46978515625,0.39444096393649564
0.4698046875,0.271770294699712
0.46982421875,-0.1270633953721144
0.46984375,-0.16644549322210359
0.46986328125,-0.13336288391903955
0.4698828125,-0.13740741221753902
0.46990234375,-0.09176791602152942
0.469921875,-0.16697077408087335
0.46994140625,-0.13988179347185903
0.4699609375,-0.07400231742799154
0.46998046875,-0.24337615998283257
0.47,-0.12967558324408812
0.47001953125,0.2169791127751363
0.4700390625,0.17685512075480664
0.47005859375,0.07196583600520214
0.470078125,0.21000079520671877
0.47009765625,0.4396216858645344
0.4701171875,0.5074748200567079
0.47013671875,0.3711200848893548
0.47015625,0.2874265708973419
0.47017578125,-0.0029523329813262583
0.4701953125,-0.2271974472663602
0.47021484375,0.11859499166846675
0.470234375,0.28568698123695274
0.47025390625,0.005167638165276059
0.4702734375,-0.14781284531357555
0.47029296875,-0.11690646048548282
0.4703125,-0.036356409701782305
0.47033203125,-0.006684609645757192
0.4703515625,-0.22409420075060987
0.47037109375,-0.357381906029302
0.470390625,-0.0974287910347332
0.47041015625,0.115111620348624
0.4704296875,0.14475520976941222
0.47044921875,0.01913966194880528
0.47046875,-0.05248195713986306
0.47048828125,0.24048436275522242
0.4705078125,0.25468249489056316
0.47052734375,0.024545514942901563
0.470546875,0.01605708246217141
0.47056640625,0.09822652578591103
0.4705859375,0.5320758885235755
0.47060546875,0.8534202193126836
0.470625,0.8194930485542485
0.47064453125,0.8929870922693665
0.4706640625,0.568017379573796
0.47068359375,0.1739770794621713
0.470703125,0.21132894126915644
0.47072265625,0.03537245570786882
0.4707421875,-0.09719003622674374
0.47076171875,0.0920391325333352
0.47078125,0.35226157629213595
0.47080078125,0.5392495739080704
0.4708203125,0.23196821047523705
0.47083984375,-0.02093924000191929
0.470859375,0.21741828082308645
0.47087890625,0.24218579338388957
0.4708984375,0.10637094638903993
0.47091796875,-0.013204089961537754
0.4709375,-0.19673204902361713
0.47095703125,-0.11287586130567638
0.4709765625,0.10642734413764963
0.47099609375,0.13476040608449064
0.471015625,0.007503212572366436
0.47103515625,-0.0667293765377692
0.4710546875,-0.034274780554031825
0.47107421875,-0.15333739145988995
0.47109375,-0.3315907457551731
0.47111328125,-0.2965288454080252
0.4711328125,-0.27014064121153014
0.47115234375,-0.37575822953953786
0.471171875,-0.29563134692484316
0.47119140625,-0.09114287255905523
0.4712109375,-0.07128875055979315
0.47123046875,-0.03182911703307318
0.47125,0.14729955080586346
0.47126953125,0.19237328951624938
0.4712890625,0.03982549704097942
0.47130859375,-0.031007544354751726
0.471328125,0.22622449660798818
0.47134765625,0.5269217955828801
0.4713671875,0.4760368733220069
0.47138671875,0.3339584846187219
0.47140625,0.4329540399082644
0.47142578125,0.5977079547248424
0.4714453125,0.7490399176291112
0.47146484375,0.7366369511325016
0.471484375,0.31780342047843596
0.47150390625,0.04025248659191883
0.4715234375,-0.050113110738226566
0.47154296875,-0.3977535053329784
0.4715625,-0.5221312327638941
0.47158203125,-0.5159667040688642
0.4716015625,-0.5953746523873942
0.47162109375,-0.5818309925872609
0.471640625,-0.7851015426167675
0.47166015625,-0.7926197688894101
0.4716796875,-0.6904704771143464
0.47169921875,-1.0169270459944875
0.47171875,-1.0095139496186047
0.47173828125,-0.6033475572866218
0.4717578125,-0.40503934894974414
0.47177734375,-0.5448239055403388
0.471796875,-0.7233902618621044
0.47181640625,-0.29203037559483
0.4718359375,0.07372011552209962
0.47185546875,-0.2298217207251719
0.471875,-0.2914363080965387
0.47189453125,0.003683046400080662
0.4719140625,0.027266190142969098
0.47193359375,-0.11957264839858399
0.471953125,-0.05129417169682207
0.47197265625,-0.023670159375235027
0.4719921875,-0.2268187747658009
0.47201171875,-0.34482210826563964
0.47203125,-0.43210425351301396
0.47205078125,-0.5427449991498232
0.4720703125,-0.5364021069040064
0.47208984375,-0.34928937662741966
0.472109375,-0.17838732638765603
0.47212890625,-0.23826780397030278
0.4721484375,-0.30347518876082447
0.47216796875,-0.3715203000099744
0.4721875,-0.3561596805426421
0.47220703125,-0.18323868918996883
0.4722265625,-0.19565717569869895
0.47224609375,-0.4435410618652683
0.472265625,-0.7287849429345364
0.47228515625,-0.6189938889396484
0.4723046875,-0.2900341643802993
0.47232421875,-0.3172747294806073
0.47234375,-0.3555921843625015
0.47236328125,-0.27695469497237496
0.4723828125,-0.24655801430183497
0.47240234375,-0.09285531957393506
0.472421875,-0.02658944726554839
0.47244140625,-0.1934197922428108
0.4724609375,-0.29166220098790835
0.47248046875,-0.2368059492488635
0.4725,-0.34548378601991303
0.47251953125,-0.6186161230157969
0.4725390625,-0.6465933715975505
0.47255859375,-0.5927534122862953
0.472578125,-0.6840262941303886
0.47259765625,-0.6023905246856919
0.4726171875,-0.4132797451323723
0.47263671875,-0.18450097125472856
0.47265625,0.23029237052021315
0.47267578125,0.5351257582613718
0.4726953125,0.5245801409622514
0.47271484375,0.27528468124004013
0.472734375,0.0009465769333889141
0.47275390625,0.0016980067510030117
0.4727734375,0.22067638048270494
0.47279296875,0.2180526863517906
0.4728125,-0.10548799835092386
0.47283203125,-0.2911888512784178
0.4728515625,-0.2384547369098167
0.47287109375,-0.1673775410261578
0.472890625,-0.1582994035735409
0.47291015625,-0.29785361648444775
0.4729296875,-0.4263406063286499
0.47294921875,-0.49238970331602894
0.47296875,-0.5746841262979444
0.47298828125,-0.5559836478211724
0.4730078125,-0.6082781446783017
0.47302734375,-0.7367291172587676
0.473046875,-0.6365552691802302
0.47306640625,-0.4655531509573747
0.4730859375,-0.5520387078853062
0.47310546875,-0.722666059948335
0.473125,-0.7370139575701017
0.47314453125,-0.7425159907170511
0.4731640625,-0.7792220205171061
0.47318359375,-0.7915303221569834
0.473203125,-0.5592358206566633
0.47322265625,-0.19718793117548286
0.4732421875,-0.14315652867901107
0.47326171875,0.08219457162496831
0.47328125,0.1540704399502994
0.47330078125,-0.459575025983916
0.4733203125,-0.6234480799703034
0.47333984375,-0.3875057950185893
0.473359375,-0.32294050383166917
0.47337890625,-0.13702795047844776
0.4733984375,-0.2147799560485652
0.47341796875,-0.4604329179234629
0.4734375,-0.5196466989536246
0.47345703125,-0.45547735041402976
0.4734765625,-0.27723230262727805
0.47349609375,-0.37990007906180756
0.473515625,-0.6108303030806297
0.47353515625,-0.5883384343867989
0.4735546875,-0.49294536386828297
0.47357421875,-0.35806046027521393
0.47359375,-0.4023654170956388
0.47361328125,-0.5695972448452089
0.4736328125,-0.37363872068623066
0.47365234375,-0.09433517386542045
0.473671875,0.034328910473295345
0.47369140625,0.08969598882922854
0.4737109375,-0.08697517487373738
0.47373046875,-0.15751633967723563
0.47375,-0.02841483589892326
0.47376953125,0.08146031304388951
0.4737890625,0.24174882244400234
0.47380859375,0.08610977046505747
0.473828125,-0.22818819497762916
0.47384765625,-0.24867343411820397
0.4738671875,-0.2511237001547079
0.47388671875,-0.24638204684971565
0.47390625,-0.31097484852675866
0.47392578125,-0.33540034204930363
0.4739453125,-0.07905283791795084
0.47396484375,-0.08313419189519496
0.473984375,0.01980717234358828
0.47400390625,0.5227425104892354
0.4740234375,0.4634235983529968
0.47404296875,0.04825053713007785
0.4740625,-0.04547311657963179
0.47408203125,0.08751676832916375
0.4741015625,0.14024031511149435
0.47412109375,-0.12918986603045057
0.474140625,-0.2257410600513501
0.47416015625,-0.04903831951956684
0.4741796875,-0.029786722864908445
0.47419921875,-0.0873184517997846
0.47421875,-0.2580676678364968
0.47423828125,-0.24914104972397186
0.4742578125,-0.03636175209790511
0.47427734375,-0.23168887442092667
0.474296875,-0.3902395843693375
0.47431640625,-0.0358154587207299
0.4743359375,0.33640904328585525
0.47435546875,0.19712695856319282
0.474375,-0.2998052518269686
0.47439453125,-0.28149827062714433
0.4744140625,0.09911877586297724
0.47443359375,0.30121350163128185
0.474453125,0.6104887331825286
0.47447265625,0.5333102720101599
0.4744921875,0.16102859232554595
0.47451171875,0.2911488859831405
0.47453125,0.5084035752752412
0.47455078125,0.6805753931840879
0.4745703125,0.6820779947913048
0.47458984375,0.30269751577701287
0.474609375,0.3441661063421689
0.47462890625,0.6860194015724094
0.4746484375,0.6709433551181191
0.47466796875,0.48961908413601074
0.4746875,0.2999804922351713
0.47470703125,0.3923170515278269
0.4747265625,0.5620511421912411
0.47474609375,0.29324377035916144
0.474765625,0.10038689214590431
0.47478515625,0.21735644184197114
0.4748046875,0.27191203435329186
0.47482421875,0.141793656020769
0.47484375,-0.04671730138757789
0.47486328125,-0.0725665610506573
0.4748828125,0.042866595068577304
0.47490234375,0.21863094569160652
0.474921875,0.10714736125028351
0.47494140625,-0.20468549822015625
0.4749609375,-0.1416682851492817
0.47498046875,-0.3238921984284399
0.475,-0.9477866385397262
0.47501953125,-1.020795433692757
0.4750390625,-0.597900885360478
0.47505859375,-0.24525081135181043
0.475078125,-0.27562075525264534
0.47509765625,-0.6185176440007765
0.4751171875,-0.5739053064526762
0.47513671875,-0.1965751187669061
0.47515625,0.07160749579375256
0.47517578125,0.1482588500314463
0.4751953125,-0.014756127320979997
0.47521484375,0.0317513286718848
0.475234375,0.25646126118728024
0.47525390625,0.20656433086029763
0.4752734375,0.27335886062527515
0.47529296875,0.3612396177919563
0.4753125,0.10416534777353659
0.47533203125,0.1217047865165324
0.4753515625,0.44640005799063365
0.47537109375,0.51947158182772
0.475390625,0.26881534829055415
0.47541015625,-0.019446567792965316
0.4754296875,0.3420449878711596
0.47544921875,0.8513344772880174
0.47546875,0.34322281277263134
0.47548828125,-0.1613718385132122
0.4755078125,0.32382607818715525
0.47552734375,0.5359831773868228
0.475546875,-0.03422090543563808
0.47556640625,-0.3226580308388506
0.4755859375,-0.22014461880162978
0.47560546875,-0.3460173497660566
0.475625,-0.3983208469269164
0.47564453125,-0.0691186369787249
0.4756640625,0.015416187757402583
0.47568359375,-0.27945104239199264
0.475703125,-0.20738641969494237
0.47572265625,0.16270891730651055
0.4757421875,0.1325091844642885
0.47576171875,-0.19791313365014818
0.47578125,-0.42406825315352714
0.47580078125,-0.4312180405307817
0.4758203125,-0.2531222951988148
0.47583984375,-0.07275477184136268
0.475859375,-0.09295061304398282
0.47587890625,-0.35973900175639656
0.4758984375,-0.45987901517796453
0.47591796875,-0.2918485531925836
0.4759375,-0.2654793355743375
0.47595703125,-0.18877196340197394
0.4759765625,-0.05198536289448107
0.47599609375,-0.033367648766925245
0.476015625,0.06303509390524556
0.47603515625,-0.023840349137279428
0.4760546875,-0.07726976208395635
0.47607421875,0.12496158948375734
0.47609375,0.030362582116878326
0.47611328125,-0.05544651607255577
0.4761328125,0.10183369085929703
0.47615234375,0.12768806538628624
0.476171875,0.0958308518642286
0.47619140625,0.03549911136963364
0.4762109375,-0.008028382138755688
0.47623046875,0.0919920101965559
0.47625,0.25622389963055237
0.47626953125,0.2412951545089067
0.4762890625,-0.05661633869355995
0.47630859375,-0.23885603708429243
0.476328125,0.03960801859998392
0.47634765625,0.4754028570153085
0.4763671875,0.6341598896811798
0.47638671875,0.7568208433124592
0.47640625,0.9876371354164536
0.47642578125,0.9732786498067132
0.4764453125,0.6980573238524712
0.47646484375,0.3937543698790232
0.476484375,0.3230891509809565
0.47650390625,0.3201787424632272
0.4765234375,0.11795013443299872
0.47654296875,0.12869154656474024
0.4765625,0.34802462260456835
0.47658203125,0.3980160329663849
0.4766015625,0.4924415165342218
0.47662109375,0.6354491227992654
0.476640625,0.5960779236236469
0.47666015625,0.6380518492694066
0.4766796875,0.8347268508059311
0.47669921875,0.8265559536851084
0.47671875,0.6249269664788473
0.47673828125,0.41593487137378043
0.4767578125,0.3594606845220313
0.47677734375,0.6666623763366695
0.476796875,0.8212676664696238
0.47681640625,0.5346401162800833
0.4768359375,0.5240368536513127
0.47685546875,0.7156790902182625
0.476875,0.5909149150665483
0.47689453125,0.4177271653575045
0.4769140625,0.3718924932176124
0.47693359375,0.34275254099652386
0.476953125,0.26667927478699105
0.47697265625,0.14788373816847222
0.4769921875,0.09628115732592883
0.47701171875,0.12106783874123045
0.47703125,0.1183819123279822
0.47705078125,0.11646215570362752
0.4770703125,0.29104199360555627
0.47708984375,0.28511305119252567
0.477109375,-0.026908519271239915
0.47712890625,-0.04977963659380434
0.4771484375,-0.0007165736567007093
0.47716796875,0.016718751719609744
0.4771875,0.23011123842819914
0.47720703125,0.23381536511262238
0.4772265625,0.16042241264139534
0.47724609375,0.12194361222478987
0.477265625,0.16233312761797902
0.47728515625,0.5670821984732197
0.4773046875,0.5889285520249757
0.47732421875,0.04066297816487538
0.47734375,-0.046905214740628434
0.47736328125,0.3215387101619205
0.4773828125,0.5154492290103093
0.47740234375,0.5758506263011604
0.477421875,0.6061610488100992
0.47744140625,0.568073708368223
0.4774609375,0.563486112921441
0.47748046875,0.6122439556691418
0.4775,0.5923848272537563
0.47751953125,0.4687112698504647
0.4775390625,0.30282265902772376
0.47755859375,0.06028262123019325
0.477578125,0.006300195110094442
0.47759765625,0.3765600931193428
0.4776171875,0.5732151807491636
0.47763671875,0.37608815778982857
0.47765625,0.1691680782114027
0.47767578125,-0.032761075223332256
0.4776953125,-0.15575684916216334
0.47771484375,-0.2394341791407097
0.477734375,-0.27834844627964284
0.47775390625,-0.14965727744846613
0.4777734375,-0.17348138064667462
0.47779296875,-0.20879286017573565
0.4778125,-0.09355315999695032
0.47783203125,-0.10637815210719855
0.4778515625,-0.12334903501911254
0.47787109375,-0.08094145699256598
0.477890625,0.016816183259576886
0.47791015625,0.06481062113154112
0.4779296875,-0.09097533901046205
0.47794921875,-0.2394693764800966
0.47796875,-0.27325351977087126
0.47798828125,-0.21605811595034946
0.4780078125,-0.3139180658643534
0.47802734375,-0.4647791012656391
0.478046875,-0.25482767467548084
0.47806640625,0.015328093356243758
0.4780859375,0.1636335463437294
0.47810546875,0.11103742101930292
0.478125,-0.20918876999960612
0.47814453125,-0.26617439577379476
0.4781640625,-0.17119774348052252
0.47818359375,-0.3885062502314186
0.478203125,-0.5430315340211993
0.47822265625,-0.20576572746126034
0.4782421875,0.23033315423923698
0.47826171875,0.1177713746599149
0.47828125,-0.21286026228031257
0.47830078125,-0.1085077534013261
0.4783203125,0.3133821179939127
0.47833984375,0.4096434848392822
0.478359375,-0.051844970420344805
0.47837890625,-0.253092443516588
0.4783984375,0.15815991019687017
0.47841796875,0.6587305100845762
0.4784375,0.6804142358434179
0.47845703125,0.08975711486036808
0.4784765625,-0.04419007390945853
0.47849609375,0.5318926625099704
0.478515625,0.680276875246414
0.47853515625,0.32302692644978764
0.4785546875,0.12993700192920957
0.47857421875,0.21839871064479263
0.47859375,0.25921803318644565
0.47861328125,0.29451341885494475
0.4786328125,0.608118765216766
0.47865234375,0.7816882195921532
0.478671875,0.5686957497276924
0.47869140625,0.358391859255432
0.4787109375,0.23208021680677937
0.47873046875,0.17661193533215394
0.47875,0.3189335847195918
0.47876953125,0.3261561296689935
0.4787890625,-0.01323416333719847
0.47880859375,-0.12285478577576571
0.478828125,0.03338515894860843
0.47884765625,-0.12787712788844252
0.4788671875,-0.4698911278025473
0.47888671875,-0.43335602041041377
0.47890625,0.08442210057805166
0.47892578125,0.4845369262130736
0.4789453125,0.3807564987236841
0.47896484375,0.10473653279679514
0.478984375,-0.06808317136530839
0.47900390625,-0.060810419713168556
0.4790234375,0.0030796485094852083
0.47904296875,-0.12271787714228977
0.4790625,-0.24072666525252073
0.47908203125,-0.20342949817376538
0.4791015625,-0.22242750382877585
0.47912109375,-0.20415365379896067
0.479140625,-0.07703853572562121
0.47916015625,0.008308329994770878
0.4791796875,-0.06735467245946658
0.47919921875,-0.26891999525461296
0.47921875,-0.23749739162101582
0.47923828125,0.032734475505659985
0.4792578125,0.11337785432620309
0.47927734375,-0.11731402355632037
0.479296875,-0.1571900224831161
0.47931640625,0.23533714470125294
0.4793359375,0.27818250688031343
0.47935546875,-0.2690703495071718
0.479375,-0.6289243510664093
0.47939453125,-0.466081495543867
0.4794140625,-0.2320002950829127
0.47943359375,-0.1897372128487741
0.479453125,-0.09332827224460355
0.47947265625,-0.09304005309719653
0.4794921875,-0.2092184950987093
0.47951171875,-0.09915089912074099
0.47953125,-0.0786470503554625
0.47955078125,-0.28404636872205447
0.4795703125,-0.3005919926260104
0.47958984375,-0.3150796294075764
0.479609375,-0.6138159774364238
0.47962890625,-0.8734870110242261
0.4796484375,-0.8762463599663709
0.47966796875,-0.6999520539890389
0.4796875,-0.6057257608255753
0.47970703125,-0.6776471445177773
0.4797265625,-0.5689878150639482
0.47974609375,-0.44384557090065224
0.479765625,-0.5585168488931158
0.47978515625,-0.5423472571332223
0.4798046875,-0.5027097879799967
0.47982421875,-0.5659364045397043
0.47984375,-0.39107000722380575
0.47986328125,-0.32618519787460337
0.4798828125,-0.5472201000751966
0.47990234375,-0.6389520685123803
0.479921875,-0.5899453151994914
0.47994140625,-0.5167543396684549
0.4799609375,-0.49225082740002446
0.47998046875,-0.31782997537094704
0.48,0.04689953183230597
0.48001953125,0.11332694664736397
0.4800390625,-0.15595753056999195
0.48005859375,-0.4532063653790708
0.480078125,-0.4328008102813546
0.48009765625,-0.12301996027015367
0.4801171875,0.06430304509646406
0.48013671875,0.15798415356093992
0.48015625,0.012580334031873808
0.48017578125,-0.2651708472038092
0.4801953125,-0.2563657471873352
0.48021484375,-0.3738503538767482
0.480234375,-0.514619984074369
0.48025390625,-0.4064276260095642
0.4802734375,-0.45684284541283
0.48029296875,-0.4718314250721912
0.4803125,-0.4345204022241226
0.48033203125,-0.38569824882526
0.4803515625,-0.2616159235095959
0.48037109375,-0.5467552943084698
0.480390625,-0.657841783268528
0.48041015625,-0.2578506806444842
0.4804296875,-0.24260848902380566
0.48044921875,-0.45713190017024413
0.48046875,-0.380911051990692
0.48048828125,-0.20597479544484276
0.4805078125,-0.3273428487418914
0.48052734375,-0.4646515457613526
0.480546875,-0.07747878940383421
0.48056640625,0.20498757028100417
0.4805859375,0.23488559391536118
0.48060546875,0.3350141936713018
0.480625,0.26129714344249494
0.48064453125,0.33198187941913365
0.4806640625,0.39388298534765165
0.48068359375,0.019634478347612005
0.480703125,-0.323774447132859
0.48072265625,-0.279779703374452
0.4807421875,-0.2657964327590495
0.48076171875,-0.45177873093336024
0.48078125,-0.2319364950459887
0.48080078125,0.09104902913546314
0.4808203125,-0.03608211673273065
0.48083984375,-0.3020889204065891
0.480859375,-0.45096522496087865
0.48087890625,-0.36258932360829255
0.4808984375,-0.39543173582692376
0.48091796875,-0.6521737908776345
0.4809375,-0.7736424871534596
0.48095703125,-0.8794911478918922
0.4809765625,-0.8014325104712972
0.48099609375,-0.49601145722950457
0.481015625,-0.4435644968020988
0.48103515625,-0.5186727402192699
0.4810546875,-0.5302567845569128
0.48107421875,-0.657293481939938
0.48109375,-0.7277795987070533
0.48111328125,-0.6922758473615873
0.4811328125,-0.6844592832236648
0.48115234375,-0.5135387102142388
0.481171875,-0.4218090352442109
0.48119140625,-0.6315574291671866
0.4812109375,-0.553240039556853
0.48123046875,-0.15059725242833946
0.48125,-0.008908682684427079
0.48126953125,-0.1367747415655522
0.4812890625,-0.3010743551105705
0.48130859375,-0.353734088906714
0.481328125,-0.2967056155893669
0.48134765625,-0.3537589667604974
0.4813671875,-0.3827547273082341
0.48138671875,-0.3846267335354413
0.48140625,-0.6113367064585822
0.48142578125,-0.7112360389629473
0.4814453125,-0.584313958879188
0.48146484375,-0.46031127183130716
0.481484375,-0.5505523794679494
0.48150390625,-0.8158221094241264
0.4815234375,-0.6582657903962159
0.48154296875,-0.5210718742050542
0.4815625,-0.7427244925335199
0.48158203125,-0.6315346871380709
0.4816015625,-0.4942199964573888
0.48162109375,-0.5423924196818704
0.481640625,-0.4500182086028634
0.48166015625,-0.30896037264588355
0.4816796875,-0.17815406284949137
0.48169921875,-0.1207695347004871
0.48171875,0.12770754564927034
0.48173828125,0.45625489473030234
0.4817578125,0.32341254993855323
0.48177734375,0.20155284434997633
0.481796875,0.2716542471302995
0.48181640625,0.05267794825996881
0.4818359375,-0.15374548329818108
0.48185546875,-0.12104363451210831
0.481875,-0.048892775617256856
0.48189453125,-0.0007111386120186441
0.4819140625,-0.0770218965894674
0.48193359375,0.007555694093422299
0.481953125,0.2838793669562223
0.48197265625,0.16035311900305366
0.4819921875,-0.06810077213830389
0.48201171875,0.07906464345493407
0.48203125,0.21588131609692363
0.48205078125,0.18967542382218772
0.4820703125,0.17365852202335041
0.48208984375,0.13303967002484166
0.482109375,0.08911565639337277
0.48212890625,0.13327822953256305
0.4821484375,0.05980680129800167
0.48216796875,-0.14658670841967525
0.4821875,-0.038941279633905077
0.48220703125,0.2781178825146735
0.4822265625,0.35825316170868354
0.48224609375,0.365483064468056
0.482265625,0.47683740901279015
0.48228515625,0.3244294344472452
0.4823046875,-0.1802641366765627
0.48232421875,-0.3782446725685115
0.48234375,-0.07506707364237075
0.48236328125,0.002578984581377397
0.4823828125,-0.2329820686140628
0.48240234375,-0.28973822144059735
0.482421875,-0.2904321716041227
0.48244140625,-0.17036204811609576
0.4824609375,0.14234238629369403
0.48248046875,0.13740006219760695
0.4825,0.021566503841470443
0.48251953125,0.19547228151798773
0.4825390625,0.4395236295720336
0.48255859375,0.5353960387486235
0.482578125,0.30222783610066495
0.48259765625,0.16754853295685862
0.4826171875,0.36920030617670613
0.48263671875,0.2406417980710744
0.48265625,0.11474625392093799
0.48267578125,0.6017695070030439
0.4826953125,1.0759714486895036
0.48271484375,1.0355041778999745
0.482734375,0.7052217864341588
0.48275390625,0.4979105173906252
0.4827734375,0.37693643624961753
0.48279296875,0.17862498012229466
0.4828125,0.2155239131561849
0.48283203125,0.2853009204881557
0.4828515625,0.13153308541169662
0.48287109375,0.01715378356367553
0.482890625,-0.1414487032522656
0.48291015625,-0.27616355288609873
0.4829296875,-0.23597060211282592
0.48294921875,-0.12942769352831987
0.48296875,-0.07236194765269124
0.48298828125,-0.19621667484130834
0.4830078125,-0.24627276141229643
0.48302734375,-0.1358964633248368
0.483046875,-0.2513103116076109
0.48306640625,-0.4662868796561313
0.4830859375,-0.2892325872397336
0.48310546875,0.012197284575613782
0.483125,-0.06790850110997713
0.48314453125,-0.2064800605035071
0.4831640625,-0.12506701100504938
0.48318359375,-0.06562147389598857
0.483203125,-0.05238969146601755
0.48322265625,0.016310239860131776
0.4832421875,0.010281024284329726
0.48326171875,-0.04171479754440405
0.48328125,-0.017536367858678466
0.48330078125,0.004686090332611647
0.4833203125,0.1413299746662839
0.48333984375,0.38822192505204
0.483359375,0.48022582481432663
0.48337890625,0.44315048184764455
0.4833984375,0.34573907781740687
0.48341796875,0.2956614106710841
0.4834375,0.5089362144731595
0.48345703125,0.6363655719451868
0.4834765625,0.46130930192014136
0.48349609375,0.33152524498116104
0.483515625,0.34957642093459423
0.48353515625,0.5242320500546117
0.4835546875,0.3441731546991152
0.48357421875,-0.19037320649262285
0.48359375,-0.21637611006654142
0.48361328125,-0.24933968107845397
0.4836328125,-0.5944615120181
0.48365234375,-0.7656452022821205
0.483671875,-0.8842333912002243
0.48369140625,-0.6852049314124287
0.4837109375,-0.35558284383000904
0.48373046875,-0.318522293507403
0.48375,-0.23799708041914341
0.48376953125,-0.1289100045522406
0.4837890625,-0.018901798420405524
0.48380859375,0.07770552592047207
0.483828125,0.08703098812346274
0.48384765625,0.15967422690326766
0.4838671875,0.07676573165635912
0.48388671875,0.00605178370357265
0.48390625,0.10464317567073955
0.48392578125,0.026732756118562857
0.4839453125,0.05731749315295721
0.48396484375,0.18519328696229015
0.483984375,0.21553929715593184
0.48400390625,0.3320532168582711
0.4840234375,0.28704661281975824
0.48404296875,0.1973603881671505
0.4840625,0.14590268336929477
0.48408203125,0.08724843447574107
0.4841015625,0.33422263345701275
0.48412109375,0.4298759938308783
0.484140625,0.1081371688313828
0.48416015625,-0.11803821668516862
0.4841796875,-0.07762862421413783
0.48419921875,0.05666331670935034
0.48421875,0.0009392862098901653
0.48423828125,-0.11833088045042
0.4842578125,0.003907633968537352
0.48427734375,-0.09270342687329997
0.484296875,-0.27263386171500664
0.48431640625,0.1896144836978919
0.4843359375,0.6044583840040836
0.48435546875,0.5856743674377523
0.484375,0.654456508968539
0.48439453125,0.6475176881087348
0.4844140625,0.6366262024131109
0.48443359375,0.6037910483152177
0.484453125,0.4046236032810364
0.48447265625,0.4810323370397074
0.4844921875,0.6348040337566385
0.48451171875,0.6093551567025929
0.48453125,0.5706647319548649
0.48455078125,0.5304382255048039
0.4845703125,0.5612247793179043
0.48458984375,0.5060661940556752
0.484609375,0.4474703824979007
0.48462890625,0.5053549232527754
0.4846484375,0.5370810822843141
0.48466796875,0.7759796982998458
0.4846875,1.0258135979576837
0.48470703125,0.8744109756542604
0.4847265625,0.5737315839991622
0.48474609375,0.5354325542378029
0.484765625,0.7145161347467491
0.48478515625,0.6884270110230706
0.4848046875,0.531307434541502
0.48482421875,0.3855131498383553
0.48484375,0.10558844163066626
0.48486328125,-0.005843152117187856
0.4848828125,0.08808756243630932
0.48490234375,0.13934784444358134
0.484921875,0.13361080964707467
0.48494140625,0.07851517734230644
0.4849609375,0.14515614818666422
0.48498046875,0.058947738309899377
0.485,-0.24953439636267372
0.48501953125,-0.17519027688724648
0.4850390625,0.08632692559386226
0.48505859375,0.2627443922441895
0.485078125,0.3680859668191077
0.48509765625,0.21668451510792147
0.4851171875,0.17091788912238168
0.48513671875,0.26166882983969936
0.48515625,0.26840028705421715
0.48517578125,0.4217595480083102
0.4851953125,0.4662803436052509
0.48521484375,0.20611442409230413
0.485234375,0.0713600348523763
0.48525390625,0.3541608735331806
0.4852734375,0.5885532878842337
0.48529296875,0.2443741552080476
0.4853125,0.018113947147573306
0.48533203125,0.30514648120628657
0.4853515625,0.274584844949252
0.48537109375,-0.004717693272404167
0.485390625,0.1380350816338457
0.48541015625,0.5128720637095744
0.4854296875,0.7173227315849822
0.48544921875,0.6771129387683743
0.48546875,0.7345344359961835
0.48548828125,0.9008465784101232
0.4855078125,0.7927517647826918
0.48552734375,0.7329414251845104
0.485546875,0.7425558819519505
0.48556640625,0.5712977195191407
0.4855859375,0.561160915976281
0.48560546875,0.5883826268459447
0.485625,0.36844595740649183
0.48564453125,0.03368410128218115
0.4856640625,-0.09834540509579891
0.48568359375,-0.06903240595198083
0.485703125,-0.3457524830087344
0.48572265625,-0.5320590106152909
0.4857421875,-0.38408306499655914
0.48576171875,-0.4810742255945811
0.48578125,-0.5457836676578647
0.48580078125,-0.2955930968444059
0.4858203125,-0.2126011531037192
0.48583984375,-0.1380468398960305
0.485859375,0.0798646785173115
0.48587890625,-0.15409951554350323
0.4858984375,-0.4577392334182421
0.48591796875,-0.2982205213362751
0.4859375,-0.2044335354147692
0.48595703125,-0.1549450260418003
0.4859765625,-0.10309859615572872
0.48599609375,-0.20042481379006025
0.486015625,-0.08388637033143595
0.48603515625,0.13123763486083892
0.4860546875,0.19357788293713973
0.48607421875,0.23424811749859065
0.48609375,0.4195642922734707
0.48611328125,0.5988300907276333
0.4861328125,0.44958528022313776
0.48615234375,0.3755068169455589
0.486171875,0.4880102310780592
0.48619140625,0.22654580253466128
0.4862109375,-0.02493709296035173
0.48623046875,-0.014118960027377857
0.48625,-0.22805797564993585
0.48626953125,-0.3683085378509168
0.4862890625,-0.18364654983826445
0.48630859375,-0.1477986758443537
0.486328125,-0.32116679421027444
0.48634765625,-0.35905429264302946
0.4863671875,-0.2531999890879682
0.48638671875,-0.30907251308958955
0.48640625,-0.3740973248685806
0.48642578125,-0.07845800061271245
0.4864453125,0.03192815490678136
0.48646484375,-0.16109373682960315
0.486484375,0.06884437962130688
0.48650390625,0.4071105219216905
0.4865234375,0.4774074338552631
0.48654296875,0.4879945726393758
0.4865625,0.5615697441850821
0.48658203125,0.7448382761112565
0.4866015625,0.7228254777801351
0.48662109375,0.6848587963144934
0.486640625,0.7692460793286621
0.48666015625,0.6305748113591406
0.4866796875,0.5412473077137627
0.48669921875,0.47931221089443143
0.48671875,0.3850217364081723
0.48673828125,0.3173487534433186
0.4867578125,0.07070903640325459
0.48677734375,0.12570845199739644
0.486796875,0.42910991631934475
0.48681640625,0.5114652896001983
0.4868359375,0.45688969330924384
0.48685546875,0.2551394425911241
0.486875,0.14515367320670955
0.48689453125,0.04390742842319051
0.4869140625,-0.2564501631096916
0.48693359375,-0.538950677873052
0.486953125,-0.7623443026181445
0.48697265625,-0.6477549899878091
0.4869921875,-0.38007661043976776
0.48701171875,-0.506428069305839
0.48703125,-0.5547788400942637
0.48705078125,-0.16305303613064998
0.4870703125,0.23362284621355506
0.48708984375,0.38545704752349363
0.487109375,0.2576553898068004
0.48712890625,0.03906318210494632
0.4871484375,-0.01725116557403486
0.48716796875,-0.07881439407848928
0.4871875,-0.2019004196285183
0.48720703125,-0.39626277656118003
0.4872265625,-0.5067716150618679
0.48724609375,-0.2769100460826009
0.487265625,-0.11971674314420172
0.48728515625,-0.008965947511586574
0.4873046875,0.07554616413922399
0.48732421875,-0.16012591921374342
0.48734375,-0.19449119007044505
0.48736328125,-0.14836452437439984
0.4873828125,-0.2786862628571332
0.48740234375,-0.2625545286462863
0.487421875,-0.29125647165749247
0.48744140625,-0.34461454503991906
0.4874609375,-0.2812390413058116
0.48748046875,-0.11323299506447916
0.4875,0.01838181233932574
0.48751953125,-0.18278714305795102
0.4875390625,-0.4388248737484137
0.48755859375,-0.3837445837065211
0.487578125,-0.20666156422670398
0.48759765625,-0.36703439458027753
0.4876171875,-0.7217269812546737
0.48763671875,-0.7138312887677127
0.48765625,-0.6009460596004728
0.48767578125,-0.6962370755987897
0.4876953125,-0.8809462397863881
0.48771484375,-1.1230353876459185
0.487734375,-1.111561966863052
0.48775390625,-0.7618626078936257
0.4877734375,-0.5335026678445945
0.48779296875,-0.6646890975370502
0.4878125,-0.7682283846599818
0.48783203125,-0.3817192630734801
0.4878515625,-0.1500327191841711
0.48787109375,-0.5445384546096768
0.487890625,-0.6953242709603372
0.48791015625,-0.4310288727388063
0.4879296875,-0.36981486000618213
0.48794921875,-0.476434038046081
0.48796875,-0.3266944421212802
0.48798828125,-0.09162639049368153
0.4880078125,-0.3378124194885471
0.48802734375,-0.5983941807397678
0.488046875,-0.3049430952892544
0.48806640625,-0.04130808695584891
0.4880859375,-0.20796912556435376
0.48810546875,-0.41898701146669015
0.488125,-0.4089531726775109
0.48814453125,-0.33799779945192715
0.4881640625,-0.24373105022441766
0.48818359375,-0.07701878818999414
0.488203125,-0.17905090429836606
0.48822265625,-0.6964444269391961
0.4882421875,-0.9948049387630744
0.48826171875,-0.7746110832411762
0.48828125,-0.5340913807473749
0.48830078125,-0.5611941504816327
0.4883203125,-0.6994275845843935
0.48833984375,-0.6895958679370416
0.488359375,-0.4991708485927254
0.48837890625,-0.1906324718631485
0.4883984375,-0.013924461891470126
0.48841796875,-0.2548574643608681
0.4884375,-0.4769715075731754
0.48845703125,-0.46361386638297486
0.4884765625,-0.37345909078976997
0.48849609375,-0.113843709167649
0.488515625,0.012160524281333239
0.48853515625,0.011509922347758994
0.4885546875,0.01294731939310087
0.48857421875,-0.24213027706166715
0.48859375,-0.29543484849266677
0.48861328125,-0.1068759398519193
0.4886328125,-0.05335440964799486
0.48865234375,0.08920605653783448
0.488671875,0.031027108393663735
0.48869140625,-0.16044106405902417
0.4887109375,-0.09918491812852726
0.48873046875,-0.038779232280489045
0.48875,0.1255639787160464
0.48876953125,0.32932425440343915
0.4887890625,0.38201581656058436
0.48880859375,0.34114233629317514
0.488828125,0.05432349439266336
0.48884765625,-0.23279215102587297
0.4888671875,-0.3448695221056519
0.48888671875,-0.30681634702362
0.48890625,-0.2130139396182377
0.48892578125,-0.5036439836051292
0.4889453125,-0.8344443618981532
0.48896484375,-0.8283068871335204
0.488984375,-0.9069875705770654
0.48900390625,-1.1340654690856218
0.4890234375,-1.1689560141715845
0.48904296875,-0.8687065039335186
0.4890625,-0.7561596551023357
0.48908203125,-1.0320510092729194
0.4891015625,-1.148205383743562
0.48912109375,-1.0027905353652766
0.489140625,-0.7174696502111079
0.48916015625,-0.5859497350845562
0.4891796875,-0.6766483400575789
0.48919921875,-0.44443469223389176
0.48921875,-0.13123849140670665
0.48923828125,-0.29228311386861805
0.4892578125,-0.40281076494041956
0.48927734375,-0.14916443265319948
0.489296875,-0.013293236040088873
0.48931640625,-0.0985948320057913
0.4893359375,-0.2993053709531253
0.48935546875,-0.2982333685014804
0.489375,-0.15132047331816603
0.48939453125,-0.45125560516255164
0.4894140625,-0.6207644194275295
0.48943359375,-0.4490438399769124
0.489453125,-0.5399197623570691
0.48947265625,-0.44422975239727336
0.4894921875,-0.1873821317497805
0.48951171875,-0.1351789383355813
0.48953125,-0.15558429666782597
0.48955078125,-0.5475311681493997
0.4895703125,-0.8540604196269979
0.48958984375,-0.5959577336109494
0.489609375,-0.435394045770528
0.48962890625,-0.5225630393420777
0.4896484375,-0.6269428784567588
0.48966796875,-0.5603767740334769
0.4896875,-0.3271331362497362
0.48970703125,-0.2795253307381414
0.4897265625,-0.21047618820283803
0.48974609375,-0.21576608625727917
0.489765625,-0.47337996541471583
0.48978515625,-0.3330669708688952
0.4898046875,0.0881664259430589
0.48982421875,0.21846048666502488
0.48984375,0.29082611501122596
0.48986328125,0.5221611116694588
0.4898828125,0.6122410937755459
0.48990234375,0.4609685569319911
0.489921875,0.48628793415323757
0.48994140625,0.6690028042512343
0.4899609375,0.36789551456294967
0.48998046875,-0.2359782898218017
0.49,-0.253870499597064
0.49001953125,0.18804493580973436
0.4900390625,0.32281602544945615
0.49005859375,-0.0078529910983062
0.490078125,-0.36624479979340124
0.49009765625,-0.3538153180700917
0.4901171875,-0.25988673273493657
0.49013671875,-0.3687001799725152
0.49015625,-0.573064884179846
0.49017578125,-0.710352687477372
0.4901953125,-0.45990948682393806
0.49021484375,0.0066875574123303055
0.490234375,0.37016737894622753
0.49025390625,0.5648067404851331
0.4902734375,0.466675470925083
0.49029296875,0.5119831945584464
0.4903125,0.5991685987510277
0.49033203125,0.2623887495055097
0.4903515625,0.2643644398668476
0.49037109375,0.5301846870382952
0.490390625,0.2683348385555346
0.49041015625,-0.03771721773149922
0.4904296875,-0.05142902004635009
0.49044921875,0.148340049113461
0.49046875,0.3518694149965277
0.49048828125,0.22051681047534855
0.4905078125,0.20412540392046352
0.49052734375,0.4194998347057345
0.490546875,0.5289376387315556
0.49056640625,0.5417642850091076
0.4905859375,0.4155846831391331
0.49060546875,0.26793824597716454
0.490625,0.01851425354160703
0.49064453125,-0.13661188609886363
0.4906640625,0.11848521581342059
0.49068359375,0.18764603197742513
0.490703125,0.15104491343340418
0.49072265625,0.31715543450263506
0.4907421875,0.14322156020237548
0.49076171875,-0.05113771630691047
0.49078125,0.08246741490279333
0.49080078125,0.08887078374815262
0.4908203125,0.04527172193997639
0.49083984375,0.011851070298302825
0.490859375,-0.10012968123695973
0.49087890625,-0.20446139979214525
0.4908984375,-0.2818825967340255
0.49091796875,-0.09591223018953013
0.4909375,0.01107739622134589
0.49095703125,-0.2640214003721688
0.4909765625,-0.3215177067620089
0.49099609375,-0.24607067625135065
0.491015625,-0.4301604179638613
0.49103515625,-0.5104776726932683
0.4910546875,-0.28678171364883853
0.49107421875,-0.003575147703146606
0.49109375,0.054054766336488855
0.49111328125,-0.04998635742314783
0.4911328125,-0.03351974567340136
0.49115234375,-0.019181600364932383
0.491171875,-0.1487057320254681
0.49119140625,-0.26193954512714673
0.4912109375,-0.2207847953106477
0.49123046875,-0.09351571004449122
0.49125,-0.0958579489140226
0.49126953125,-0.11443442185290156
0.4912890625,0.012448573927440577
0.49130859375,0.04800282665457247
0.491328125,-0.026751708711330365
0.49134765625,0.13334607423971173
0.4913671875,0.4905475539681937
0.49138671875,0.4327610390752981
0.49140625,0.07348507248866608
0.49142578125,0.21543601081560212
0.4914453125,0.45785302470121175
0.49146484375,0.31893239317443217
0.491484375,0.27208889610697673
0.49150390625,0.1852350408568459
0.4915234375,-0.013605795234979233
0.49154296875,-0.03861947388696432
0.4915625,-0.08370328589331062
0.49158203125,-0.08000357047047564
0.4916015625,-0.012913670470610147
0.49162109375,-0.09951859925770057
0.491640625,-0.2125570060544858
0.49166015625,-0.17768258538236378
0.4916796875,0.004487754300716042
0.49169921875,0.08038092272795226
0.49171875,0.18030931851179288
0.49173828125,0.5454306194889669
0.4917578125,0.5520440474484143
0.49177734375,0.03128035331536158
0.491796875,-0.3293197583623322
0.49181640625,-0.29527907567368006
0.4918359375,-0.02416725054511364
0.49185546875,0.17189462511537573
0.491875,0.23941335549060053
0.49189453125,0.4439090938839414
0.4919140625,0.5321369036038186
0.49193359375,0.4121805523664597
0.491953125,0.3636050520730152
0.49197265625,0.3408518565878911
0.4919921875,0.2685281633949857
0.49201171875,0.033885343336400704
0.49203125,-0.20591600184257092
0.49205078125,-0.09393617972830287
0.4920703125,0.18380963920598226
0.49208984375,0.28181882931926916
0.492109375,0.26941471814511864
0.49212890625,0.44261403045646625
0.4921484375,0.5018861200917157
0.49216796875,0.23366145269171745
0.4921875,0.29746315253322375
0.49220703125,0.4574491068960126
0.4922265625,0.16866169373973322
0.49224609375,0.06762853491250775
0.492265625,0.14203856602882645
0.49228515625,-0.05727977219176934
0.4923046875,-0.1232454373753854
0.49232421875,0.05729805618454478
0.49234375,0.2945347397680665
0.49236328125,0.40122538018205645
0.4923828125,0.33813941285412774
0.49240234375,0.6212792391027078
0.492421875,0.7815584604012614
0.49244140625,0.37856099331426263
0.4924609375,0.3165813157931584
0.49248046875,0.4157857318196432
0.4925,0.3364071066096396
0.49251953125,0.41574968511832355
0.4925390625,0.30057215109749424
0.49255859375,0.2228525550293651
0.492578125,0.5136075594475052
0.49259765625,0.7639794232158679
0.4926171875,0.8707419899107633
0.49263671875,0.9652680223847221
0.49265625,1.1536791435212204
0.49267578125,1.2334778125673964
0.4926953125,1.0144150118139599
0.49271484375,0.9057197613458896
0.492734375,0.9816734707218727
0.49275390625,0.8257001641846476
0.4927734375,0.4708164441707754
0.49279296875,0.3040823113888038
0.4928125,0.46311816545985074
0.49283203125,0.4795960104176621
0.4928515625,0.3003647463990223
0.49287109375,0.48938202224615357
0.492890625,0.5177980601358032
0.49291015625,0.05145864772548549
0.4929296875,0.06713611442636774
0.49294921875,0.3793136030958134
0.49296875,0.21502440393993133
0.49298828125,0.15242244410453365
0.4930078125,0.34351334943912626
0.49302734375,0.17421346194137946
0.493046875,-0.14077155459966748
0.49306640625,-0.121414452111044
0.4930859375,0.012296035401593512
0.49310546875,-0.030597476086225962
0.493125,0.11384594959520364
0.49314453125,0.35443067413202345
0.4931640625,0.11123266383208519
0.49318359375,-0.24292378392097574
0.493203125,-0.2453335095399911
0.49322265625,-0.09705398700465936
0.4932421875,-0.05867584558012688
0.49326171875,-0.05602222681246604
0.49328125,0.33157281523155946
0.49330078125,0.845674831742526
0.4933203125,0.9525285399033353
0.49333984375,0.8068181757017528
0.493359375,0.5301262106881501
0.49337890625,0.36507039812343933
0.4933984375,0.44749682627165566
0.49341796875,0.3738144423669058
0.4934375,0.1861455980454157
0.49345703125,0.1429160706910666
0.4934765625,0.24378221161390906
0.49349609375,0.38052038301275387
0.493515625,0.4742510777658602
0.49353515625,0.6918937882681477
0.4935546875,0.7631411041075195
0.49357421875,0.5552644847908874
0.49359375,0.5913512870938964
0.49361328125,0.6895029501066008
0.4936328125,0.5965637689770398
0.49365234375,0.49470008294215423
0.493671875,0.17160604769385382
0.49369140625,-0.16728897972067186
0.4937109375,-0.09328785041963715
0.49373046875,-0.022176233772782092
0.49375,-0.3357187052562315
0.49376953125,-0.5092326322645709
0.4937890625,-0.17416612928509773
0.49380859375,0.07451751783424194
0.493828125,-0.009556013000211739
0.49384765625,0.03598282014629807
0.4938671875,0.22831574888841083
0.49388671875,0.2678288326674215
0.49390625,-0.03732212625494241
0.49392578125,-0.4191459075349691
0.4939453125,-0.19928437154989168
0.49396484375,0.27659476214339385
0.493984375,0.2643033367574724
0.49400390625,-0.006678524222348797
0.4940234375,-0.28007862538266026
0.49404296875,-0.25026074955730476
0.4940625,0.20046399226572098
0.49408203125,0.4850974105509964
0.4941015625,0.40357793810105325
0.49412109375,0.21393323132602277
0.494140625,0.32724131094285547
0.49416015625,0.43252205599797683
0.4941796875,-0.06338721354522342
0.49419921875,-0.3707508059274467
0.49421875,-0.2253030910447139
0.49423828125,-0.2380549419886921
0.4942578125,-0.2155452609860091
0.49427734375,-0.050449323597351804
0.494296875,0.1836830384165296
0.49431640625,0.2982730429850642
0.4943359375,0.0719167497899191
0.49435546875,0.015893791020429572
0.494375,0.009901859961968532
0.49439453125,-0.19532519364019857
0.4944140625,0.020544508022296626
0.49443359375,0.19577293700713033
0.494453125,0.04223418949824853
0.49447265625,0.17262099420602003
0.4944921875,0.23105705681931754
0.49451171875,0.16517608805619122
0.49453125,0.26824265278969667
0.49455078125,0.2375846297883936
0.4945703125,0.11532833595157924
0.49458984375,0.2421383148967943
0.494609375,0.6452750958760074
0.49462890625,0.7970208208830905
0.4946484375,0.6380670720947644
0.49466796875,0.7290568102117809
0.4946875,0.7986303572185474
0.49470703125,0.6141342210694223
0.4947265625,0.5375312711777684
0.49474609375,0.5037233100519964
0.494765625,0.5231807097453406
0.49478515625,0.7302658019604217
0.4948046875,0.7414147348953587
0.49482421875,0.4105238385988795
0.49484375,0.2312279380898889
0.49486328125,0.37501254432533104
0.4948828125,0.3188238359188526
0.49490234375,-0.1051353306590114
0.494921875,-0.23345401652463313
0.49494140625,-0.02567722153521014
0.4949609375,-0.17564540445547297
0.49498046875,-0.41121635644928267
0.495,-0.28754486192026063
0.49501953125,-0.09247684243714313
0.4950390625,-0.046251518663178226
0.49505859375,-0.3402303012223954
0.495078125,-0.604626928087206
0.49509765625,-0.45153413887907645
0.4951171875,-0.32656847764616925
0.49513671875,-0.22148030491395376
0.49515625,-0.2657848369349951
0.49517578125,-0.5018606240242243
0.4951953125,-0.207528698646913
0.49521484375,0.09072673506994851
0.495234375,-0.1496389374059692
0.49525390625,-0.13720068392192603
0.4952734375,0.3335061083531664
0.49529296875,0.618848899420209
0.4953125,0.40346135907971553
0.49533203125,0.1847478921538122
0.4953515625,0.3589032541845616
0.49537109375,0.480182036531257
0.495390625,0.21449948340551395
0.49541015625,-0.04632299384831175
0.4954296875,-0.08200305452483012
0.49544921875,0.02509500514142958
0.49546875,0.23953660272040006
0.49548828125,0.24220756047862374
0.4955078125,0.16954734503541835
0.49552734375,0.27642437135905396
0.495546875,0.1738422590792959
0.49556640625,-0.1700063583609233
0.4955859375,-0.43435626400339333
0.49560546875,-0.3262903173395507
0.495625,-0.09662237930957089
0.49564453125,-0.32964157107242553
0.4956640625,-0.5814480044716726
0.49568359375,-0.6161817171055481
0.495703125,-0.7493961910927893
0.49572265625,-0.5916736020197437
0.4957421875,-0.42388091531509553
0.49576171875,-0.7424330122976752
0.49578125,-0.9009774094538083
0.49580078125,-0.6271756865604579
0.4958203125,-0.2108821602525887
0.49583984375,-0.004355166130895392
0.495859375,-0.26683097107787196
0.49587890625,-0.47859256953694523
0.4958984375,-0.3920164980972435
0.49591796875,-0.4196304188103288
0.4959375,-0.6732874308165355
0.49595703125,-0.8588042029893157
0.4959765625,-0.5617056806255305
0.49599609375,-0.14361959858172668
0.496015625,-0.1838095240618972
0.49603515625,-0.2982872053057433
0.4960546875,-0.12832371722528643
0.49607421875,0.12470183855445581
0.49609375,0.15530995234575634
0.49611328125,0.018221590150324908
0.4961328125,0.05932779981236021
0.49615234375,0.1536076080511551
0.496171875,0.13454256524278088
0.49619140625,0.0038698122506514027
0.4962109375,-0.2483346977822266
0.49623046875,-0.3781685499470224
0.49625,-0.5131710837889598
0.49626953125,-0.8521987573552485
0.4962890625,-1.0620462455136666
0.49630859375,-0.9279312464144327
0.496328125,-0.5587150312991764
0.49634765625,-0.27164355067928175
0.4963671875,-0.1990003033896678
0.49638671875,-0.1880862617676107
0.49640625,-0.28811137630008893
0.49642578125,-0.263271795831294
0.4964453125,-0.057756395000672166
0.49646484375,-0.2699114541241197
0.496484375,-0.6508473266544048
0.49650390625,-0.5645164097519852
0.4965234375,-0.15026705067435508
0.49654296875,0.06061826670171617
0.4965625,-0.16084988193690408
0.49658203125,-0.21732715172162229
0.4966015625,0.034389521881044445
0.49662109375,0.19871856739310662
0.496640625,0.2742326673923514
0.49666015625,0.10079543941606736
0.4966796875,0.05472308612645391
0.49669921875,0.36812153881662035
0.49671875,0.4645746875027071
0.49673828125,0.5039419514624439
0.4967578125,0.45389043137789586
0.49677734375,0.11096731008145429
0.496796875,-0.013965820748198424
0.49681640625,-0.06740691741431687
0.4968359375,-0.21081183723230373
0.49685546875,-0.14754328053994437
0.496875,-0.15146454712908877
0.49689453125,-0.3940625320963924
0.4969140625,-0.590214000221422
0.49693359375,-0.5438876231548865
0.496953125,-0.4823769933932052
0.49697265625,-0.6518081567150125
0.4969921875,-0.7045122131066257
0.49701171875,-0.5747277478006616
0.49703125,-0.6137113788092026
0.49705078125,-0.7450752439682062
0.4970703125,-0.7377434522107058
0.49708984375,-0.6753763423248313
0.497109375,-0.7726511631496262
0.49712890625,-0.7853896649379003
0.4971484375,-0.6059834464210905
0.49716796875,-0.6495775173292149
0.4971875,-0.7014028014632746
0.49720703125,-0.3727587687138017
0.4972265625,0.0956154928366769
0.49724609375,0.2633742460492307
0.497265625,-0.035959228918781526
0.49728515625,-0.12338054848234649
0.4973046875,0.18181959755447089
0.49732421875,0.23079153543441838
0.49734375,0.18573169972720183
0.49736328125,-0.02503694269517308
0.4973828125,-0.39400609371864237
0.49740234375,-0.30223630241278243
0.497421875,-0.2397066729015666
0.49744140625,-0.36206956729754763
0.4974609375,-0.34335148509786084
0.49748046875,-0.49327549766731116
0.4975,-0.4585579875592919
0.49751953125,-0.31388225043642226
0.4975390625,-0.4657273101190726
0.49755859375,-0.42058658051298914
0.497578125,-0.315341435973739
0.49759765625,-0.3809550107428281
0.4976171875,-0.24660029573540584
0.49763671875,0.009226171384009878
0.49765625,0.18408946594508546
0.49767578125,0.07316989890473329
0.4976953125,-0.339111632222913
0.49771484375,-0.3808756641404162
0.497734375,-0.06430543192176155
0.49775390625,-0.06824294972417079
0.4977734375,-0.12746176748347882
0.49779296875,-0.05891356347452428
0.4978125,-0.06344289780841028
0.49783203125,0.047570904477647495
0.4978515625,0.05529208288772256
0.49787109375,-0.007756405020701199
0.497890625,0.0524103456296985
0.49791015625,-0.20144393511625702
0.4979296875,-0.43091567404727
0.49794921875,-0.16798464062916355
0.49796875,0.07780936877312702
0.49798828125,0.06170779560586258
0.4980078125,0.005228189203723156
0.49802734375,0.12397034865046451
0.498046875,0.36918608579157214
0.49806640625,0.4431518241779342
0.4980859375,0.5058250480253506
0.49810546875,0.616461312215554
0.498125,0.5548624477414033
0.49814453125,0.6329152008998895
0.4981640625,0.6319658034107845
0.49818359375,0.25298109195050644
0.498203125,0.11662708623239576
0.49822265625,0.2229336932388129
0.4982421875,0.17115592742217273
0.49826171875,-0.12453963044096164
0.49828125,-0.3404771670047116
0.49830078125,-0.11986098677774723
0.4983203125,-0.03602072504671829
0.49833984375,-0.11644211350003526
0.498359375,0.0368836024907903
0.49837890625,0.1434827374145276
0.4983984375,0.10392949426003728
0.49841796875,0.05342523986651749
0.4984375,0.19571935571708504
0.49845703125,0.3674766304287348
0.4984765625,0.4366998006700724
0.49849609375,0.4578855196600615
0.498515625,0.19246389210165035
0.49853515625,0.14641094645814404
0.4985546875,0.540273133539791
0.49857421875,0.6289714745081078
0.49859375,0.6368968883794233
0.49861328125,0.7525233395095844
0.4986328125,0.44936777425982183
0.49865234375,0.21667230827717615
0.498671875,0.38826062599599465
0.49869140625,0.6103812263649031
0.4987109375,0.5732239676739297
0.49873046875,0.10338843115613103
0.49875,0.0816204355644274
0.49876953125,0.3967968980070442
0.4987890625,0.16364675802022077
0.49880859375,0.07381810295009811
0.498828125,0.17394935042718976
0.49884765625,0.0675664033810384
0.4988671875,-0.038353254424741384
0.49888671875,-0.23202876043999168
0.49890625,-0.22633587211885944
0.49892578125,-0.07332928461265113
0.4989453125,-0.13786020427078458
0.49896484375,-0.13560591790103754
0.498984375,-0.15231647284670558
0.49900390625,-0.3750423019884699
0.4990234375,-0.49025599405340614
0.49904296875,-0.4691751484973984
0.4990625,-0.332155468209061
0.49908203125,-0.13668444640124638
0.4991015625,-0.1776469225892337
0.49912109375,-0.2456350934478367
0.499140625,-0.0568676107291072
0.49916015625,0.2908791588387801
0.4991796875,0.5353235058898993
0.49919921875,0.3519362953792807
0.49921875,0.11557057296499938
0.49923828125,0.320596927999944
0.4992578125,0.44586017354023
0.49927734375,0.06268598248875112
0.499296875,-0.2280476510258784
0.49931640625,0.05694673713683719
0.4993359375,0.37463665303107424
0.49935546875,0.2567827252349131
0.499375,0.03397751343367715
0.49939453125,0.09842986603386443
0.4994140625,0.4433700342866428
0.49943359375,0.5018051516488294
0.499453125,0.08107303895371538
0.49947265625,-0.08192342221506337
0.4994921875,0.1463561820036367
0.49951171875,0.2250988837031017
0.49953125,0.15269149429068804
0.49955078125,0.22352653652071694
0.4995703125,0.45118169017390597
0.49958984375,0.5663120678177372
0.499609375,0.46857601149299216
0.49962890625,0.3598614683879453
0.4996484375,0.18468052373489421
0.49966796875,-0.10774693253934259
0.4996875,-0.19908414202205965
0.49970703125,-0.19982667073982605
0.4997265625,-0.35655264337074527
0.49974609375,-0.3093950812038078
0.499765625,-0.13636705255502424
0.49978515625,-0.3446684778248236
0.4998046875,-0.5385812243670736
0.49982421875,-0.1777835440070006
0.49984375,0.13637058098009014
0.49986328125,-0.07659435003283072
0.4998828125,-0.11924833300990292
0.49990234375,0.15429364951318272
0.499921875,0.1491772926299777
0.49994140625,0.07360730453319933
0.4999609375,0.14872731931533711
0.49998046875,0.22818655997686224
0.5,0.2571675120220438
0.50001953125,0.09973877747355958
0.5000390625,0.08253803103409361
0.50005859375,0.1438555697521739
0.500078125,-0.09678074249113648
0.50009765625,0.003709310682065717
0.5001171875,0.33502509234853617
0.50013671875,0.24588899259463032
0.50015625,0.21209549706718725
0.50017578125,0.2719563556026672
0.5001953125,0.25116078339125536
0.50021484375,0.46472877209461916
0.500234375,0.7978016061052907
0.50025390625,0.9208604039806972
0.5002734375,0.4775828835820458
0.50029296875,0.06344846423614961
0.5003125,0.39711339695519166
0.50033203125,0.6830796096251341
0.5003515625,0.6891021171615516
0.50037109375,0.6500877540848199
0.500390625,0.39630985661548107
0.50041015625,0.3729716443955817
0.5004296875,0.5217607457669515
0.50044921875,0.37267865529132516
0.50046875,0.1527604500175895
0.50048828125,0.05890632437037592
0.5005078125,0.06832301651238612
0.50052734375,0.17864288227725234
0.500546875,0.1996767196365337
0.50056640625,0.16071646958053382
0.5005859375,0.3883614269148048
0.50060546875,0.8183287528209785
0.500625,1.0870256763089263
0.50064453125,1.0542541833749572
0.5006640625,0.9133660781226252
0.50068359375,0.8940989672161055
0.500703125,0.8766193826531556
0.50072265625,0.6811521008194222
0.5007421875,0.6503813817610904
0.50076171875,0.7646887662477568
0.50078125,0.5417848856296767
0.50080078125,0.5807781600276818
0.5008203125,0.9803713586470664
0.50083984375,0.7148682994181417
0.500859375,0.20246159323206522
0.50087890625,0.14359086275729857
0.5008984375,0.021993577947206085
0.50091796875,-0.26557188827555406
0.5009375,-0.40887239510241696
0.50095703125,-0.410729411701806
0.5009765625,-0.3591610493674208
0.50099609375,-0.4771369929588596
0.501015625,-0.49782707061138876
0.50103515625,-0.22656203179503062
0.5010546875,-0.1503682260555655
0.50107421875,-0.04709913094245779
0.50109375,0.15392564866287817
0.50111328125,0.18100253921938553
0.5011328125,0.3408897590279878
0.50115234375,0.3968086234224111
0.501171875,0.31825880123020217
0.50119140625,0.28130013240294244
0.5012109375,0.13215300100054234
0.50123046875,0.13805942717659933
0.50125,0.04670487056683243
0.50126953125,-0.18800147107621312
0.5012890625,-0.05141221866428995
0.50130859375,0.24690397175733184
0.501328125,0.4126320779387323
0.50134765625,0.3525403165021427
0.5013671875,0.3296758343768972
0.50138671875,0.4514821253878797
0.50140625,0.28837668109447034
0.50142578125,0.19392179773042567
0.5014453125,0.33751038748613466
0.50146484375,0.25222537863417543
0.501484375,0.14408711599650872
0.50150390625,0.1645142732574967
0.5015234375,0.17961931487630675
0.50154296875,0.18393497273392656
0.5015625,0.16419045203849178
0.50158203125,0.2790756329267413
0.5016015625,0.46849599497576666
0.50162109375,0.6307262430426863
0.501640625,0.93655669491964
0.50166015625,1.0069605970819822
0.5016796875,0.5747131723403031
0.50169921875,0.22502553729208297
0.50171875,0.0989557130736146
0.50173828125,-0.008851364143775988
0.5017578125,-0.09394841185460992
0.50177734375,-0.2897735706821343
0.501796875,-0.31073721506302904
0.50181640625,-0.05273704920602854
0.5018359375,-0.059678621664203096
0.50185546875,-0.18740994262148924
0.501875,-0.08366906204953253
0.50189453125,-0.12169002349145842
0.5019140625,-0.30565879291255366
0.50193359375,-0.2679010142922324
0.501953125,-0.20599145821867282
0.50197265625,-0.33487474409245577
0.5019921875,-0.3651937870921107
0.50201171875,-0.2436031257909057
0.50203125,-0.3392111236785832
0.50205078125,-0.3367853924778205
0.5020703125,0.019067374447654793
0.50208984375,0.20421920133351773
0.502109375,0.2822691276455942
0.50212890625,0.3334989512886968
0.5021484375,0.24065663135935303
0.50216796875,0.27084334548969086
0.5021875,0.38466465410743744
0.50220703125,0.46410517231516113
0.5022265625,0.2696213031041953
0.50224609375,-0.24388610294500837
0.502265625,-0.49318885038074306
0.50228515625,-0.25595052692638626
0.5023046875,-0.05999931872560134
0.50232421875,-0.3305445949341185
0.50234375,-0.4830151348275005
0.50236328125,-0.15190398308108655
0.5023828125,0.01128673507417893
0.50240234375,-0.11132087153118508
0.502421875,-0.09142830934902137
0.50244140625,0.17662242522695004
0.5024609375,0.37920489833200366
0.50248046875,0.22433435762182774
0.5025,0.1464632374602483
0.50251953125,0.38747756699983915
0.5025390625,0.46553823890577173
0.50255859375,0.3062340411473493
0.502578125,0.19124491644654984
0.50259765625,0.2788542484168448
0.5026171875,0.4399577704645765
0.50263671875,0.2578712645325453
0.50265625,0.028319129551777893
0.50267578125,0.19042163974474557
0.5026953125,0.31084929665931477
0.50271484375,0.31891454133120567
0.502734375,0.39338548941453666
0.50275390625,0.3241800669229953
0.5027734375,0.3828849226057295
0.50279296875,0.6172592805541002
0.5028125,0.5351166937878217
0.50283203125,0.24883900296230366
0.5028515625,0.04057291356611617
0.50287109375,-0.11130926901688523
0.502890625,-0.2597178673216683
0.50291015625,-0.4489200704182459
0.5029296875,-0.5883659556933901
0.50294921875,-0.6881023912576616
0.50296875,-0.7981033687787891
0.50298828125,-0.6652909971906602
0.5030078125,-0.2508801197138543
0.50302734375,0.01803346979285735
0.503046875,-0.04148502561011802
0.50306640625,-0.11877151191678703
0.5030859375,0.015227486309029023
0.50310546875,0.029291953487874223
0.503125,-0.28221146839752353
0.50314453125,-0.4220835163514175
0.5031640625,-0.393991806119001
0.50318359375,-0.49469105856436857
0.503203125,-0.3893724922278824
0.50322265625,-0.22090788128683372
0.5032421875,-0.12612783926804283
0.50326171875,0.17625443223075707
0.50328125,0.29088754415136947
0.50330078125,0.2428077067251097
0.5033203125,0.3848691841252471
0.50333984375,0.3584643553318912
0.503359375,0.2081429437047885
0.50337890625,0.050034479089472755
0.5033984375,-0.11119708943475103
0.50341796875,-0.0675471796997805
0.5034375,-0.22711003290336906
0.50345703125,-0.2677487802191195
0.5034765625,0.15531965420688754
0.50349609375,0.10418910218074601
0.503515625,-0.14657168239296486
0.50353515625,-0.08789307932997442
0.5035546875,-0.2425396934470644
0.50357421875,-0.38828102940737735
0.50359375,-0.33978267024857856
0.50361328125,-0.3463084510972887
0.5036328125,-0.32333375680579274
0.50365234375,-0.33624957965793706
0.503671875,-0.46399527954439623
0.50369140625,-0.6704305649632265
0.5037109375,-0.9187643019724083
0.50373046875,-0.7207279052197317
0.50375,-0.2596311112606361
0.50376953125,-0.2880059621193233
0.5037890625,-0.20726195537969716
0.50380859375,0.12488434902836312
0.503828125,-0.04526456108234921
0.50384765625,-0.2377975961056975
0.5038671875,-0.21815280558562045
0.50388671875,-0.4798809327111644
0.50390625,-0.8542084988632614
0.50392578125,-0.8916618382651353
0.5039453125,-0.5867105093656361
0.50396484375,-0.4707821158156383
0.503984375,-0.44739914507116546
0.50400390625,-0.0848603781367739
0.5040234375,0.01720433995386611
0.50404296875,-0.30469045876414613
0.5040625,-0.5035297664401288
0.50408203125,-0.44112098143027517
0.5041015625,-0.13416426461518488
0.50412109375,-0.026560024590953524
0.504140625,-0.1700992962863827
0.50416015625,-0.15413803193952103
0.5041796875,-0.23508765591385802
0.50419921875,-0.3640970731158089
0.50421875,-0.37216266857490177
0.50423828125,-0.45327302805954106
0.5042578125,-0.48315438615357026
0.50427734375,-0.49113057089848333
0.504296875,-0.5890594818482917
0.50431640625,-0.6731375202353171
0.5043359375,-0.6850631317590627
0.50435546875,-0.6632624765135632
0.504375,-0.6304132836501963
0.50439453125,-0.40181420094539605
0.5044140625,-0.19952942643127303
0.50443359375,-0.34903774961587586
0.504453125,-0.5578991820144752
0.50447265625,-0.626174506011234
0.5044921875,-0.4612970545616204
0.50451171875,-0.19788926900536968
0.50453125,-0.06375116746665763
0.50455078125,0.18861136932416372
0.5045703125,0.32149244969464924
0.50458984375,0.06937125955890873
0.504609375,-0.0465005160462116
0.50462890625,0.08528825944960312
0.5046484375,0.1731111099238315
0.50466796875,0.25424824442255944
0.5046875,0.3485977695810307
0.50470703125,0.4574831634700639
0.5047265625,0.5446457184062645
0.50474609375,0.3097538687585286
0.504765625,-0.03358163054750907
0.50478515625,-0.013384158090052826
0.5048046875,-0.004916713865348643
0.50482421875,-0.26351280624625784
0.50484375,-0.44394980545327245
0.50486328125,-0.45640161941757446
0.5048828125,-0.4293861614054947
0.50490234375,-0.5976054959128105
0.504921875,-0.861608599628036
0.50494140625,-0.9115708508890548
0.5049609375,-0.9266391554078683
0.50498046875,-1.0279261201940855
0.505,-1.0575636052628639
0.50501953125,-0.9329370730499329
0.5050390625,-0.8340236351193626
0.50505859375,-0.7680378843875694
0.505078125,-0.5076198879521614
0.50509765625,-0.47832964286430435
0.5051171875,-0.817051305986012
0.50513671875,-0.966119580024577
0.50515625,-0.8103602765359248
0.50517578125,-0.43645581913698506
0.5051953125,-0.13362227282236788
0.50521484375,-0.16999405493573835
0.505234375,-0.213875526849845
0.50525390625,-0.13282279961682125
0.5052734375,-0.07841600301525949
0.50529296875,-0.033899552645620126
0.5053125,-0.10703894428115535
0.50533203125,-0.2980168063022034
0.5053515625,-0.23689324623769228
0.50537109375,0.0064894184143383556
0.505390625,-0.12086369885433337
0.50541015625,-0.33799017263821657
0.5054296875,-0.28440690807783736
0.50544921875,-0.3190265882941613
0.50546875,-0.3224148646981579
0.50548828125,-0.35821134874654614
0.5055078125,-0.6427880515051286
0.50552734375,-0.7170021262125837
0.505546875,-0.7100292190217496
0.50556640625,-0.8388564358261357
0.5055859375,-0.6522659857117823
0.50560546875,-0.24751520308801475
0.505625,-0.10534213460283363
0.50564453125,-0.14815545028975666
0.5056640625,-0.07394642305617995
0.50568359375,-0.0691098960468777
0.505703125,-0.2819274859727769
0.50572265625,-0.2644899536007378
0.5057421875,0.044185151711882795
0.50576171875,0.20277225286793957
0.50578125,0.09980150174291356
0.50580078125,-0.07585085018426518
0.5058203125,-0.10521549072942396
0.50583984375,-0.06856819495240775
0.505859375,-0.08907730316910886
0.50587890625,-0.045515515715612236
0.5058984375,0.06822821879328025
0.50591796875,0.19718689549120727
0.5059375,0.2683334473369473
0.50595703125,0.24422853574551553
0.5059765625,0.19497473120176945
0.50599609375,0.10047221712733977
0.506015625,-0.022608939682891606
0.50603515625,-0.0932566964633175
0.5060546875,-0.12227239008325133
0.50607421875,-0.05220097759195859
0.50609375,0.12342571205758884
0.50611328125,0.12943648347706316
0.5061328125,-0.050484733043827085
0.50615234375,-0.07441688929719506
0.506171875,0.03624973186580356
0.50619140625,0.12984189340801258
0.5062109375,0.15103561097032814
0.50623046875,-0.1338120563409061
0.50625,-0.41490778597563294
0.50626953125,-0.3921345980865908
0.5062890625,-0.4085738232766768
0.50630859375,-0.29555769773061685
0.506328125,-0.23698668755322747
0.50634765625,-0.5014744484665292
0.5063671875,-0.2425114945673187
0.50638671875,0.37555044099364954
0.50640625,0.5263678807272266
0.50642578125,0.3205927564749098
0.5064453125,0.12590820453784157
0.50646484375,0.1042385050021306
0.506484375,-0.1705643738824084
0.50650390625,-0.30892907072862485
0.5065234375,0.3528597003811097
0.50654296875,0.6607649760616906
0.5065625,0.3154349123492373
0.50658203125,0.2942662049627244
0.5066015625,0.4390891429136824
0.50662109375,0.48435281935565766
0.506640625,0.5175755168301687
0.50666015625,0.49574471603671105
0.5066796875,0.5399674203716684
0.50669921875,0.6174689525509768
0.50671875,0.69234545430953
0.50673828125,0.7016072505720736
0.5067578125,0.49260585594450235
0.50677734375,0.3683357470751579
0.506796875,0.3846888968444714
0.50681640625,0.22157586951830407
0.5068359375,0.07664434236396943
0.50685546875,0.04574496417403989
0.506875,-0.11931732178746003
0.50689453125,-0.13715690228429178
0.5069140625,0.1642670876238856
0.50693359375,0.18546735101959702
0.506953125,-0.13194044958713028
0.50697265625,-0.27886903696763427
0.5069921875,-0.3612754571525297
0.50701171875,-0.43508892883480665
0.50703125,-0.45976601506096704
0.50705078125,-0.6392049814022438
0.5070703125,-0.5573167222056853
0.50708984375,-0.19962532343037906
0.507109375,-0.23234298976077875
0.50712890625,-0.37966786926040136
0.5071484375,-0.21010880985640548
0.50716796875,0.06941240408341912
0.5071875,0.08842271342632449
0.50720703125,-0.13692473352114315
0.5072265625,0.020311348517159822
0.50724609375,0.2868265884906805
0.507265625,0.11663496665086187
0.50728515625,0.1353333947069744
0.5073046875,0.5402227183285278
0.50732421875,0.7674186294681618
0.50734375,0.6172521983945172
0.50736328125,0.3467457231104183
0.5073828125,0.25224617439313
0.50740234375,0.36024296685664603
0.507421875,0.3784445469331208
0.50744140625,0.12322888078711405
0.5074609375,-0.12684108918974468
0.50748046875,-0.21797458005188663
0.5075,-0.015858470240259243
0.50751953125,0.3784310302019793
0.5075390625,0.3138242691252562
0.50755859375,0.0659042015953469
0.507578125,0.13392364980158272
0.50759765625,0.19240750695404266
0.5076171875,0.4103172398111002
0.50763671875,0.636550166841029
0.50765625,0.18545962005771416
0.50767578125,-0.3704201989973182
0.5076953125,-0.26551596747946266
0.50771484375,0.0869777722634631
0.507734375,-0.03830415510925872
0.50775390625,-0.4732906370656901
0.5077734375,-0.4226191442133882
0.50779296875,-0.16365397069002063
0.5078125,-0.2833403857266318
0.50783203125,-0.43575149780373623
0.5078515625,-0.4035053913107146
0.50787109375,-0.18713649193547552
0.507890625,-0.0675885409712003
0.50791015625,-0.20588987565943223
0.5079296875,-0.09731824870871268
0.50794921875,-0.030811719893511377
0.50796875,-0.23532105367677786
0.50798828125,0.01532470336558267
0.5080078125,0.2916247570002791
0.50802734375,0.11006447544693025
0.508046875,0.1973319996064986
0.50806640625,0.4161044136032266
0.5080859375,0.6427096990083165
0.50810546875,0.9088350827588949
0.508125,0.4573030713871135
0.50814453125,0.0951696149154435
0.5081640625,0.44701155064526
0.50818359375,0.42719845513820826
0.508203125,0.08251571788393303
0.50822265625,-0.13688930321403014
0.5082421875,-0.28015337581782696
0.50826171875,-0.31103996363201747
0.50828125,-0.25636944654822197
0.50830078125,-0.04161201236567412
0.5083203125,0.13799575629516095
0.50833984375,0.20946261151246967
0.508359375,0.3322604449421369
0.50837890625,0.5287704517642122
0.5083984375,0.5207802887858989
0.50841796875,0.14672169501600107
0.5084375,0.07511833970479292
0.50845703125,0.2394015422175326
0.5084765625,0.3122973109152616
0.50849609375,0.5266573462585923
0.508515625,0.44339524435807576
0.50853515625,0.47544473555866884
0.5085546875,0.9973210759765332
0.50857421875,1.2078030451797552
0.50859375,1.2473469003832702
0.50861328125,1.2772912364473328
0.5086328125,1.2945234664257597
0.50865234375,1.3860266655536224
0.508671875,1.0531259525047263
0.50869140625,0.7376821672390007
0.5087109375,0.7776879676655635
0.50873046875,0.6889606741252987
0.50875,0.5456981514303034
0.50876953125,0.4650947930787114
0.5087890625,0.5134123127573855
0.50880859375,0.43403868756686736
0.508828125,0.15618451662543975
0.50884765625,0.3404840235177277
0.5088671875,0.6254265419637091
0.50888671875,0.5079346313859904
0.50890625,0.4897226882574559
0.50892578125,0.5224505371627137
0.5089453125,0.35872573898217186
0.50896484375,0.30433829032635473
0.508984375,0.4033758857257037
0.50900390625,0.3679865764061384
0.5090234375,0.09784798409318049
0.50904296875,-0.1264439280471472
0.5090625,-0.16106648385161942
0.50908203125,-0.31850029604557084
0.5091015625,-0.36612791383589377
0.50912109375,-0.043308987453337944
0.509140625,0.045123839821153915
0.50916015625,-0.11022472194301991
0.5091796875,-0.09602072480735335
0.50919921875,0.026765088484041334
0.50921875,0.08084587215518593
0.50923828125,-0.11451609028778764
0.5092578125,-0.08847024746900627
0.50927734375,0.4262809439367259
0.509296875,0.6103292462721737
0.50931640625,0.3438191532871493
0.5093359375,0.37488762659323643
0.50935546875,0.5855181088434842
0.509375,0.36006014127012387
0.50939453125,0.13519663930796516
0.5094140625,0.5064597449134086
0.50943359375,0.7381220666766108
0.509453125,0.5602747551053576
0.50947265625,0.695550261276068
0.5094921875,0.8878384680244367
0.50951171875,0.7073258130251245
0.50953125,0.42005340287862464
0.50955078125,0.4076074685583318
0.5095703125,0.5791508540526614
0.50958984375,0.2793661194741091
0.509609375,-0.1146775357785086
0.50962890625,0.001990633385931563
0.5096484375,0.1207627375787375
0.50966796875,0.08925860461591568
0.5096875,0.034677581278736616
0.50970703125,-0.042421487879832256
0.5097265625,-0.08165151028003102
0.50974609375,-0.2033316702914542
0.509765625,-0.09279558014882744
0.50978515625,0.21855060328912468
0.5098046875,0.1340275119236025
0.50982421875,-0.12571016627609405
0.50984375,-0.30988284251254816
0.50986328125,-0.4321605052732903
0.5098828125,-0.41050749598144043
0.50990234375,-0.5804178056892251
0.509921875,-0.7028286067377267
0.50994140625,-0.3154500999739015
0.5099609375,-0.019520118820781123
0.50998046875,0.0518019001959291
0.51,0.3510746295074392
0.51001953125,0.5831316916141586
0.5100390625,0.6960130281766033
0.51005859375,0.7322789043159725
0.510078125,0.468559313266212
0.51009765625,0.28371685490156706
0.5101171875,0.1541791578636371
0.51013671875,-0.06319709070311606
0.51015625,0.008510950529441362
0.51017578125,-0.05296753799376805
0.5101953125,-0.2779652212942221
0.51021484375,-0.022528932219751503
0.510234375,0.16152060571465837
0.51025390625,0.02003520359374935
0.5102734375,0.07257142353065604
0.51029296875,0.10645224750079882
0.5103125,-0.0957108672047947
0.51033203125,-0.292501810522817
0.5103515625,-0.19702504392193676
0.51037109375,-0.08276913982362297
0.510390625,-0.2744657285601678
0.51041015625,-0.28357414900726774
0.5104296875,-0.11555784669449339
0.51044921875,-0.015940134134385775
0.51046875,0.15195414782187072
0.51048828125,0.2332732194671535
0.5105078125,0.33279861312741493
0.51052734375,0.32424941098800025
0.510546875,0.13399775367156783
0.51056640625,0.28449481985319514
0.5105859375,0.5620886606609011
0.51060546875,0.5533177765743916
0.510625,0.3616761151536938
0.51064453125,0.3401205490086958
0.5106640625,0.6199879201018856
0.51068359375,0.7382130840149441
0.510703125,0.6861128995414192
0.51072265625,0.7096132806824424
0.5107421875,0.5843212796528185
0.51076171875,0.4050118659042097
0.51078125,0.34096320998521834
0.51080078125,0.29884796257101987
0.5108203125,0.3822679463284163
0.51083984375,0.33115176680534103
0.510859375,-0.035603960331279175
0.51087890625,-0.1904272795118545
0.5108984375,-0.12586962293339038
0.51091796875,-0.25571509985137997
0.5109375,-0.5041515561560073
0.51095703125,-0.5679129016741322
0.5109765625,-0.4018047358304355
0.51099609375,-0.3429467914727683
0.511015625,-0.41919838545166266
0.51103515625,-0.3726357812859471
0.5110546875,-0.3034065391607049
0.51107421875,-0.40413279648682116
0.51109375,-0.6490695915817788
0.51111328125,-0.6990331871473193
0.5111328125,-0.5044688722803332
0.51115234375,-0.4541143623165282
0.511171875,-0.42998742111567684
0.51119140625,-0.3278503132776738
0.5112109375,-0.3867731534270195
0.51123046875,-0.24380986981308256
0.51125,0.20963464412950972
0.51126953125,0.3642964021452535
0.5112890625,0.24571096913235524
0.51130859375,0.18812112965736633
0.511328125,0.23219871159393782
0.51134765625,0.1964713193823391
0.5113671875,0.015483547170143677
0.51138671875,0.10017405644993216
0.51140625,0.13383410319909647
0.51142578125,-0.1214344161373512
0.5114453125,-0.1286156241941355
0.51146484375,-0.02468450509704864
0.511484375,0.059773668713328156
0.51150390625,0.11835704146393794
0.5115234375,-0.024510288713041277
0.51154296875,-0.11884033693124163
0.5115625,-0.061079519643604474
0.51158203125,-0.0648182515764458
0.5116015625,-0.2712866603633744
0.51162109375,-0.5818021133500375
0.511640625,-0.7236715462664488
0.51166015625,-0.7295674169503742
0.5116796875,-0.7316939243223827
0.51169921875,-0.5720137911540605
0.51171875,-0.5183672582187334
0.51173828125,-0.6832021755488088
0.5117578125,-0.5021384560816455
0.51177734375,-0.4147329092315479
0.511796875,-0.8420710064680685
0.51181640625,-0.8878944044459463
0.5118359375,-0.4080992781072261
0.51185546875,-0.18145697638654507
0.511875,-0.38526378563769514
0.51189453125,-0.5127984573720666
0.5119140625,-0.39290912309187254
0.51193359375,-0.42191481697695954
0.511953125,-0.3919658467012801
0.51197265625,-0.18612801871401427
0.5119921875,-0.21025231753911922
0.51201171875,-0.13611126188251865
0.51203125,0.08824182948767248
0.51205078125,0.0769414520308209
0.5120703125,-0.08477617638390765
0.51208984375,-0.34437624768996794
0.512109375,-0.36241424049150206
0.51212890625,-0.1936589804072104
0.5121484375,-0.3063188124734492
0.51216796875,-0.4093030890864542
0.5121875,-0.47883221302426837
0.51220703125,-0.4913235702949578
0.5122265625,-0.2720539664257155
0.51224609375,-0.2166979404542811
0.512265625,-0.3042687177634632
0.51228515625,-0.45626989407974594
0.5123046875,-0.510692880966686
0.51232421875,-0.2859090841005119
0.51234375,-0.37606139614693584
0.51236328125,-0.6621300298356809
0.5123828125,-0.5399400895143268
0.51240234375,-0.36439274617212825
0.512421875,-0.636133158809527
0.51244140625,-0.9514699250717001
0.5124609375,-0.67287890053368
0.51248046875,-0.27988034004811174
0.5125,-0.42239583408798087
0.51251953125,-0.5272866220301152
0.5125390625,-0.18600763743301893
0.51255859375,-0.2077144416790605
0.512578125,-0.6134513753020043
0.51259765625,-0.40103390297880914
0.5126171875,0.07944577092261076
0.51263671875,0.003622042550735907
0.51265625,-0.34055987234968077
0.51267578125,-0.45602195575408944
0.5126953125,-0.13244962044307454
0.51271484375,0.1734632766748491
0.512734375,-0.08806130450100008
0.51275390625,-0.29164290951913363
0.5127734375,-0.05929313262650343
0.51279296875,0.09457648271165603
0.5128125,0.1109503071064136
0.51283203125,0.021968321402209834
0.5128515625,-0.13066106091571425
0.51287109375,-0.1047122348304373
0.512890625,-0.18125909688759487
0.51291015625,-0.3162115455772644
0.5129296875,-0.265227072718163
0.51294921875,-0.42253029541858733
0.51296875,-0.5678712187068711
0.51298828125,-0.5108994624086038
0.5130078125,-0.6189774111791082
0.51302734375,-0.6945874793676188
0.513046875,-0.7184516540536374
0.51306640625,-0.6872930304925422
0.5130859375,-0.5680567772848834
0.51310546875,-0.6912539986454167
0.513125,-0.7853417929447268
0.51314453125,-0.8500865277899149
0.5131640625,-0.9218973056869608
0.51318359375,-0.5644541539919968
0.513203125,-0.2566952065500043
0.51322265625,-0.1567507294865025
0.5132421875,-0.08520414897505615
0.51326171875,-0.24342431543790954
0.51328125,-0.1849912935753606
0.51330078125,0.0069980017948639926
0.5133203125,-0.10817952252588439
0.51333984375,-0.2782387356737604
0.513359375,-0.25032672133555356
0.51337890625,-0.12442432631218361
0.5133984375,-0.2613067074674852
0.51341796875,-0.5255403075187546
0.5134375,-0.6257485310979316
0.51345703125,-0.5114614192688061
0.5134765625,-0.3074269287932466
0.51349609375,-0.44260636326178115
0.513515625,-0.5610394440824653
0.51353515625,-0.2423203592146468
0.5135546875,-0.016178755383776472
0.51357421875,-0.16903927688510706
0.51359375,-0.3781299338074099
0.51361328125,-0.3923720643669308
0.5136328125,-0.3686241465341199
0.51365234375,-0.5158611701990905
0.513671875,-0.5784881568424621
0.51369140625,-0.1909016701749069
0.5137109375,0.19741376448071024
0.51373046875,0.15122203458298905
0.51375,0.05610882284702157
0.51376953125,-0.027456431383019262
0.5137890625,-0.04788399766066362
0.51380859375,0.11504578605496504
0.513828125,0.04376297208478787
0.51384765625,-0.10200288458490837
0.5138671875,-0.007061707120510106
0.51388671875,0.08614158534266644
0.51390625,0.030552310296122015
0.51392578125,-0.13647831826353005
0.5139453125,-0.02993065598879298
0.51396484375,0.3013033583231382
0.513984375,0.28161803709076605
0.51400390625,0.1689450979639589
0.5140234375,0.35749581245519146
0.51404296875,0.4721824910347133
0.5140625,0.10327961957935125
0.51408203125,-0.27343506551050945
0.5141015625,-0.10542087431867161
0.51412109375,0.06527672881205376
0.514140625,-0.0099082541718816
0.51416015625,-0.0010294726994357095
0.5141796875,-0.014625272068892794
0.51419921875,-0.165809652694958
0.51421875,-0.29268529857026876
0.51423828125,-0.12075131415835508
0.5142578125,0.05467799198644162
0.51427734375,-0.1657344027856587
0.514296875,-0.3233990474239504
0.51431640625,-0.2615231415788766
0.5143359375,-0.1901906446574282
0.51435546875,-0.08734466608609727
0.514375,-0.08575396573651974
0.51439453125,-0.07685863961154892
0.5144140625,-0.0612704599083179
0.51443359375,-0.11265941410194417
0.514453125,-0.0069691052575131356
0.51447265625,0.1395665526045109
0.5144921875,0.3018143877124316
0.51451171875,0.46659910510751534
0.51453125,0.5941090058732247
0.51455078125,0.7726163751939779
0.5145703125,0.687001888669475
0.51458984375,0.4396342834452309
0.514609375,0.20784703264764867
0.51462890625,-0.006471113124793086
0.5146484375,0.22479055764023725
0.51466796875,0.5248306350748837
0.5146875,0.3797988779958905
0.51470703125,0.20623843730440822
0.5147265625,0.3781288357654104
0.51474609375,0.7413751234789341
0.514765625,0.5664260103399368
0.51478515625,-0.050567188183752
0.5148046875,-0.12331027785701129
0.51482421875,0.1270931646196543
0.51484375,0.06260400230362206
0.51486328125,-0.22196623606979812
0.5148828125,-0.3646806137963386
0.51490234375,-0.08102291049745153
0.514921875,0.21795955414698628
0.51494140625,0.054671937728836835
0.5149609375,-0.264334663674589
0.51498046875,-0.35102014794869074
0.515,-0.26314561156926825
0.51501953125,-0.3043889897298954
0.5150390625,-0.5182356863612515
0.51505859375,-0.60288618855378
0.515078125,-0.5508849966991329
0.51509765625,-0.5419471233897777
0.5151171875,-0.3741659838453601
0.51513671875,-0.002356172764706989
0.51515625,0.1534720076689228
0.51517578125,0.12830927769229178
0.5151953125,0.3446919284194905
0.51521484375,0.4887281428280704
0.515234375,0.16155595526216182
0.51525390625,-0.009476134079641693
0.5152734375,0.2546561882997611
0.51529296875,0.2727082906622037
0.5153125,0.02514117835744521
0.51533203125,0.04812320441785354
0.5153515625,0.21615329341843634
0.51537109375,0.13472864489561154
0.515390625,0.12298562424863083
0.51541015625,0.4734159093496164
0.5154296875,0.5119705860584496
0.51544921875,0.0805579607607688
0.51546875,-0.11002367768145044
0.51548828125,0.026088028192167934
0.5155078125,0.22421799262894204
0.51552734375,0.38492901707014293
0.515546875,0.5215639021507308
0.51556640625,0.5895560241354958
0.5155859375,0.3086643381500044
0.51560546875,0.09725974636442884
0.515625,0.19363996190549537
0.51564453125,0.033352137539636964
0.5156640625,0.012342609037662107
0.51568359375,0.10139987398282967
0.515703125,-0.2408546821871394
0.51572265625,-0.2474941679778626
0.5157421875,-0.12382548615838136
0.51576171875,-0.3090035949712213
0.51578125,-0.05623090062107854
0.51580078125,0.07393212541249225
0.5158203125,-0.3395290025533753
0.51583984375,-0.44925083105727426
0.515859375,-0.2278994082924087
0.51587890625,-0.25911676703676134
0.5158984375,-0.5017791070038334
0.51591796875,-0.26706407849059816
0.5159375,0.13461910485265827
0.51595703125,0.07882952699816785
0.5159765625,0.22589904055237953
0.51599609375,0.5151874643055302
0.516015625,0.305642899747583
0.51603515625,-0.007443502933293057
0.5160546875,0.08905465808967554
0.51607421875,0.4106453007497552
0.51609375,0.4289608733114033
0.51611328125,0.26368348298704314
0.5161328125,0.23851910581955355
0.51615234375,0.23535649398906666
0.516171875,0.23306157037608227
0.51619140625,0.2218476248128284
0.5162109375,0.12332431335413901
0.51623046875,-0.21837151861179815
0.51625,-0.46826386582290136
0.51626953125,-0.2716671575845275
0.5162890625,-0.13788003691862022
0.51630859375,0.006994668204009444
0.516328125,0.37231493969820717
0.51634765625,0.5546522067370236
0.5163671875,0.4741806333110414
0.51638671875,0.300270092541164
0.51640625,0.27558153770242827
0.51642578125,0.2556237312445645
0.5164453125,0.2374808597196308
0.51646484375,0.31406020300273463
0.516484375,0.26010857995683795
0.51650390625,0.4267066450390722
0.5165234375,0.7344925387119845
0.51654296875,0.8121047800825643
0.5165625,0.7686436783196173
0.51658203125,0.7328113482769565
0.5166015625,0.9768531742560093
0.51662109375,1.0810583320075993
0.516640625,0.8754092312329464
0.51666015625,1.013323470870636
0.5166796875,1.1874299317470254
0.51669921875,0.9752462916469508
0.51671875,0.6381105007212092
0.51673828125,0.4113305078899767
0.5167578125,0.271745679447596
0.51677734375,0.0997701485793217
0.516796875,0.10406442375024767
0.51681640625,0.11879415542457815
0.5168359375,0.0514284028802881
0.51685546875,0.22279712640620447
0.516875,0.3003556567827017
0.51689453125,0.2969330044960653
0.5169140625,0.4315159113980855
0.51693359375,0.3139891054857607
0.516953125,0.09483002084013592
0.51697265625,0.01471332749472238
0.5169921875,-0.15997442259688
0.51701171875,-0.14028123665867615
0.51703125,0.06957194334645123
0.51705078125,-0.07633939413763699
0.5170703125,-0.11418469443418125
0.51708984375,0.1804947107516111
0.517109375,0.12476679807842644
0.51712890625,-0.2357378925320877
0.5171484375,-0.28672533652103066
0.51716796875,-0.02013547155372089
0.5171875,-0.1053109954627076
0.51720703125,-0.2509399123726738
0.5172265625,-0.053702435266602316
0.51724609375,-0.19058224462188122
0.517265625,-0.2666550217060647
0.51728515625,0.0945956003475884
0.5173046875,0.3909568717059885
0.51732421875,0.5599319893007026
0.51734375,0.47620487046422677
0.51736328125,0.6269404657301144
0.5173828125,0.9179239787862481
0.51740234375,0.5178243236712299
0.517421875,0.2405054683619609
0.51744140625,0.35923320795837
0.5174609375,0.2987187304065708
0.51748046875,0.3258227543700042
0.5175,0.270542174346964
0.51751953125,0.1478768727006396
0.5175390625,0.1625213484850819
0.51755859375,0.0336876907345173
0.517578125,-0.002515160028528555
0.51759765625,0.05847159365209078
0.5176171875,0.0005731355009021347
0.51763671875,0.01635139145017632
0.51765625,0.009017252229289004
0.51767578125,-0.06333144839179412
0.5176953125,-0.04987020188101463
0.51771484375,-0.06093164326274777
0.517734375,-0.18966909109360913
0.51775390625,-0.25484198280304565
0.5177734375,-0.1369100005876536
0.51779296875,0.11340004946512525
0.5178125,0.3050514609234961
0.51783203125,0.01792197806109906
0.5178515625,-0.3331998688788933
0.51787109375,-0.030886758334216426
0.517890625,0.25245267604952004
0.51791015625,-0.055494983715623586
0.5179296875,-0.38067505859545014
0.51794921875,-0.1638854582623393
0.51796875,0.21147477627637973
0.51798828125,0.0961412937431993
0.5180078125,-0.028188270622125214
0.51802734375,0.13955050041574035
0.518046875,0.21734144190697904
0.51806640625,0.20941315376701802
0.5180859375,0.10177228810120707
0.51810546875,0.005882235321740334
0.518125,-0.01379526545919721
0.51814453125,-0.0982306151447431
0.5181640625,-0.3151331362790698
0.51818359375,-0.6649581421197948
0.518203125,-0.729479793530728
0.51822265625,-0.5316578669564459
0.5182421875,-0.42711025527603225
0.51826171875,-0.20637824018587117
0.51828125,0.009758987738012325
0.51830078125,0.1121580940564943
0.5183203125,0.2764269915889272
0.51833984375,0.2885017453874339
0.518359375,0.17145368043236728
0.51837890625,6.305849310649092e-05
0.5183984375,-0.18828468772571827
0.51841796875,-0.06709752020036933
0.5184375,0.1160915995704402
0.51845703125,0.05080620538229964
0.5184765625,0.05477642441739535
0.51849609375,0.11376747005341489
0.518515625,0.16690092670934586
0.51853515625,0.33917659929011146
0.5185546875,0.35994117432702494
0.51857421875,0.3898680082542185
0.51859375,0.5564488569511957
0.51861328125,0.6062508034848422
0.5186328125,0.7719148344592162
0.51865234375,0.8886465371258354
0.518671875,0.8252625063901342
0.51869140625,0.7627224130611204
0.5187109375,0.4574661621457508
0.51873046875,0.28319900747966176
0.51875,0.43726923383144223
0.51876953125,0.3381429118258079
0.5187890625,0.0839835562151308
0.51880859375,-0.04757583427523311
0.518828125,-0.1865220858187258
0.51884765625,-0.24385710010951475
0.5188671875,-0.06347470895654754
0.51888671875,0.13884994827359673
0.51890625,0.15905423307614647
0.51892578125,0.09591111243840632
0.5189453125,-0.06845279171126212
0.51896484375,-0.3148358694223586
0.518984375,-0.3941711489594303
0.51900390625,-0.22026582421542923
0.5190234375,-0.206585025535797
0.51904296875,-0.5615828183902436
0.5190625,-0.6301789155173716
0.51908203125,-0.387764554423865
0.5191015625,-0.41724424186938325
0.51912109375,-0.5272398917336433
0.519140625,-0.4313419060950969
0.51916015625,-0.1549573977580208
0.5191796875,0.06171078180130603
0.51919921875,0.058761828333791344
0.51921875,-0.030445853695604583
0.51923828125,-0.24354579780494173
0.5192578125,-0.344192633788294
0.51927734375,-0.11746624076961582
0.519296875,0.08832620681523028
0.51931640625,0.17742026011180767
0.5193359375,0.20684020311563306
0.51935546875,0.27087120925864105
0.519375,0.40417186149574913
0.51939453125,0.18936076683259484
0.5194140625,-0.110479685918165
0.51943359375,0.11887850464251949
0.519453125,0.33228999771231427
0.51947265625,0.017956307663650625
0.5194921875,-0.17969387661431063
0.51951171875,0.046345259507997866
0.51953125,0.10548958505082112
0.51955078125,-0.11173817914275856
0.5195703125,-0.2236231580329245
0.51958984375,-0.20524505112135044
0.519609375,-0.38722830762759675
0.51962890625,-0.6965147146770404
0.5196484375,-0.5885804442064415
0.51966796875,-0.5097105115297793
0.5196875,-0.9977176050831028
0.51970703125,-1.2135659852145648
0.5197265625,-0.7266542602124619
0.51974609375,-0.12978260507109385
0.519765625,-0.0949343414809097
0.51978515625,-0.5614035897315679
0.5198046875,-0.5542151752789299
0.51982421875,-0.01332333535799389
0.51984375,0.24327535345476956
0.51986328125,0.1054539117886299
0.5198828125,-0.050979680541800965
0.51990234375,-0.0675618802817054
0.519921875,-0.047726409220342145
0.51994140625,-0.011310994060185785
0.5199609375,-0.19293146024515048
0.51998046875,-0.4150116771489436
0.52,-0.2882728748328236
0.52001953125,-0.47193541526274546
0.5200390625,-0.6284467029582734
0.52005859375,-0.1366394979610998
0.520078125,-0.04924574931215769
0.52009765625,-0.2638340862567894
0.5201171875,-0.14856184659294014
0.52013671875,-0.1546664100550384
0.52015625,-0.288314159710108
0.52017578125,-0.4023286185646328
0.5201953125,-0.3201225202846695
0.52021484375,-0.25398266713100826
0.520234375,-0.41751749561667706
0.52025390625,-0.4109463566395951
0.5202734375,-0.70125617904997
0.52029296875,-0.9724669578918609
0.5203125,-0.5466686953764429
0.52033203125,-0.4670449532580747
0.5203515625,-0.681257017143547
0.52037109375,-0.5269377891131103
0.520390625,-0.2771273126078486
0.52041015625,0.09295680318999833
0.5204296875,0.10330889676385356
0.52044921875,-0.1348040873903019
0.52046875,-0.005386936125799248
0.52048828125,-0.08177057864392154
0.5205078125,-0.2563599028019552
0.52052734375,-0.39664018597360184
0.520546875,-0.702764477189374
0.52056640625,-0.39133943232810087
0.5205859375,0.1946069664124771
0.52060546875,0.29276041185268586
0.520625,0.273714187810015
0.52064453125,0.09122787478836014
0.5206640625,-0.005624880993147285
0.52068359375,0.3146980458977675
0.520703125,0.2271426470224215
0.52072265625,-0.09672888284647913
0.5207421875,0.181789324281326
0.52076171875,0.42252564482363825
0.52078125,0.08375966817659712
0.52080078125,-0.34981344062970976
0.5208203125,-0.43687258536318685
0.52083984375,-0.2875230109061436
0.520859375,-0.4558363588259776
0.52087890625,-0.7080451749901365
0.5208984375,-0.5785933010989505
0.52091796875,-0.5556217795267407
0.5209375,-0.6234388776548213
0.52095703125,-0.5303262427629273
0.5209765625,-0.5550227388185387
0.52099609375,-0.6817374654307468
0.521015625,-0.7390862025604958
0.52103515625,-0.5602872574196567
0.5210546875,-0.49660421681215244
0.52107421875,-0.8581029519151342
0.52109375,-1.0501009020021064
0.52111328125,-0.9953139038494854
0.5211328125,-0.8781147382576362
0.52115234375,-0.571518407178657
0.521171875,-0.5282707499495296
0.52119140625,-0.6924176778415752
0.5212109375,-0.4578283832704628
0.52123046875,-0.15209577303729543
0.52125,-0.18580736500985623
0.52126953125,-0.29881500627783514
0.5212890625,-0.23160238305302333
0.52130859375,-0.13526403300676215
0.521328125,-0.18471675011046243
0.52134765625,-0.08916640250048088
0.5213671875,0.004532565061746693
0.52138671875,-0.20160970269567646
0.52140625,-0.22955809083078263
0.52142578125,-0.18223328585830834
0.5214453125,-0.46948318244066506
0.52146484375,-0.6293862243767897
0.521484375,-0.3957060128192197
0.52150390625,-0.26835120967811665
0.5215234375,-0.5142842000090609
0.52154296875,-0.3845895756923468
0.5215625,0.22878696565416834
0.52158203125,0.1491488272302901
0.5216015625,-0.5041304220303738
0.52162109375,-0.7436363168769339
0.521640625,-0.44154168336946775
0.52166015625,-0.07907041084480555
0.5216796875,-0.2937625990508058
0.52169921875,-0.567181371365908
0.52171875,-0.3161547029488594
0.52173828125,-0.14971041619450814
0.5217578125,-0.11473672971230521
0.52177734375,0.00391348034779055
0.521796875,0.04317312654672012
0.52181640625,0.086520145923864
0.5218359375,0.13558139033446576
0.52185546875,0.32016210236155457
0.521875,0.6218807683075824
0.52189453125,0.4837882509414307
0.5219140625,0.13852806379371338
0.52193359375,0.20881433117298165
0.521953125,0.37388170007848665
0.52197265625,0.24934509777819602
0.5219921875,-0.021505948253698004
0.52201171875,-0.1527047404326587
0.52203125,-0.0735140315025809
0.52205078125,-0.024174564000506268
0.5220703125,-0.010243916073138834
0.52208984375,0.13772627778079957
0.522109375,0.19031552985906014
0.52212890625,0.12212660360412622
0.5221484375,0.3031973930947076
0.52216796875,0.4911933284772002
0.5221875,0.35382189106450596
0.52220703125,0.2024897185305945
0.5222265625,0.21706353610389878
0.52224609375,0.09260770355006803
0.522265625,-0.181098714709636
0.52228515625,-0.1852244570367043
0.5223046875,-0.11822225068394585
0.52232421875,-0.2975563546975475
0.52234375,-0.41949591180480694
0.52236328125,-0.4632806900317038
0.5223828125,-0.4878786656956754
0.52240234375,-0.18019005943189126
0.522421875,0.298443815725263
0.52244140625,0.4795477848096843
0.5224609375,0.44825602248234253
0.52248046875,0.4941143811548979
0.5225,0.5455733127318729
0.52251953125,0.5873076154463382
0.5225390625,0.728582471978364
0.52255859375,0.5352245417942139
0.522578125,0.0879105293515875
0.52259765625,0.2646183598983037
0.5226171875,0.6783874324656191
0.52263671875,0.5730632380997958
0.52265625,0.4318273006227606
0.52267578125,0.6157246769855163
0.5226953125,0.8854436764995305
0.52271484375,0.9779113387271849
0.522734375,0.7688851065800073
0.52275390625,0.5917142560310152
0.5227734375,0.5496238038402685
0.52279296875,0.25170753363973764
0.5228125,-0.03649853885319985
0.52283203125,-0.07124118756124743
0.5228515625,-0.1742986047070303
0.52287109375,-0.15242529494818471
0.522890625,-0.10271139985546143
0.52291015625,-0.33000981714008265
0.5229296875,-0.30641339116461624
0.52294921875,0.04800981223928677
0.52296875,0.26058384621730063
0.52298828125,0.1330841135395087
0.5230078125,-0.1622069919721463
0.52302734375,-0.1560603228338571
0.523046875,-0.04084526750486911
0.52306640625,-0.2466404906139804
0.5230859375,-0.49155135383382276
0.52310546875,-0.4974738286832031
0.523125,-0.39870879880122806
0.52314453125,-0.40482074413477925
0.5231640625,-0.3546393260052506
0.52318359375,0.05328893844193912
0.523203125,0.37559963119253464
0.52322265625,0.21230726203052155
0.5232421875,0.10924081284407317
0.52326171875,0.08250926218869847
0.52328125,-0.15196389218115022
0.52330078125,-0.08792496211034562
0.5233203125,0.043311660380866465
0.52333984375,-0.03870562158849036
0.523359375,0.17553107884423694
0.52337890625,0.35113368832813946
0.5233984375,0.2225990044583841
0.52341796875,0.020745149530909758
0.5234375,-0.13789342344766964
0.52345703125,0.04119156302781194
0.5234765625,0.21674929556665884
0.52349609375,0.23415639893244156
0.523515625,0.35269661996778784
0.52353515625,0.2748057655289176
0.5235546875,0.16732705095419803
0.52357421875,0.35453218672885217
0.52359375,0.5479399298332898
0.52361328125,0.29634522802745256
0.5236328125,-0.2644444264648663
0.52365234375,-0.3625532812190597
0.523671875,-0.12832408775768855
0.52369140625,-0.2038492109315
0.5237109375,-0.37586259758675605
0.52373046875,-0.32046143748920547
0.52375,-0.18505819967052964
0.52376953125,-0.16014096726245486
0.5237890625,-0.20649269142541946
0.52380859375,-0.1925158046879591
0.523828125,-0.1152595733269475
0.52384765625,-0.26893479491685174
0.5238671875,-0.5580259766460294
0.52388671875,-0.31993940419325806
0.52390625,0.03874163627095855
0.52392578125,-0.04078988041279639
0.5239453125,0.06709829903135671
0.52396484375,0.3773682385386077
0.523984375,0.6311975441807207
0.52400390625,0.873328827050116
0.5240234375,0.8076024132886456
0.52404296875,0.6803647732485281
0.5240625,0.6515085789067399
0.52408203125,0.5934089926384098
0.5241015625,0.5938166464102409
0.52412109375,0.424414457302546
0.524140625,0.3739380040699737
0.52416015625,0.5609557656262361
0.5241796875,0.37040921855469355
0.52419921875,0.11152858815373728
0.52421875,0.10625984796306912
0.52423828125,0.05999457044587768
0.5242578125,0.19480061143858865
0.52427734375,0.3464217665567148
0.524296875,0.16401516063453134
0.52431640625,0.07080370502545971
0.5243359375,0.10585684572783767
0.52435546875,0.13599187977627758
0.524375,0.12711944582322102
0.52439453125,-0.09766100454751722
0.5244140625,-0.07483523145392199
0.52443359375,0.11848986225517665
0.524453125,0.01651006644379519
0.52447265625,-0.028274947724365646
0.5244921875,0.11558120049161333
0.52451171875,0.6168295028975745
0.52453125,1.1701155989951704
0.52455078125,0.8360569277095852
0.5245703125,0.23929038876410355
0.52458984375,0.31586946865729815
0.524609375,0.6693627794903154
0.52462890625,0.8097007832127953
0.5246484375,0.7806323062276637
0.52466796875,0.8031622707695856
0.5246875,0.7837438403913803
0.52470703125,0.6778167673313824
0.5247265625,0.638719280441056
0.52474609375,0.6435179353389534
0.524765625,0.6662810636719554
0.52478515625,0.7384724167488113
0.5248046875,0.7735436589625035
0.52482421875,0.5897905518508447
0.52484375,0.39438944925790326
0.52486328125,0.222172216808846
0.5248828125,-0.014574549917830585
0.52490234375,-0.0365114711976151
0.524921875,-0.09043043464855191
0.52494140625,-0.06361041152253256
0.5249609375,0.21162689019712622
0.52498046875,0.21936664720678112
0.525,0.1402391059530287
0.52501953125,0.09753422759416139
0.5250390625,-0.015544097120822402
0.52505859375,-0.11422476651964895
0.525078125,-0.3469883464705269
0.52509765625,-0.34128583433322357
0.5251171875,-0.03587766684431207
0.52513671875,-0.07897828914851665
0.52515625,-0.23245783405776912
0.52517578125,-0.07147642595351503
0.5251953125,0.03546448710273241
0.52521484375,-0.11800748602391876
0.525234375,-0.20903621473320477
0.52525390625,-0.03900351439264405
0.5252734375,0.005703279100297134
0.52529296875,-0.14229439175116815
0.5253125,-0.08869181522774826
0.52533203125,0.06564662967190377
0.5253515625,0.3078507391246643
0.52537109375,0.5913511578895583
0.525390625,0.6259252055477568
0.52541015625,0.6319797299515606
0.5254296875,0.6250638529333103
0.52544921875,0.5841649806806721
0.52546875,0.7064835705861914
0.52548828125,0.407021126899774
0.5255078125,0.0009456002175465411
0.52552734375,0.3292809015512853
0.525546875,0.4052571200949109
0.52556640625,0.12092517162389746
0.5255859375,0.2657707590551217
0.52560546875,0.34781459046437213
0.525625,0.23400148964101453
0.52564453125,-0.025302859771522614
0.5256640625,-0.1890199866718753
0.52568359375,0.10925076663906395
0.525703125,0.21743391635872633
0.52572265625,0.051160744244717636
0.5257421875,-0.028935144401608034
0.52576171875,-0.1387853608651812
0.52578125,-0.25427322710942046
0.52580078125,-0.3996813686547307
0.5258203125,-0.4147255007961613
0.52583984375,-0.28109124006185077
0.525859375,-0.1424730172772787
0.52587890625,0.07831299364007399
0.5258984375,0.0030666063158801965
0.52591796875,-0.19150556522480633
0.5259375,0.07605977710231096
0.52595703125,0.19230689661622244
0.5259765625,-0.1800432472356071
0.52599609375,-0.36367646705157397
0.526015625,-0.23713402929300875
0.52603515625,-0.3012540634604164
0.5260546875,-0.5960381839583988
0.52607421875,-0.5375864142005093
0.52609375,-0.02605712630086294
0.52611328125,0.27855226641948105
0.5261328125,0.24925242029350914
0.52615234375,0.28354459234629636
0.526171875,0.3097087159888747
0.52619140625,0.1853229040648693
0.5262109375,0.1918074492033483
0.52623046875,0.31897041678804705
0.52625,0.18571724287236827
0.52626953125,-0.08952639533566216
0.5262890625,-0.24795111597047892
0.52630859375,-0.2941567244694493
0.526328125,-0.23343934601620675
0.52634765625,-0.24808369754720044
0.5263671875,-0.3506381191588469
0.52638671875,-0.4551132675963768
0.52640625,-0.46960177867867964
0.52642578125,-0.2829906028340562
0.5264453125,-0.2620666199826262
0.52646484375,-0.3371343522119259
0.526484375,-0.11147848133029692
0.52650390625,0.10690541440603456
0.5265234375,0.11335253782616253
0.52654296875,0.26840710024677006
0.5265625,0.5728557484993532
0.52658203125,0.4365093918452301
0.5266015625,0.14506042071625014
0.52662109375,0.3107780504174795
0.526640625,0.4433981988604957
0.52666015625,0.4355962630409741
0.5266796875,0.4608090405874435
0.52669921875,0.2291905640690321
0.52671875,0.0761606906357739
0.52673828125,0.1571600623187516
0.5267578125,0.08363271954024751
0.52677734375,-0.004555081511661719
0.526796875,0.12960790085353174
0.52681640625,0.3190990927819629
0.5268359375,0.3712275121101646
0.52685546875,0.38838390442207904
0.526875,0.2762874686078437
0.52689453125,-0.04760737062157562
0.5269140625,-0.07375236160458444
0.52693359375,-0.016401068290624016
0.526953125,-0.1612135621370432
0.52697265625,-0.06802973132095283
0.5269921875,-0.15899808540103622
0.52701171875,-0.4750865793260976
0.52703125,-0.5219459801865325
0.52705078125,-0.6265174287454065
0.5270703125,-0.6271502234005728
0.52708984375,-0.40300008312187474
0.527109375,-0.46453721286368344
0.52712890625,-0.6885941942056738
0.5271484375,-0.5939186916879607
0.52716796875,-0.1682314119688016
0.5271875,0.049103415699365494
0.52720703125,-0.15157597193198571
0.5272265625,-0.31861885918593236
0.52724609375,-0.06769537607117183
0.527265625,0.4631197434429193
0.52728515625,0.5097806574543826
0.5273046875,0.11048184342824538
0.52732421875,0.1489855194628491
0.52734375,0.2194258444717136
0.52736328125,-0.19318409221292906
0.5273828125,-0.497415056931244
0.52740234375,-0.4390237414025796
0.527421875,-0.3770875070969075
0.52744140625,-0.663664631145331
0.5274609375,-0.7012993592341361
0.52748046875,-0.23905494989748247
0.5275,-0.1966757519163096
0.52751953125,-0.2857304814806695
0.5275390625,-0.22661055450248124
0.52755859375,-0.39197177589432536
0.527578125,-0.302767570535918
0.52759765625,-0.2258399154363846
0.5276171875,-0.39898236366694295
0.52763671875,-0.34602704973948784
0.52765625,-0.30185938112663163
0.52767578125,-0.26555230471445557
0.5276953125,-0.42910490253276273
0.52771484375,-0.7544519821436158
0.527734375,-0.4936022034900993
0.52775390625,-0.31375532581645316
0.5277734375,-0.5174262671070813
0.52779296875,-0.5401486971697885
0.5278125,-0.5765677864376813
0.52783203125,-0.44551600846706985
0.5278515625,-0.27339395457490673
0.52787109375,-0.29149311770839575
0.527890625,-0.10358960809699788
0.52791015625,-0.08877911544332759
0.5279296875,-0.41923962326580155
0.52794921875,-0.5703563054758322
0.52796875,-0.4806788095775206
0.52798828125,-0.26506348128501933
0.5280078125,-0.30317851546299357
0.52802734375,-0.48808964675439637
0.528046875,-0.31815351968540523
0.52806640625,-0.3156294947331898
0.5280859375,-0.45276744555411724
0.52810546875,-0.349278508152157
0.528125,-0.29078441242644054
0.52814453125,-0.06641941116894129
0.5281640625,0.09056167505314432
0.52818359375,-0.07742757070771744
0.528203125,0.030229636118690617
0.52822265625,0.185088901310748
0.5282421875,-0.09433407420995575
0.52826171875,-0.44796040814342175
0.52828125,-0.5296555672787929
0.52830078125,-0.4807718882110555
0.5283203125,-0.8091925877123558
0.52833984375,-1.244820477035414
0.528359375,-1.0396305463524955
0.52837890625,-0.6846925705433371
0.5283984375,-0.6564507463785358
0.52841796875,-0.6788864589275653
0.5284375,-0.6576990342722606
0.52845703125,-0.44411489735909543
0.5284765625,-0.20408604314487624
0.52849609375,-0.16878214610107267
0.528515625,-0.05443976326918591
0.52853515625,0.07808720602019316
0.5285546875,0.07966815472923897
0.52857421875,0.09772025284712481
0.52859375,0.13561416981900215
0.52861328125,0.2828088787454993
0.5286328125,0.3538718892297217
0.52865234375,0.18577465404228413
0.528671875,0.1946737280644924
0.52869140625,0.2497902714507688
0.5287109375,0.16076977217663369
0.52873046875,0.24566858992668872
0.52875,0.15399148840362645
0.52876953125,-0.2228336936963374
0.5287890625,-0.16333806783137442
0.52880859375,0.11496603181757371
0.528828125,-0.10946722638335989
0.52884765625,-0.5829163882033231
0.5288671875,-0.9234891755064679
0.52888671875,-1.0609041291108632
0.52890625,-1.012687461772602
0.52892578125,-1.0000250112162672
0.5289453125,-1.010672475073544
0.52896484375,-0.9952547716424325
0.528984375,-0.9532975572423563
0.52900390625,-0.7749519076072022
0.5290234375,-0.5779555709741995
0.52904296875,-0.36466787244494525
0.5290625,-0.11395399697063321
0.52908203125,-0.1349594150060943
0.5291015625,-0.3078596859306151
0.52912109375,-0.26518613307267225
0.529140625,-0.11044161646421932
0.52916015625,-0.05586662215560144
0.5291796875,-0.2459048346963768
0.52919921875,-0.34968479695592375
0.52921875,-0.1600561466839074
0.52923828125,-0.14165988852195502
0.5292578125,-0.18420118446803876
0.52927734375,-0.4081424599086943
0.529296875,-0.9203531286873486
0.52931640625,-0.7450536591021721
0.5293359375,-0.2112196852839629
0.52935546875,-0.35949742147038655
0.529375,-0.6671468503475902
0.52939453125,-0.6311859010589138
0.5294140625,-0.46747948283169943
0.52943359375,-0.3500617987640888
0.529453125,-0.33192775881074393
0.52947265625,-0.28422273869553893
0.5294921875,-0.28432034381171506
0.52951171875,-0.16160668546569248
0.52953125,0.05719514683957101
0.52955078125,-0.16477969994969344
0.5295703125,-0.3330491025344177
0.52958984375,-0.23446448637599127
0.529609375,-0.3009084492624815
0.52962890625,-0.29598869194524813
0.5296484375,-0.33132183319000935
0.52966796875,-0.38028414064304594
0.5296875,-0.3412425452653432
0.52970703125,-0.5455122439075513
0.5297265625,-0.5643510515532644
0.52974609375,-0.2979802428963145
0.529765625,-0.19091313903845825
0.52978515625,-0.1387395021954583
0.5298046875,-0.12637168384637407
0.52982421875,-0.08278250950107494
0.52984375,-0.041927163764525384
0.52986328125,-0.14937140765085852
0.5298828125,-0.12551090326110448
0.52990234375,-0.23726368162224654
0.529921875,-0.5708769954776085
0.52994140625,-0.3687214463414268
0.5299609375,0.12905919775233377
0.52998046875,0.1587677023060185
0.53,0.0734564990681731
0.53001953125,0.3739115712976548
0.5300390625,0.5126856600544829
0.53005859375,0.03084615479679549
0.530078125,-0.31659514354705853
0.53009765625,-0.09225713310446289
0.5301171875,-0.0190659023178755
0.53013671875,-0.25496477924724503
0.53015625,-0.18121558148175865
0.53017578125,-0.0019083940644990666
0.5301953125,-0.22802950885103646
0.53021484375,-0.23444605291571075
0.530234375,0.25903979203641975
0.53025390625,0.2619172650109716
0.5302734375,-0.11286762529563608
0.53029296875,-0.07650224515891561
0.5303125,-0.03798118332621309
0.53033203125,-0.16440016379878214
0.5303515625,-0.16992353473458371
0.53037109375,-0.2033016766169788
0.530390625,-0.23278251130133146
0.53041015625,-0.004302664964285108
0.5304296875,0.39975884846763277
0.53044921875,0.5786193188793328
0.53046875,0.3941078814228874
0.53048828125,0.13213146017386868
0.5305078125,0.1032075516349835
0.53052734375,0.3041018959708479
0.530546875,0.4540818912709228
0.53056640625,0.44639440467437264
0.5305859375,0.5459583276706229
0.53060546875,0.8327300910528044
0.530625,0.9058069078131656
0.53064453125,0.6655775119413363
0.5306640625,0.5730409739638598
0.53068359375,0.8634548251727074
0.530703125,1.03153379884003
0.53072265625,0.6393150638917746
0.5307421875,0.19932233012686118
0.53076171875,0.11940275189914137
0.53078125,0.2587934683091251
0.53080078125,0.4965104783722833
0.5308203125,0.41076149416292657
0.53083984375,0.006670693691147679
0.530859375,-0.2423456552844136
0.53087890625,-0.42411361574119827
0.5308984375,-0.3586027756501
0.53091796875,0.027255209832649167
0.5309375,0.15655971204560343
0.53095703125,0.10094333934596936
0.5309765625,0.07648070489225531
0.53099609375,-0.0525429287782726
0.531015625,-0.12339001632102989
0.53103515625,0.029377959679970325
0.5310546875,-0.025366998492300202
0.53107421875,-0.3333369022219188
0.53109375,-0.05812318592274657
0.53111328125,0.32093136171599285
0.5311328125,0.09052956991656841
0.53115234375,-0.09587436196153878
0.531171875,-0.03563001813118902
0.53119140625,0.22997412608938794
0.5312109375,0.27771985077751743
0.53123046875,-0.16129570890716152
0.53125,-0.15981362764270104
0.53126953125,0.2826584702498377
0.5312890625,0.5624694279969009
0.53130859375,0.6663427099358507
0.531328125,0.6400557746654052
0.53134765625,0.6312434354448923
0.5313671875,0.6518291770937339
0.53138671875,0.7348392269031057
0.53140625,0.6369582167995808
0.53142578125,0.19945368517198137
0.5314453125,0.03451692662273074
0.53146484375,0.13012230139005854
0.531484375,0.23775073451582632
0.53150390625,0.4655008772194655
0.5315234375,0.4326280389163506
0.53154296875,0.2253714246033955
0.5315625,0.16700654360248185
0.53158203125,0.14095737453298407
0.5316015625,0.16197714856176484
0.53162109375,0.15307579279958544
0.531640625,0.27236727373231084
0.53166015625,0.27261397676782184
0.5316796875,-0.26316618874182524
0.53169921875,-0.561648007204437
0.53171875,-0.4945307258691626
0.53173828125,-0.46538537421873466
0.5317578125,-0.36611731325433344
0.53177734375,-0.4080773035866013
0.531796875,-0.2665702186589993
0.53181640625,0.046435946781239745
0.5318359375,-0.10366653038330315
0.53185546875,-0.2035937728962047
0.531875,0.08428173949653352
0.53189453125,0.21294848676349926
0.5319140625,0.10117520694032603
0.53193359375,0.10901312600126938
0.531953125,0.3507903662422206
0.53197265625,0.601656382049353
0.5319921875,0.527639716724212
0.53201171875,0.22111233485631746
0.53203125,0.1812195296041466
0.53205078125,0.14120474908540442
0.5320703125,-0.04326226716103387
0.53208984375,0.10854148747678805
0.532109375,0.19109519287095128
0.53212890625,0.012246831381385347
0.5321484375,-0.14479346586182348
0.53216796875,-0.0962292556408603
0.5321875,0.2812949339212435
0.53220703125,0.35030137325984456
0.5322265625,0.22473438955647929
0.53224609375,0.28288754354378853
0.532265625,0.2089998176627234
0.53228515625,0.32169168969510087
0.5323046875,0.4412253446666193
0.53232421875,0.26343990691896413
0.53234375,0.24080682609340326
0.53236328125,0.40518617682872893
0.5323828125,0.5960722805853244
0.53240234375,0.6270043146158475
0.532421875,0.48491826857055625
0.53244140625,0.37684012615540213
0.5324609375,0.29524346640663746
0.53248046875,0.4056444798740364
0.5325,0.5855377932486132
0.53251953125,0.36615509359282294
0.5325390625,0.07452836688356082
0.53255859375,0.331320177462171
0.532578125,0.7515935679426645
0.53259765625,0.751536155261674
0.5326171875,0.7812052277415646
0.53263671875,1.0147299103071186
0.53265625,0.9656379813689187
0.53267578125,0.9713871044897477
0.5326953125,1.2043147541753323
0.53271484375,1.2167588495036303
0.532734375,1.197791095197424
0.53275390625,1.2400758888619798
0.5327734375,1.187895289257267
0.53279296875,1.0198204236796846
0.5328125,0.6958156847538479
0.53283203125,0.6909229452115311
0.5328515625,0.7546735505513575
0.53287109375,0.29042284944441865
0.532890625,0.0530181162507067
0.53291015625,0.16077236109797
0.5329296875,0.01403162575654977
0.53294921875,-0.17376405891637753
0.53296875,-0.2557156407742946
0.53298828125,-0.21720140689179912
0.5330078125,-0.11550352662373589
0.53302734375,-0.19437429587007388
0.533046875,-0.29145082892705504
0.53306640625,-0.22674859277602177
0.5330859375,-0.06799914360664534
0.53310546875,0.036045397713419934
0.533125,-0.01083760728098121
0.53314453125,0.015052095026353227
0.5331640625,0.22966871725041266
0.53318359375,0.4500664003684317
0.533203125,0.6289565232954017
0.53322265625,0.7903818415780897
0.5332421875,0.803372955037712
0.53326171875,0.71357178093696
0.53328125,0.5994032899984114
0.53330078125,0.533639626569839
0.5333203125,0.7498284101264953
0.53333984375,0.8327199447004479
0.533359375,0.4612047129070279
0.53337890625,0.2505975964162505
0.5333984375,0.38991332038858983
0.53341796875,0.43529863719383
0.5334375,0.23106850733445655
0.53345703125,0.09412509928577929
0.5334765625,0.40561322360987906
0.53349609375,0.8107078491608839
0.533515625,0.695578979927911
0.53353515625,0.4911994329389494
0.5335546875,0.7026305101497317
0.53357421875,0.8762861149625718
0.53359375,0.8172637379953844
0.53361328125,0.6776427912207661
0.5336328125,0.393199542217327
0.53365234375,0.08437860466523672
0.533671875,0.007981924030303587
0.53369140625,0.24469789437352743
0.5337109375,0.3625272445265525
0.53373046875,0.17834636531720233
0.53375,0.2665122553155943
0.53376953125,0.580653230673787
0.5337890625,0.5073462848916168
0.53380859375,0.14208317635242493
0.533828125,0.06504537924783749
0.53384765625,0.18428393568611018
0.5338671875,-0.07196281672600317
0.53388671875,-0.4575122649089224
0.53390625,-0.5618995917828158
0.53392578125,-0.5497734976824804
0.5339453125,-0.4085907019460209
0.53396484375,-0.25158245013070935
0.533984375,-0.31294808540162333
0.53400390625,-0.33363450197141026
0.5340234375,-0.12507809491166305
0.53404296875,0.12716690672800068
0.5340625,0.23910996042772115
0.53408203125,0.2574587329267508
0.5341015625,0.35663495996331074
0.53412109375,0.4458660890955866
0.534140625,0.32436470441193016
0.53416015625,0.08746406281750052
0.5341796875,-0.023085736619536702
0.53419921875,0.17400601333427757
0.53421875,0.5269171304876632
0.53423828125,0.6191314566367611
0.5342578125,0.4786785940679291
0.53427734375,0.3073399852029443
0.534296875,0.23059718387131434
0.53431640625,0.442588883516859
0.5343359375,0.5631443296671201
0.53435546875,0.4523081938905169
0.534375,0.31477177938833034
0.53439453125,-0.1400417934210116
0.5344140625,-0.4461769947056099
0.53443359375,-0.33143720232904195
0.534453125,-0.44827604789783265
0.53447265625,-0.5214475042293456
0.5344921875,-0.35207637727190255
0.53451171875,-0.3331228876559033
0.53453125,-0.21513966976505833
0.53455078125,0.1950098314256046
0.5345703125,0.45001802530202245
0.53458984375,0.3532829820691974
0.534609375,0.47950303398492167
0.53462890625,0.891118644307056
0.5346484375,1.0124789636757099
0.53466796875,0.8890645260395431
0.5346875,0.7311349298283403
0.53470703125,0.6084762384832609
0.5347265625,0.5984554709626965
0.53474609375,0.5830018446325937
0.534765625,0.5690049651438478
0.53478515625,0.6019942414759052
0.5348046875,0.544656203858528
0.53482421875,0.423506716028021
0.53484375,0.25125833765480166
0.53486328125,-0.0887665737244016
0.5348828125,-0.30100499277098935
0.53490234375,-0.07671465203351255
0.534921875,0.15338569083383047
0.53494140625,-0.11058982434384276
0.5349609375,-0.5420298429038639
0.53498046875,-0.599808850283952
0.535,-0.41447903216642573
0.53501953125,-0.4552530776081619
0.5350390625,-0.7495401961224677
0.53505859375,-0.7960072871490349
0.535078125,-0.38109012407851667
0.53509765625,-0.023042047990826067
0.5351171875,-0.09645310881381661
0.53513671875,-0.211300587605508
0.53515625,-0.03142662945763898
0.53517578125,0.19883575754302674
0.5351953125,0.36276397055268716
0.53521484375,0.43499734309036453
0.535234375,0.2595304278541283
0.53525390625,0.2113520416846586
0.5352734375,0.39594089496055196
0.53529296875,0.4657620224020599
0.5353125,0.6764071190393992
0.53533203125,0.8292579411315624
0.5353515625,0.48020003740177564
0.53537109375,0.14939531277934973
0.535390625,0.0944426937865137
0.53541015625,0.07270260859032932
0.5354296875,0.09139425109955501
0.53544921875,-0.019702812023004904
0.53546875,-0.2949761716024909
0.53548828125,-0.29828307466052606
0.5355078125,-0.1239891966195459
0.53552734375,-0.2332837185429386
0.535546875,-0.3252375540343808
0.53556640625,-0.08505367824761946
0.5355859375,-0.0825816784483043
0.53560546875,-0.37987612041769636
0.535625,-0.3174340173278304
0.53564453125,-0.15927846938063672
0.5356640625,-0.24320458577689996
0.53568359375,-0.3363466357098235
0.535703125,-0.5052521614719989
0.53572265625,-0.533674955666928
0.5357421875,-0.32679487427795306
0.53576171875,-0.258133543998416
0.53578125,-0.4109939947745952
0.53580078125,-0.6326265895149948
0.5358203125,-0.5036452890594023
0.53583984375,-0.1717955547836953
0.535859375,-0.17749235764909752
0.53587890625,-0.3499770255760742
0.5358984375,-0.6244649741678677
0.53591796875,-0.6388469942866505
0.5359375,-0.1074219170351671
0.53595703125,0.12414908510923106
0.5359765625,0.0947515861576176
0.53599609375,0.14227655573005774
0.536015625,-0.053379195968153534
0.53603515625,0.032762506502822863
0.5360546875,0.3489561424821935
0.53607421875,0.32122938950513585
0.53609375,0.2815417406197599
0.53611328125,0.2889610375540021
0.5361328125,0.3280615746333476
0.53615234375,0.35004573558563856
0.536171875,0.08077359381495619
0.53619140625,-0.11175241534589737
0.5362109375,-0.17650944504496513
0.53623046875,-0.24365555033050218
0.53625,-0.16898497400750462
0.53626953125,-0.27625883233446547
0.5362890625,-0.5181575399496988
0.53630859375,-0.6148951150383015
0.536328125,-0.47238300246187537
0.53634765625,-0.11070617150950969
0.5363671875,-0.11751525403834491
0.53638671875,-0.3207771525513528
0.53640625,-0.0430526883074121
0.53642578125,0.10994739407695492
0.5364453125,-0.2384988064307555
0.53646484375,-0.401476840025925
0.536484375,-0.3314761285531273
0.53650390625,-0.39274008354261664
0.5365234375,-0.412914880570731
0.53654296875,-0.19237972688105853
0.5365625,0.046946827333242805
0.53658203125,-0.04422706044236362
0.5366015625,-0.24327282231936437
0.53662109375,-0.03369508623580826
0.536640625,0.308921701722984
0.53666015625,0.262234982306194
0.5366796875,0.14693169516215057
0.53669921875,0.23171794052675468
0.53671875,0.26406908034487225
0.53673828125,0.2586192543343851
0.5367578125,0.12538995233469777
0.53677734375,-0.19206615268369537
0.536796875,-0.3146069374086288
0.53681640625,-0.2795406584632948
0.5368359375,-0.3951023618935412
0.53685546875,-0.5798193029717243
0.536875,-0.6543509447089325
0.53689453125,-0.6977157166163823
0.5369140625,-0.7904816927752608
0.53693359375,-0.6380514681147511
0.536953125,-0.3509440572305319
0.53697265625,-0.5174462898845545
0.5369921875,-0.7656278274996287
0.53701171875,-0.6629195625719683
0.53703125,-0.5859901465940666
0.53705078125,-0.5030653147106707
0.5370703125,-0.4495916498024547
0.53708984375,-0.5118760991287173
0.537109375,-0.3770490329085494
0.53712890625,-0.3465112991776696
0.5371484375,-0.5197602150912746
0.53716796875,-0.4419699795068477
0.5371875,-0.3271662955466039
0.53720703125,-0.39933659033552804
0.5372265625,-0.45342005958537346
0.53724609375,-0.3888638353886329
0.537265625,-0.26316393768158125
0.53728515625,-0.35100727570935425
0.5373046875,-0.32396008925163866
0.53732421875,0.060745297240980184
0.53734375,-0.17626240522245695
0.53736328125,-0.8037034239727339
0.5373828125,-0.7395834084783761
0.53740234375,-0.47339853728072767
0.537421875,-0.28769967486614745
0.53744140625,0.014682896366778261
0.5374609375,0.12077653412686934
0.53748046875,0.10061340272734301
0.5375,0.11827591195708434
0.53751953125,0.29433951035791983
0.5375390625,0.4559934415499308
0.53755859375,0.21314513081055028
0.537578125,-0.038444615669000023
0.53759765625,-0.044230566798777696
0.5376171875,-0.05715169632853258
0.53763671875,-0.22392353542527932
0.53765625,-0.4163389054193572
0.53767578125,-0.33140501990646853
0.5376953125,-0.21956745903754507
0.53771484375,-0.21402591718585076
0.537734375,-0.13881472271579018
0.53775390625,-0.1130864987966007
0.5377734375,0.05168249121906368
0.53779296875,0.2910362323565788
0.5378125,0.2213759141282473
0.53783203125,0.13007852545824589
0.5378515625,0.1607966038192963
0.53787109375,0.1329583511433384
0.537890625,0.2591220245815245
0.53791015625,0.3351968916920514
0.5379296875,-0.0033145270491471215
0.53794921875,-0.1850970444704796
0.53796875,0.011573100717155959
0.53798828125,0.08700032333649203
0.5380078125,0.08905948106215499
0.53802734375,0.044090156201781895
0.538046875,0.0011430431890455638
0.53806640625,0.10668025632878238
0.5380859375,0.04204235239497239
0.53810546875,-0.04897437908019669
0.538125,-0.201675729678175
0.53814453125,-0.38403404773181
0.5381640625,-0.018106146589603488
0.53818359375,0.28182406971222557
0.538203125,0.154176049012256
0.53822265625,0.03919667808520149
0.5382421875,0.13462606669495933
0.53826171875,0.5522596831409419
0.53828125,0.48432552451738764
0.53830078125,0.046498077852647715
0.5383203125,-0.0022427996332713487
0.53833984375,-0.13494961517405948
0.538359375,-0.013029569068955707
0.53837890625,0.24744281817894753
0.5383984375,-0.15662482891382315
0.53841796875,-0.30927285785304953
0.5384375,0.19386188962241466
0.53845703125,0.4620129985446658
0.5384765625,0.31025625581090427
0.53849609375,0.1949266184801236
0.538515625,0.30921948284904266
0.53853515625,0.29327941282189995
0.5385546875,0.16277223478323438
0.53857421875,0.46849287232417103
0.53859375,0.845261622041495
0.53861328125,0.6686297110895092
0.5386328125,0.38337350897327466
0.53865234375,0.4715267947005251
0.538671875,0.7533742207074856
0.53869140625,0.8713057886188637
0.5387109375,0.6284689930851174
0.53873046875,0.22774659397078562
0.53875,0.035064916688450756
0.53876953125,0.16955197011010142
0.5387890625,0.24410059738027268
0.53880859375,0.005058509734299634
0.538828125,0.018177428173562472
0.53884765625,0.179884582716178
0.5388671875,-0.04875129988187229
0.53888671875,-0.19415499629905322
0.53890625,-0.15783150597087955
0.53892578125,-0.27639517470352787
0.5389453125,-0.36469876790983163
0.53896484375,-0.3276461107204924
0.538984375,-0.3043036538229427
0.53900390625,-0.43846862208197374
0.5390234375,-0.5465643419451789
0.53904296875,-0.31184707475655976
0.5390625,-0.08254362882217174
0.53908203125,-0.10981594658159984
0.5391015625,0.03362647948560366
0.53912109375,0.2473472333165792
0.539140625,0.1821797554420688
0.53916015625,-0.0046006336560693445
0.5391796875,-0.07014363374220667
0.53919921875,0.21688786097346577
0.53921875,0.45995442425157584
0.53923828125,0.24510312724921834
0.5392578125,0.16576267428813518
0.53927734375,0.3474649523882959
0.539296875,0.3734997602228491
0.53931640625,0.43639143587632634
0.5393359375,0.48980728747555924
0.53935546875,0.2784415255939147
0.539375,0.18097371855135103
0.53939453125,0.3653216002363293
0.5394140625,0.4922677450069114
0.53943359375,0.3876905937776384
0.539453125,0.10213430029165577
0.53947265625,0.004161329425779299
0.5394921875,0.23375792248163046
0.53951171875,0.3561581514934312
0.53953125,0.2884531027918973
0.53955078125,0.18866352432792052
0.5395703125,0.14563740721975577
0.53958984375,0.14806385515950854
0.539609375,0.0030501268806004244
0.53962890625,-0.05256276204744321
0.5396484375,-0.005014707431883597
0.53966796875,-0.10664761235721454
0.5396875,-0.16470762297849706
0.53970703125,-0.14752864315086903
0.5397265625,-0.11385900495047324
0.53974609375,-0.34746504070401996
0.539765625,-0.8471669617715982
0.53978515625,-0.7406910748271034
0.5398046875,-0.24187281185106224
0.53982421875,-0.289135818090675
0.53984375,-0.4313802250526381
0.53986328125,-0.09610485644505595
0.5398828125,0.25688169280384987
0.53990234375,0.27727283171884387
0.539921875,0.25797639715640325
0.53994140625,0.3722573288110114
0.5399609375,0.4162804706852898
0.53998046875,0.4204303425513689
0.54,0.2766916628135048
0.54001953125,-0.14721600904154125
0.5400390625,-0.36495148960015944
0.54005859375,-0.18495740288909773
0.540078125,-0.029853107483436815
0.54009765625,-0.24570894951059494
0.5401171875,-0.43741457497206415
0.54013671875,0.03779355696687611
0.54015625,0.5131760492679379
0.54017578125,0.2655784111642295
0.5401953125,0.09853786823268657
0.54021484375,0.37804484793644955
0.540234375,0.4011639705730797
0.54025390625,0.16993214402642748
0.5402734375,0.2150897444688276
0.54029296875,0.4021728289477576
0.5403125,0.46317616251948135
0.54033203125,0.6091226291086618
0.5403515625,0.6333332924520451
0.54037109375,0.2784029564740717
0.540390625,0.19147579029848852
0.54041015625,0.5694875042914824
0.5404296875,0.6412438377271146
0.54044921875,0.16728507966270156
0.54046875,-0.12309563849225842
0.54048828125,0.1277319957690729
0.5405078125,0.29163872340029023
0.54052734375,0.171045269466923
0.540546875,0.1292508691798738
0.54056640625,0.2706778389472667
0.5405859375,0.5751908499730609
0.54060546875,0.7183701911653767
0.540625,0.6262465363555633
0.54064453125,0.5950155153725043
0.5406640625,0.6154911487681265
0.54068359375,0.7093249477828757
0.540703125,0.7980504901786831
0.54072265625,0.6492039000237448
0.5407421875,0.41174501497453475
0.54076171875,0.40699198031616146
0.54078125,0.5174701082232029
0.54080078125,0.37845756355872084
0.5408203125,0.21019623751724997
0.54083984375,0.2540802887264684
0.540859375,0.2645519107830213
0.54087890625,0.2502278349155838
0.5408984375,0.19394455747657424
0.54091796875,0.033226239178517594
0.5409375,-0.048957863469467594
0.54095703125,-0.03376101569063294
0.5409765625,0.12410315949946069
0.54099609375,0.2492233254457511
0.541015625,0.1144782729018544
0.54103515625,-0.024128101292946232
0.5410546875,-0.11295591943042561
0.54107421875,-0.21783677019161873
0.54109375,-0.12932828453165512
0.54111328125,0.07835744111438392
0.5411328125,-0.020409806143050865
0.54115234375,-0.27762662631870294
0.541171875,-0.13695479389236434
0.54119140625,0.20105060749595297
0.5412109375,0.26447933825701253
0.54123046875,0.04152242440905008
0.54125,-0.06447682984675825
0.54126953125,0.29700506941349064
0.5412890625,0.5640439137743414
0.54130859375,0.38600257777126734
0.541328125,0.30459193768070264
0.54134765625,0.319782278496046
0.5413671875,0.30183913143673946
0.54138671875,0.2738157169734279
0.54140625,0.0740485002354391
0.54142578125,0.008289139815383265
0.5414453125,0.027598968587102864
0.54146484375,0.08165271339236108
0.541484375,0.31693893920581806
0.54150390625,0.21975866635833832
0.5415234375,0.2382371941000883
0.54154296875,0.5244438569835831
0.5415625,0.28089483827691575
0.54158203125,0.13426666279049046
0.5416015625,0.19475422732209696
0.54162109375,-0.033920384480675796
0.541640625,-0.14603232019002327
0.54166015625,-0.2511715544672726
0.5416796875,-0.24134343216843665
0.54169921875,0.029065060269293487
0.54171875,0.033295849542538045
0.54173828125,-0.20602071684889844
0.5417578125,-0.48758804378109455
0.54177734375,-0.4824745566296206
0.541796875,-0.10731126078060742
0.54181640625,-0.04708229123688215
0.5418359375,-0.32039810587049544
0.54185546875,-0.5149201866930369
0.541875,-0.6064731170160825
0.54189453125,-0.6418258452863759
0.5419140625,-0.6928096233274292
0.54193359375,-0.6821947853848613
0.541953125,-0.6241527992658519
0.54197265625,-0.5484580625772202
0.5419921875,-0.24735798654356683
0.54201171875,0.02759768696422106
0.54203125,-0.04141124891788356
0.54205078125,-0.0366145269259574
0.5420703125,0.20131980910114317
0.54208984375,0.3110034617603122
0.542109375,0.2547711290327933
0.54212890625,0.15765415538851002
0.5421484375,0.03308541169922315
0.54216796875,-0.17570014010470295
0.5421875,-0.32540847256075645
0.54220703125,-0.3841473951991015
0.5422265625,-0.49777077735145103
0.54224609375,-0.33129647236980403
0.542265625,0.018196633720186105
0.54228515625,0.02525935184987278
0.5423046875,-0.09283205460305509
0.54232421875,-0.07909228688178356
0.54234375,-0.16999343796034583
0.54236328125,-0.24210302655823765
0.5423828125,-0.21552872434452724
0.54240234375,-0.46070830051445705
0.542421875,-0.6659584596514214
0.54244140625,-0.6256677327302012
0.5424609375,-0.44559424125081565
0.54248046875,0.0038826292174161323
0.5425,0.19688606052248964
0.54251953125,0.17357750767722196
0.5425390625,0.35094348762829797
0.54255859375,0.30791081406162696
0.542578125,0.027170191143552874
0.54259765625,-0.12493556603341786
0.5426171875,-0.05793189505573004
0.54263671875,0.073145130867619
0.54265625,0.06063785632170394
0.54267578125,0.10578929524100254
0.5426953125,0.3144258747307054
0.54271484375,0.31619857566805726
0.542734375,0.23398923742806949
0.54275390625,0.42191831281047454
0.5427734375,0.5711340112414134
0.54279296875,0.3418428119491476
0.5428125,-0.18334747180939176
0.54283203125,-0.5299167601011721
0.5428515625,-0.5451801153626017
0.54287109375,-0.605620179518468
0.542890625,-0.7319174432455903
0.54291015625,-0.8692515982407365
0.5429296875,-0.8453975148595911
0.54294921875,-0.5505537985682795
0.54296875,-0.6442126378697104
0.54298828125,-0.9483483403664222
0.5430078125,-0.7360503113540805
0.54302734375,-0.634108326712536
0.543046875,-0.7039358137676784
0.54306640625,-0.4267756231604899
0.5430859375,-0.35354922670180455
0.54310546875,-0.5245653657908823
0.543125,-0.5303206825947222
0.54314453125,-0.30869802816926745
0.5431640625,0.021097611301232062
0.54318359375,-0.0691568854325258
0.543203125,-0.40506427882295815
0.54322265625,-0.2687501985136557
0.5432421875,0.09133602133683896
0.54326171875,0.08777936150176258
0.54328125,-0.27412760239333456
0.54330078125,-0.5030681219250586
0.5433203125,-0.11443721758133556
0.54333984375,0.45744307294141623
0.543359375,0.5227465778182183
0.54337890625,0.35552120228410244
0.5433984375,0.4129706911849253
0.54341796875,0.4887945737027038
0.5434375,0.15164325179941512
0.54345703125,-0.25311425695845735
0.5434765625,-0.2519405822196196
0.54349609375,-0.3605155756331865
0.543515625,-0.6754238266997417
0.54353515625,-0.6483467646315695
0.5435546875,-0.43871262840792047
0.54357421875,-0.5116487185568194
0.54359375,-0.7100424274978543
0.54361328125,-0.6406946888312947
0.5436328125,-0.6584836316000815
0.54365234375,-0.8503118249882515
0.543671875,-0.7926570038559493
0.54369140625,-0.778727457753975
0.5437109375,-0.7388729807582483
0.54373046875,-0.6407565655875039
0.54375,-0.9022720431748176
0.54376953125,-0.9890588932838347
0.5437890625,-0.7650118020001109
0.54380859375,-0.5862435377603105
0.543828125,-0.23844471714929572
0.54384765625,0.05606252715128546
0.5438671875,-0.002801209269464918
0.54388671875,-0.12600862153899414
0.54390625,-0.1385958924847069
0.54392578125,-0.20620417175007594
0.5439453125,-0.3152947305562293
0.54396484375,-0.32312600618682596
0.543984375,-0.36109503974542057
0.54400390625,-0.405712293462693
0.5440234375,-0.3136717088974849
0.54404296875,-0.3917239089987411
0.5440625,-0.7970103753026652
0.54408203125,-1.0078139608980494
0.5441015625,-0.6570305199910842
0.54412109375,-0.30359432322969604
0.544140625,-0.5175279724482174
0.54416015625,-0.7077816026879752
0.5441796875,-0.3567073972108338
0.54419921875,-0.13633447911954494
0.54421875,-0.4084837573287978
0.54423828125,-0.71036521507214
0.5442578125,-0.7272860608883045
0.54427734375,-0.4804566919542441
0.544296875,-0.5020857422527036
0.54431640625,-0.8651572260037819
0.5443359375,-0.7881514646692622
0.54435546875,-0.5056206835990489
0.544375,-0.523007197060711
0.54439453125,-0.3946187407958483
0.5444140625,-0.1717091971645041
0.54443359375,-0.28004396920122965
0.544453125,-0.41830566774828254
0.54447265625,-0.264514979674335
0.5444921875,-0.24557071415280313
0.54451171875,-0.46750725125002845
0.54453125,-0.27418765479950663
0.54455078125,0.2408631964933489
0.5445703125,0.3204534872461049
0.54458984375,0.22004281636830728
0.544609375,0.5485562739078714
0.54462890625,0.6869255480157542
0.5446484375,0.1921941428900374
0.54466796875,-0.13840241313451093
0.5446875,0.01482386537478805
0.54470703125,0.0672858454350265
0.5447265625,-0.04055482729202751
0.54474609375,-0.015446460585776627
0.544765625,-0.11347715488142987
0.54478515625,-0.32929158505498535
0.5448046875,-0.4156924260902821
0.54482421875,-0.529885268616077
0.54484375,-0.5448966793180039
0.54486328125,-0.3249994985270235
0.5448828125,-0.18339502503834867
0.54490234375,-0.13388868489238417
0.544921875,-0.09531728421966687
0.54494140625,-0.2279800735079745
0.5449609375,-0.4195329013708238
0.54498046875,-0.5274204276082164
0.545,-0.5954417524419704
0.54501953125,-0.620645511035215
0.5450390625,-0.6465642846728413
0.54505859375,-0.7482703199047847
0.545078125,-0.8407632468744957
0.54509765625,-0.7529223884759976
0.5451171875,-0.4810299806153711
0.54513671875,-0.2658297009397572
0.54515625,-0.2851149512270717
0.54517578125,-0.38638746168907445
0.5451953125,-0.41876916678943715
0.54521484375,-0.2960665986073696
0.545234375,-0.16181061761711446
0.54525390625,-0.28998167812047354
0.5452734375,-0.40460043121292133
0.54529296875,-0.3964363423634806
0.5453125,-0.457041793172537
0.54533203125,-0.481109578608229
0.5453515625,-0.45420663320532373
0.54537109375,-0.3263349868911083
0.545390625,-0.20487207196818566
0.54541015625,-0.26036848956368613
0.5454296875,-0.19520091847826812
0.54544921875,-0.049724102092760285
0.54546875,-0.10680632645274303
0.54548828125,-0.1945743190032714
0.5455078125,-0.06791500635977443
0.54552734375,0.15536359890645213
0.545546875,0.03650189092808371
0.54556640625,-0.19691206200695768
0.5455859375,0.03427438950723402
0.54560546875,0.33466269136791404
0.545625,0.21350971001920444
0.54564453125,-0.19796233120063667
0.5456640625,-0.46268445020952664
0.54568359375,-0.41490962474789383
0.545703125,-0.4763067632040555
0.54572265625,-0.516664420340433
0.5457421875,-0.27216728931090195
0.54576171875,-0.01798908101932839
0.54578125,0.1339984739951365
0.54580078125,-0.006367863109019621
0.5458203125,-0.22277106842333955
0.54583984375,-0.041794848459571994
0.545859375,0.25783296781842824
0.54587890625,0.2979567577025142
0.5458984375,-0.005584890065612927
0.54591796875,-0.147714808685529
0.5459375,0.3100834500525784
0.54595703125,0.4823743362243074
0.5459765625,0.16885997269386502
0.54599609375,0.291905734367675
0.546015625,0.47500313747297535
0.54603515625,0.26578453815031483
0.5460546875,0.3118804219689578
0.54607421875,0.5203318343694548
0.54609375,0.31546559368436683
0.54611328125,-0.026606126086422842
0.5461328125,-0.14690773151641656
0.54615234375,-0.20099186228033836
0.546171875,-0.29388629608825523
0.54619140625,-0.380162394887071
0.5462109375,-0.40836926143430374
0.54623046875,-0.357425399196182
0.54625,-0.2722971631585986
0.54626953125,-0.20440688218888586
0.5462890625,-0.2005200260019176
0.54630859375,-0.13141794652737482
0.546328125,0.004226468343730144
0.54634765625,0.09259508082659518
0.5463671875,0.1512109227179675
0.54638671875,-0.059920249111181254
0.54640625,-0.18159687037607028
0.54642578125,0.126038393186351
0.5464453125,0.18290821594528078
0.54646484375,0.20596739274165743
0.546484375,0.4781765261609799
0.54650390625,0.4072633808416571
0.5465234375,0.22225803753067244
0.54654296875,0.21385056059602658
0.5465625,0.34134946580533293
0.54658203125,0.5020396720422072
0.5466015625,0.275541067883709
0.54662109375,0.20073889682767854
0.546640625,0.6901014746078393
0.54666015625,0.8562833853163037
0.5466796875,0.7251123356694669
0.54669921875,0.8624765005972723
0.54671875,0.8114403196961981
0.54673828125,0.40869610341423884
0.5467578125,0.1813776765754348
0.54677734375,0.15332293721143253
0.546796875,0.0531133199058136
0.54681640625,-0.07225083988726899
0.5468359375,-0.13755703509750872
0.54685546875,-0.13127256738735765
0.546875,-0.15463005333954946
0.54689453125,-0.21929290089693845
0.5469140625,-0.2603491807354279
0.54693359375,-0.2644355916560171
0.546953125,-0.13636984769150556
0.54697265625,-0.08703200699871445
0.5469921875,-0.09504113413450718
0.54701171875,0.20239278572728212
0.54703125,0.32536018142175305
0.54705078125,-0.1149668045806891
0.5470703125,-0.2183285409622236
0.54708984375,0.2540214036780657
0.547109375,0.2546893201546381
0.54712890625,-0.19637412577768693
0.5471484375,-0.33154301877827663
0.54716796875,-0.1750148124464438
0.5471875,-0.06724069081804435
0.54720703125,-0.1721615204786755
0.5472265625,-0.16769823833707515
0.54724609375,0.24411559660028556
0.547265625,0.575913230834821
0.54728515625,0.41059509128225774
0.5473046875,0.1221040524016245
0.54732421875,0.1954132930084197
0.54734375,0.4961773366791921
0.54736328125,0.6876260622770016
0.5473828125,0.6528939693028248
0.54740234375,0.45120753035354294
0.547421875,0.5569886061377557
0.54744140625,0.9972628399490029
0.5474609375,1.1270104575406115
0.54748046875,0.9519136732278004
0.5475,0.7095919252274037
0.54751953125,0.48028776051715627
0.5475390625,0.3423117560987166
0.54755859375,0.014969563793546678
0.547578125,-0.2372742398717195
0.54759765625,-0.039147439743727676
0.5476171875,0.136276575220329
0.54763671875,0.17219058154166408
0.54765625,0.23179771965775883
0.54767578125,-0.009933791480820534
0.5476953125,-0.27157405501580784
0.54771484375,0.013077679989144768
0.547734375,0.183608287815343
0.54775390625,-0.06495335260276373
0.5477734375,-0.04983933604022883
0.54779296875,0.0007056669391884152
0.5478125,-0.1776883767701307
0.54783203125,-0.13060425381959617
0.5478515625,0.07104824628064857
0.54787109375,-0.008399252704208188
0.547890625,-0.1483609849383804
0.54791015625,0.021732259354697886
0.5479296875,0.09093486960413473
0.54794921875,0.06656654257553335
0.54796875,0.25462071938840114
0.54798828125,0.3102404566639141
0.5480078125,0.28697453650390264
0.54802734375,0.2654910616049767
0.548046875,0.22034561314884682
0.54806640625,0.2882190303974347
0.5480859375,0.32161444868519046
0.54810546875,0.46377148930876655
0.548125,0.6121809888082951
0.54814453125,0.5632374205209051
0.5481640625,0.43239784338426324
0.54818359375,0.22984695741290473
0.548203125,0.3506097850719837
0.54822265625,0.48306547287748686
0.5482421875,0.08905032653145085
0.54826171875,-0.15516850602312593
0.54828125,-0.0035118267214356187
0.54830078125,0.10463667287498704
0.5483203125,-0.03634294776336261
0.54833984375,-0.25276613322344244
0.548359375,-0.18679592609199122
0.54837890625,0.06435404307520992
0.5483984375,0.32572641907571226
0.54841796875,0.3718588394105511
0.5484375,0.16532688570876608
0.54845703125,0.46573433603908415
0.5484765625,1.1042021280646532
0.54849609375,1.1482581691390856
0.548515625,0.814811443742915
0.54853515625,0.5989130361339454
0.5485546875,0.7116212378173781
0.54857421875,0.908943001000653
0.54859375,0.8458267474392347
0.54861328125,0.840100637544671
0.5486328125,0.559658623281734
0.54865234375,0.15959649213925975
0.548671875,0.5595463766751219
0.54869140625,1.0419710938267015
0.5487109375,1.050588348532426
0.54873046875,1.0515247132515693
0.54875,1.009138558721924
0.54876953125,0.8891350606003585
0.5487890625,0.8303818113824655
0.54880859375,0.7400258793588048
0.548828125,0.3588501069202837
0.54884765625,-0.04593115517439694
0.5488671875,0.11963207456172051
0.54888671875,0.41266975585016613
0.54890625,0.23164292167070488
0.54892578125,0.1861205324064158
0.5489453125,0.5658626880942783
0.54896484375,0.5527750422293035
0.548984375,0.13182420017358654
0.54900390625,0.023721792564197184
0.5490234375,0.2124175808378948
0.54904296875,0.4065500484452646
0.5490625,0.34197866052833453
0.54908203125,0.09956710896136636
0.5491015625,0.1360391299398816
0.54912109375,0.15954213912101617
0.549140625,0.009390503769837702
0.54916015625,0.1915770039715206
0.5491796875,0.40710938948705155
0.54919921875,0.162388000799776
0.54921875,0.011599782220781174
0.54923828125,0.37086347581917345
0.5492578125,0.44779534706148755
0.54927734375,0.11363479197116184
0.549296875,0.23898487094528836
0.54931640625,0.46422946084781963
0.5493359375,0.3987208972206033
0.54935546875,0.36769756935270415
0.549375,0.4115988684178329
0.54939453125,0.6585629994723458
0.5494140625,0.7799238481338402
0.54943359375,0.8123095145020733
0.549453125,1.0452034334847335
0.54947265625,0.928095602130645
0.5494921875,0.7007463328443744
0.54951171875,0.7451400985072361
0.54953125,0.8243491992115755
0.54955078125,1.0049681636101355
0.5495703125,1.013609019564931
0.54958984375,0.7424548201119588
0.549609375,0.5504104337009842
0.54962890625,0.4585850880397122
0.5496484375,0.35293174009252337
0.54966796875,0.123688853300628
0.5496875,-0.17058461988166868
0.54970703125,-0.4255137901749081
0.5497265625,-0.5035781971312423
0.54974609375,-0.26414918745764154
0.549765625,-0.1847229120118999
0.54978515625,-0.31406699533616417
0.5498046875,-0.20857517579738283
0.54982421875,-0.22151745622204405
0.54984375,-0.3309501251584797
0.54986328125,-0.21738571536705448
0.5498828125,-0.15626196711162033
0.54990234375,-0.12855554171349634
0.549921875,-0.060018597061039645
0.54994140625,0.036989433711009906
0.5499609375,0.13107616822614176
0.54998046875,0.2561466608160853
0.55,0.5324628862590532
0.55001953125,0.3733746852086591
0.5500390625,-0.03825980740057951
0.55005859375,0.13786248575892068
0.550078125,0.27173000584629164
0.55009765625,0.047983786607859694
0.5501171875,0.11697135352217497
0.55013671875,0.24128498847885646
0.55015625,0.042909881301763625
0.55017578125,-0.14909668952109054
0.5501953125,-0.07370111861722281
0.55021484375,0.14499490163575457
0.550234375,0.270100101868412
0.55025390625,0.22864035621432288
0.5502734375,0.14452798206231793
0.55029296875,0.10014004787160519
0.5503125,0.08452381918163093
0.55033203125,0.04407449887480886
0.5503515625,-0.21244901168213437
0.55037109375,-0.49339175084419995
0.550390625,-0.3849639284066795
0.55041015625,-0.2849311294022511
0.5504296875,-0.390368218850635
0.55044921875,-0.21457332147139427
0.55046875,0.07298181060786713
0.55048828125,0.17877792556072547
0.5505078125,0.27830411315707615
0.55052734375,0.32473623066133017
0.550546875,0.29215592152325326
0.55056640625,0.42495361379244195
0.5505859375,0.550074012563667
0.55060546875,0.3599994393651436
0.550625,0.1534467353074493
0.55064453125,0.038726998244936514
0.5506640625,-0.08933226472983037
0.55068359375,0.010219858129285012
0.550703125,0.22175390692861385
0.55072265625,0.3904957845019764
0.5507421875,0.5768033410472981
0.55076171875,0.5299270660313358
0.55078125,0.14869602368422624
0.55080078125,-0.19769958761168605
0.5508203125,-0.08560157289712693
0.55083984375,0.12103516962232547
0.550859375,-0.10729734136479974
0.55087890625,-0.38120849867900664
0.5508984375,-0.3781243824878778
0.55091796875,-0.19247523006019668
0.5509375,-0.1947061942400824
0.55095703125,-0.4325270198854643
0.5509765625,-0.28919032061783023
0.55099609375,-0.09562085101259613
0.551015625,-0.2135556014942284
0.55103515625,-0.1899560321819924
0.5510546875,-0.07917433400599304
0.55107421875,-0.06297586996423193
0.55109375,-0.28348600580964406
0.55111328125,-0.5919177861264927
0.5511328125,-0.4899367960398697
0.55115234375,-0.21899611225567167
0.551171875,-0.16665520173739629
0.55119140625,-0.3451738802807516
0.5512109375,-0.61091220002611
0.55123046875,-0.46025277709258483
0.55125,-0.014145386914948762
0.55126953125,0.06501244749796802
0.5512890625,-0.14353520802464736
0.55130859375,-0.20503938829632984
0.551328125,-0.024169658868161206
0.55134765625,0.043953836858060785
0.5513671875,-0.14073655885677588
0.55138671875,-0.2504865357152134
0.55140625,-0.2734106664870468
0.55142578125,-0.2182474575409789
0.5514453125,-0.0703192074722074
0.55146484375,-0.10782675045038698
0.551484375,-0.16973692463198503
0.55150390625,0.03314094157158028
0.5515234375,0.18415222543239593
0.55154296875,-0.021023144357321083
0.5515625,-0.33469339851421626
0.55158203125,-0.3489293313829711
0.5516015625,-0.26093472610389484
0.55162109375,-0.34336846029794055
0.551640625,-0.2922711794594529
0.55166015625,-0.30296526019102266
0.5516796875,-0.44011064308273196
0.55169921875,-0.288706705174825
0.55171875,-0.2715180229212524
0.55173828125,-0.4103473910509977
0.5517578125,-0.4597459707228381
0.55177734375,-0.702423242092255
0.551796875,-0.8670554971406954
0.55181640625,-0.9315624770282066
0.5518359375,-0.9715691241382187
0.55185546875,-0.8970276466734508
0.551875,-0.9748220067182888
0.55189453125,-0.8784643471491367
0.5519140625,-0.665409081858052
0.55193359375,-0.6481754946115048
0.551953125,-0.3645133087907129
0.55197265625,-0.17955554667708934
0.5519921875,-0.3174402841693772
0.55201171875,-0.1787756544573386
0.55203125,-0.10600222104326319
0.55205078125,-0.3014480007265076
0.5520703125,-0.28754584735207483
0.55208984375,-0.18929309183481818
0.552109375,-0.243207701241213
0.55212890625,-0.3342356863820869
0.5521484375,-0.4203864420962855
0.55216796875,-0.45753400635306757
0.5521875,-0.4046444303567257
0.55220703125,-0.29805031652169334
0.5522265625,-0.2364602613363677
0.55224609375,-0.45620175725570555
0.552265625,-0.7075003854556677
0.55228515625,-0.5884890332114824
0.5523046875,-0.4847481071950904
0.55232421875,-0.5507974893198776
0.55234375,-0.6395311112328569
0.55236328125,-0.8746854277034326
0.5523828125,-0.8220780321989893
0.55240234375,-0.3634282062176417
0.552421875,-0.04722806741718387
0.55244140625,0.0007651894159830877
0.5524609375,-0.21080879629154103
0.55248046875,-0.42987452194591363
0.5525,-0.47324718585179254
0.55251953125,-0.42530939300777154
0.5525390625,-0.19405970401029873
0.55255859375,-0.13755171320421328
0.552578125,-0.28163902441339694
0.55259765625,-0.11259626989460597
0.5526171875,0.13287463002447875
0.55263671875,0.2273835291237785
0.55265625,0.46875984417195404
0.55267578125,0.6822566474649956
0.5526953125,0.5254425275245911
0.55271484375,0.19191235450344343
0.552734375,-0.031002814751286877
0.55275390625,-0.050671780926683764
0.5527734375,-0.1746334805457302
0.55279296875,-0.47288784000706485
0.5528125,-0.5455664852022423
0.55283203125,-0.5928667585948828
0.5528515625,-0.5238902246549529
0.55287109375,-0.22948003076228607
0.552890625,-0.27056135345274424
0.55291015625,-0.3577903063351341
0.5529296875,-0.3045380012537682
0.55294921875,-0.3402590410747435
0.55296875,-0.3343613572318421
0.55298828125,-0.5646787652254814
0.5530078125,-0.7206750213215694
0.55302734375,-0.45386731936190994
0.553046875,-0.4904129494164396
0.55306640625,-0.6205323094028429
0.5530859375,-0.40179896348650723
0.55310546875,-0.45587955248475626
0.553125,-0.5969195297118373
0.55314453125,-0.5373395526296033
0.5531640625,-0.7022585026672441
0.55318359375,-0.839001757014812
0.553203125,-0.7650135648146907
0.55322265625,-0.5653122899983264
0.5532421875,-0.3353943055677348
0.55326171875,-0.25439771528558935
0.55328125,0.051732395853299085
0.55330078125,0.24987079301263265
0.5533203125,0.037568059333961026
0.55333984375,0.1815910922077157
0.553359375,0.26726639103941957
0.55337890625,-0.09884447774122249
0.5533984375,-0.1540017785610307
0.55341796875,-0.12091734725555009
0.5534375,-0.28249837919234905
0.55345703125,-0.40359710326707965
0.5534765625,-0.6419056841906466
0.55349609375,-0.7506725789952855
0.553515625,-0.6146351212278269
0.55353515625,-0.5047572996504557
0.5535546875,-0.49029441527157647
0.55357421875,-0.6559657937253092
0.55359375,-0.5442168659945155
0.55361328125,-0.007733448209742935
0.5536328125,0.19303628812033902
0.55365234375,0.0067190712497638555
0.553671875,-0.2071416114141803
0.55369140625,-0.26919532625430487
0.5537109375,0.0815858833422224
0.55373046875,0.44917273418503634
0.55375,0.2674783467381128
0.55376953125,-0.16152328789920128
0.5537890625,-0.09788152899852151
0.55380859375,0.43262300388163144
0.553828125,0.5267572095430422
0.55384765625,0.08078016965551482
0.5538671875,-0.10787605281722669
0.55388671875,0.02844060202417746
0.55390625,0.044130834431833806
0.55392578125,-0.05934042797404094
0.5539453125,-0.0845618747226189
0.55396484375,0.0534548534126037
0.553984375,0.19289010622759947
0.55400390625,0.1614077557010285
0.5540234375,0.17443838027748365
0.55404296875,0.27648838343736926
0.5540625,0.3122347205519237
0.55408203125,0.361774818783413
0.5541015625,0.36077424272508635
0.55412109375,0.17351660021284643
0.554140625,-0.10995238622991488
0.55416015625,-0.27827728481417796
0.5541796875,-0.11865629333919366
0.55419921875,0.06425045445071077
0.55421875,-0.11995626771356621
0.55423828125,-0.1643878580991854
0.5542578125,0.14604766065932462
0.55427734375,0.18002605040441397
0.554296875,-0.08219637458819798
0.55431640625,-0.12450700520863225
0.5543359375,0.07850158713952667
0.55435546875,0.11718822458636345
0.554375,-0.03308460429370917
0.55439453125,-0.11503289296208495
0.5544140625,-0.1643097960001416
0.55443359375,-0.04761151547669799
0.554453125,0.1285172810927863
0.55447265625,0.07716882274601845
0.5544921875,0.2680956844935595
0.55451171875,0.6670183416987744
0.55453125,0.5993915616833997
0.55455078125,0.2534158365685611
0.5545703125,0.0776271713214486
0.55458984375,0.1275856911170668
0.554609375,0.3400371202755563
0.55462890625,0.5322488639963834
0.5546484375,0.5599944167041031
0.55466796875,0.5700387987925208
0.5546875,0.7907609086628398
0.55470703125,0.8185941835272598
0.5547265625,0.48654253949060644
0.55474609375,0.41721461762855233
0.554765625,0.41925325046901535
0.55478515625,0.2494165286131026
0.5548046875,0.28028024054530853
0.55482421875,0.26768342507050025
0.55484375,0.1695928159868435
0.55486328125,0.07366751111977604
0.5548828125,-0.21042379248000753
0.55490234375,-0.29776218934106546
0.554921875,-0.2585519637868682
0.55494140625,-0.4118374254887104
0.5549609375,-0.39477216849328156
0.55498046875,-0.2424554655132487
0.555,-0.12858452091626202
0.55501953125,-0.035683138877968756
0.5550390625,-0.10863527011174076
0.55505859375,-0.21825642468842038
0.555078125,-0.25768295465280394
0.55509765625,-0.23516551710212916
0.5551171875,-0.1182719555905426
0.55513671875,-0.11273592615204275
0.55515625,-0.21030470354127923
0.55517578125,-0.21882094977159255
0.5551953125,-0.13990049321961992
0.55521484375,0.13975173575855823
0.555234375,0.27561728029902793
0.55525390625,-0.08540419762039603
0.5552734375,-0.23175085650165456
0.55529296875,0.061894702210201394
0.5553125,0.31437015549742375
0.55533203125,0.3266370598766991
0.5553515625,0.030850935306087915
0.55537109375,0.01112086665365386
0.555390625,0.3331699676091727
0.55541015625,0.16537112589075126
0.5554296875,-0.14849937757758366
0.55544921875,-0.030700376579997992
0.55546875,0.08563223026394412
0.55548828125,0.03283902083341042
0.5555078125,0.07226100465773302
0.55552734375,0.14861477699641007
0.555546875,0.125278837116776
0.55556640625,0.18300852748313354
0.5555859375,0.3324716944987989
0.55560546875,0.249517549741314
0.555625,-0.06485013980523309
0.55564453125,-0.2590156651618294
0.5556640625,-0.2549611728839368
0.55568359375,-0.2647572786944915
0.555703125,-0.21710981910533078
0.55572265625,-0.1168843846239064
0.5557421875,-0.22549199047540583
0.55576171875,-0.34940758893321894
0.55578125,-0.2576992390082602
0.55580078125,-0.0958497001691942
0.5558203125,-0.10148936339959444
0.55583984375,-0.24423630600338178
0.555859375,-0.06746994273993936
0.55587890625,0.17077399094086487
0.5558984375,-0.061764068799746934
0.55591796875,-0.2504513514462336
0.5559375,-0.10801488267916524
0.55595703125,0.2215042242593412
0.5559765625,0.5040455873638724
0.55599609375,0.26407493129981163
0.556015625,0.031593767283162114
0.55603515625,0.2597347095235507
0.5560546875,0.46856894172637725
0.55607421875,0.602774164836757
0.55609375,0.6488055947232138
0.55611328125,0.5957431021057342
0.5561328125,0.4269210903771249
0.55615234375,0.1011258709286178
0.556171875,0.20402904096163407
0.55619140625,0.43360156625729646
0.5562109375,0.0100616141892301
0.55623046875,-0.3796807161292607
0.55625,-0.1474534523279254
0.55626953125,0.10085271387641118
0.5562890625,-0.095279118890981
0.55630859375,-0.33385442857615677
0.556328125,-0.2547860095003049
0.55634765625,-0.13950476377536214
0.5563671875,-0.04250355934724133
0.55638671875,0.13942291452053915
0.55640625,0.23485094221776276
0.55642578125,0.4274183968259253
0.5564453125,0.8031547760182799
0.55646484375,0.9158499014736909
0.556484375,0.7292600097757619
0.55650390625,0.5543239907327107
0.5565234375,0.5210354606394894
0.55654296875,0.679575334555478
0.5565625,0.8158287177469427
0.55658203125,0.7547707786984654
0.5566015625,0.6238404449843105
0.55662109375,0.5951280219488566
0.556640625,0.8548042862087566
0.55666015625,1.1017285536056516
0.5566796875,0.9165650915328407
0.55669921875,0.7314663508272069
0.55671875,0.7972173611264479
0.55673828125,0.6375253469210326
0.5567578125,0.4208920938626043
0.55677734375,0.5647588890720148
0.556796875,0.5564417172745663
0.55681640625,0.2641127290758253
0.5568359375,0.1532205533534703
0.55685546875,0.15512076818156956
0.556875,0.12826055861248772
0.55689453125,0.016513525386323395
0.5569140625,0.05634318313681622
0.55693359375,0.2853540610675508
0.556953125,0.2547353703324301
0.55697265625,0.0650958418015764
0.5569921875,-0.17787794601002493
0.55701171875,-0.23976606995240107
0.55703125,0.013599310864657096
0.55705078125,0.19959895194110153
0.5570703125,0.46877452245996765
0.55708984375,0.519937233719087
0.557109375,0.12331938273218411
0.55712890625,0.06756053253801005
0.5571484375,0.22560101031576585
0.55716796875,0.051793605527706385
0.5571875,-0.06267383717547108
0.55720703125,0.0837062137188301
0.5572265625,0.18720146937685977
0.55724609375,0.14800992000507135
0.557265625,0.1692935234144935
0.55728515625,0.4588138455235168
0.5573046875,0.5234036487178305
0.55732421875,0.15868569478925007
0.55734375,0.10340567539452754
0.55736328125,0.2411269259318362
0.5573828125,0.24347420845460988
0.55740234375,0.44314237849548843
0.557421875,0.49149581352061933
0.55744140625,0.27172833688217923
0.5574609375,0.33349338825671504
0.55748046875,0.49811178717199456
0.5575,0.549917037336695
0.55751953125,0.6031150309896949
0.5575390625,0.6307120613495634
0.55755859375,0.6961291990070884
0.557578125,0.6409282129506658
0.55759765625,0.39869945375962135
0.5576171875,0.150460980032493
0.55763671875,-0.04826215370966993
0.55765625,-0.04955501200312791
0.55767578125,-0.0701427148189579
0.5576953125,-0.3014945442629222
0.55771484375,-0.251832288110155
0.557734375,-0.10254208430569212
0.55775390625,-0.2374563889629543
0.5577734375,-0.12549373724659746
0.55779296875,0.1261751684585506
0.5578125,-0.022399957439095702
0.55783203125,-0.24966857330161363
0.5578515625,-0.16653356454930282
0.55787109375,-0.03426724689118682
0.557890625,-0.1763310559136647
0.55791015625,-0.3170147455289098
0.5579296875,-0.3357475336243968
0.55794921875,-0.51668556407043
0.55796875,-0.47179396277811686
0.55798828125,0.02751925294171865
0.5580078125,0.11581921169112261
0.55802734375,-0.2382955665194209
0.558046875,-0.0778965434286634
0.55806640625,0.33071994860520776
0.5580859375,0.14736699256149693
0.55810546875,-0.26538890341631977
0.558125,-0.09333694028244968
0.55814453125,0.22983940604995542
0.5581640625,0.12858144937640292
0.55818359375,0.16410787298901924
0.558203125,0.21959862116696308
0.55822265625,-0.06773451825650058
0.5582421875,-0.12802824246152422
0.55826171875,0.04279520631755815
0.55828125,0.1303456741625465
0.55830078125,0.24553478389001526
0.5583203125,0.3093053670158843
0.55833984375,0.17738230596307356
0.558359375,-0.13505012315128062
0.55837890625,-0.2989555542411823
0.5583984375,-0.06256407676411306
0.55841796875,0.051524216515930976
0.5584375,-0.14224447695959633
0.55845703125,-0.12022481617005601
0.5584765625,0.02870048591615386
0.55849609375,-0.08484660125944626
0.558515625,-0.1675284090282086
0.55853515625,-0.02922338327945116
0.5585546875,0.048742703611539664
0.55857421875,0.20948804561436435
0.55859375,0.4074408613972099
0.55861328125,0.4043710585355985
0.5586328125,0.4337679657146205
0.55865234375,0.4989050724586457
0.558671875,0.6391679073661798
0.55869140625,0.6778330345023231
0.5587109375,0.2993239791779174
0.55873046875,0.17210354356271312
0.55875,0.4397221484256626
0.55876953125,0.35353856431385466
0.5587890625,0.17856820026522768
0.55880859375,0.3268193028263017
0.558828125,0.3411779284114418
0.55884765625,0.20757551193164994
0.5588671875,0.19120154358173555
0.55888671875,0.1613043289186875
0.55890625,0.11762849233071389
0.55892578125,-0.09405339105051949
0.5589453125,-0.3871695712361801
0.55896484375,-0.42520430124637987
0.558984375,-0.613751268281802
0.55900390625,-0.9895672318823714
0.5590234375,-1.0080550607082315
0.55904296875,-0.7697769606922404
0.5590625,-0.6386880636938015
0.55908203125,-0.5351392304663237
0.5591015625,-0.30018842349402314
0.55912109375,-0.10682258979453389
0.559140625,-0.02285764291352798
0.55916015625,-0.10432356605349487
0.5591796875,-0.2846547368581602
0.55919921875,-0.24598349284335785
0.55921875,-0.11424177900324775
0.55923828125,-0.06541050689664765
0.5592578125,-0.17114653777661554
0.55927734375,-0.19999012490267232
0.559296875,0.140037388668384
0.55931640625,0.23543885098625877
0.5593359375,0.09326956760979961
0.55935546875,0.23041436903514922
0.559375,0.3089301178412276
0.55939453125,0.26933972488847
0.5594140625,0.11187396783299672
0.55943359375,-0.1823843472767628
0.559453125,-0.1964596616549415
0.55947265625,-0.09484235849847421
0.5594921875,-0.10288035555038744
0.55951171875,-0.2379167147194648
0.55953125,-0.5503698263843443
0.55955078125,-0.47883381826430627
0.5595703125,-0.0806203309281782
0.55958984375,-0.11732116587843604
0.559609375,-0.3852060106848421
0.55962890625,-0.45560859093634765
0.5596484375,-0.5310969217749388
0.55966796875,-0.6519641476798372
0.5596875,-0.6768276518038397
0.55970703125,-0.8191938764612751
0.5597265625,-0.9883425480459167
0.55974609375,-0.8010812521409303
0.559765625,-0.5441949577141987
0.55978515625,-0.6078694096080157
0.5598046875,-0.7109099934059653
0.55982421875,-0.36108829439582774
0.55984375,0.10221608832776877
0.55986328125,0.0043200744175039
0.5598828125,-0.30038451195535176
0.55990234375,-0.4482704040675925
0.559921875,-0.5684975759209088
0.55994140625,-0.5811256328826973
0.5599609375,-0.613104080351541
0.55998046875,-0.7366089988213327
0.56,-0.6731724813914219
0.56001953125,-0.4821942844047587
0.5600390625,-0.4986057451303294
0.56005859375,-0.5809518838039827
0.560078125,-0.47599258121325383
0.56009765625,-0.42035571511353753
0.5601171875,-0.445189473726629
0.56013671875,-0.2690873341578291
0.56015625,-0.15100687252644573
0.56017578125,-0.2935212110131362
0.5601953125,-0.3205660278091529
0.56021484375,-0.25712486236651366
0.560234375,-0.26735459600866973
0.56025390625,-0.32961282622823196
0.5602734375,-0.510286897683471
0.56029296875,-0.5265843653153406
0.5603125,-0.43796005133171156
0.56033203125,-0.5937885189591321
0.5603515625,-0.6658611303034736
0.56037109375,-0.619356091488719
0.560390625,-0.7220429609901423
0.56041015625,-0.8045697332181747
0.5604296875,-0.8093853625818337
0.56044921875,-0.6489347523528111
0.56046875,-0.5030210472205031
0.56048828125,-0.6325456954581553
0.5605078125,-0.6102250307243513
0.56052734375,-0.39830637645286743
0.560546875,-0.18373787237211142
0.56056640625,0.0977078380974894
0.5605859375,0.17889048807249225
0.56060546875,0.11479185925893154
0.560625,0.17984008569073687
0.56064453125,0.35682173629931535
0.5606640625,0.44940135801449754
0.56068359375,0.19153882514158124
0.560703125,0.008399354033119553
0.56072265625,0.18293619467011618
0.5607421875,0.1502453502136659
0.56076171875,0.054790383094869895
0.56078125,0.18569803756182918
0.56080078125,0.21327951457079267
0.5608203125,0.2194324431497638
0.56083984375,0.16982930024630716
0.560859375,-0.1458368467059372
0.56087890625,-0.3723953685432713
0.5608984375,-0.26941842696731766
0.56091796875,-0.14694211499903856
0.5609375,-0.20712570165853905
0.56095703125,-0.23058739138533718
0.5609765625,-0.36202905239436217
0.56099609375,-0.6858580693121831
0.561015625,-0.5252833567001652
0.56103515625,-0.18875335874406404
0.5610546875,-0.4991590876400339
0.56107421875,-0.8176311058506256
0.56109375,-0.800954958086596
0.56111328125,-1.038796144302209
0.5611328125,-1.1268158050067394
0.56115234375,-0.6901550269827977
0.561171875,-0.5494308603048287
0.56119140625,-0.6411418985322427
0.5612109375,-0.33904771481129536
0.56123046875,-0.14432715812577984
0.56125,-0.10277679216481701
0.56126953125,0.12524967525143324
0.5612890625,0.15186265624426618
0.56130859375,-0.15647000932632904
0.561328125,-0.3459046605991232
0.56134765625,-0.11178787465299256
0.5613671875,-0.08507137989467986
0.56138671875,-0.5074017399872026
0.56140625,-0.5950955387770465
0.56142578125,-0.3133445670916669
0.5614453125,-0.03456613492259837
0.56146484375,0.0633507382446866
0.561484375,-0.05328483735369957
0.56150390625,-0.04349762117452521
0.5615234375,0.06551448340631519
0.56154296875,0.11863752902195865
0.5615625,0.0859363726891431
0.56158203125,-0.22453781549579813
0.5616015625,-0.5465547524118388
0.56162109375,-0.5856583893161738
0.561640625,-0.5192986812238358
0.56166015625,-0.5769482108589479
0.5616796875,-0.7727973681236189
0.56169921875,-0.6260000264493117
0.56171875,-0.11743576845368456
0.56173828125,0.0613732400740804
0.5617578125,-0.11146796474770361
0.56177734375,-0.08924700149248246
0.561796875,0.06192102821903031
0.56181640625,-0.029044053879358097
0.5618359375,0.04985379971297771
0.56185546875,0.318211277711466
0.561875,0.2350417006878112
0.56189453125,0.1226374274686751
0.5619140625,0.1852167783442638
0.56193359375,0.2279204625783547
0.561953125,0.16870603136498102
0.56197265625,0.06607394046378531
0.5619921875,0.15327534016640296
0.56201171875,0.18142555974834074
0.56203125,0.09277842355043762
0.56205078125,-0.0341477468417037
0.5620703125,-0.3417971737548733
0.56208984375,-0.2702020221082884
0.562109375,0.034686791850235765
0.56212890625,-0.12928290978709894
0.5621484375,-0.30358741227772196
0.56216796875,-0.32589574322920184
0.5621875,-0.39743154023754557
0.56220703125,-0.10047436498513608
0.5622265625,0.23967130213556243
0.56224609375,-0.08563485656976491
0.562265625,-0.4289525203859624
0.56228515625,-0.18643534311754364
0.5623046875,-0.07695725807912183
0.56232421875,-0.33443152559189415
0.56234375,-0.43068531865940385
0.56236328125,-0.3464618396671941
0.5623828125,-0.20466574271895654
0.56240234375,0.09331013035909944
0.562421875,0.20500116404401186
0.56244140625,-0.1254416170554953
0.5624609375,-0.17632300082536825
0.56248046875,0.12685878399986308
0.5625,0.1984775557996196
0.56251953125,0.15961261988662162
0.5625390625,-0.0025532359611146315
0.56255859375,-0.0021830220258702154
0.562578125,0.32836699605687203
0.56259765625,0.3734471274805995
0.5626171875,0.3225297807448962
0.56263671875,0.48698394599059347
0.56265625,0.6050952990907033
0.56267578125,0.6948613579909794
0.5626953125,0.8176144070727769
0.56271484375,0.8167481581745438
0.562734375,0.5714586279910963
0.56275390625,0.25806725405062236
0.5627734375,0.21185254862772748
0.56279296875,0.4542217229962641
0.5628125,0.46505348049410594
0.56283203125,0.13381997274578877
0.5628515625,0.12663395225476326
0.56287109375,0.29069172028095386
0.562890625,0.06074749559262686
0.56291015625,-0.12111055617143524
0.5629296875,0.006190112811739485
0.56294921875,0.0025469228159860358
0.56296875,-0.15947159657062715
0.56298828125,-0.25095040404322677
0.5630078125,-0.35574481926733237
0.56302734375,-0.4700181748116002
0.563046875,-0.4345520315397772
0.56306640625,-0.22672054493536697
0.5630859375,0.1007413558281911
0.56310546875,0.16167226929399853
0.563125,-0.2599182625066708
0.56314453125,-0.4562399238600381
0.5631640625,-0.12418867329723327
0.56318359375,0.10551067803807601
0.563203125,-0.0039078845383082456
0.56322265625,-0.186443199593357
0.5632421875,-0.0329679254006319
0.56326171875,0.3831539622284119
0.56328125,0.45227595629399897
0.56330078125,0.31019613217185055
0.5633203125,0.1675972038731604
0.56333984375,0.021959783695457848
0.563359375,0.24181415876994428
0.56337890625,0.43578523803958535
0.5633984375,0.1746164904028149
0.56341796875,-0.12015530387637126
0.5634375,-0.1315850516713469
0.56345703125,0.1066239613323979
0.5634765625,0.24142617628061486
0.56349609375,0.13101579428766202
0.563515625,-0.028680343969236743
0.56353515625,-0.14140439882169933
0.5635546875,0.04378096577884927
0.56357421875,0.4516346435956604
0.56359375,0.6648831689696727
0.56361328125,0.6074103137896348
0.5636328125,0.32108207462135807
0.56365234375,0.026987432165333614
0.563671875,-0.1652538427499072
0.56369140625,-0.3550055182345986
0.5637109375,-0.34086125819956486
0.56373046875,-0.1851516243889913
0.56375,-0.11596263876089369
0.56376953125,-0.16827031359089395
0.5637890625,-0.2779188644859477
0.56380859375,-0.20044714368196898
0.563828125,-0.07445114708322567
0.56384765625,-0.11381708934790652
0.5638671875,-0.13296422370345423
0.56388671875,0.02454875720376118
0.56390625,0.19231902092272013
0.56392578125,0.11829477983245655
0.5639453125,0.25150532420456656
0.56396484375,0.6471924823144168
0.563984375,0.40584102471192535
0.56400390625,-0.1378859853882938
0.5640234375,-0.012276090536833886
0.56404296875,0.5116362924936027
0.5640625,0.661382728808174
0.56408203125,0.3980246519351689
0.5641015625,0.397890117738354
0.56412109375,0.44642249708759496
0.564140625,0.03474029437126051
0.56416015625,-0.14656664685816181
0.5641796875,0.08246857612361554
0.56419921875,0.1170143549153018
0.56421875,-0.13455443387963423
0.56423828125,-0.25538602461741483
0.5642578125,0.1442634985581062
0.56427734375,0.49052636268846694
0.564296875,0.2772156081302103
0.56431640625,0.101790516736125
0.5643359375,0.08073733694929662
0.56435546875,0.09054346050984788
0.564375,0.26039581280660323
0.56439453125,0.17069502225082248
0.5644140625,-0.04038665863092397
0.56443359375,-0.01277524402511156
0.564453125,0.045509679172269654
0.56447265625,0.14423299313408475
0.5644921875,0.18812449653877333
0.56451171875,0.2624009153652218
0.56453125,0.5107498781471216
0.56455078125,0.5776787156536382
0.5645703125,0.4972810215945193
0.56458984375,0.4964312600200901
0.564609375,0.461176736119993
0.56462890625,0.4125870819522332
0.5646484375,0.5354219291110168
0.56466796875,0.7945053769425774
0.5646875,0.87130596981005
0.56470703125,0.6824166839816004
0.5647265625,0.6696730811788911
0.56474609375,0.883239605209388
0.564765625,0.7385180173593275
0.56478515625,0.27586360795006654
0.5648046875,0.1571642323967696
0.56482421875,0.2972210784610199
0.56484375,0.17736076155958494
0.56486328125,0.0767860070847946
0.5648828125,0.13593127635731012
0.56490234375,0.07490989602941073
0.564921875,0.10026925506497264
0.56494140625,0.2044603149930645
0.5649609375,0.28374428006775254
0.56498046875,0.23247113417179685
0.565,0.007355891645948492
0.56501953125,0.07745853829780411
0.5650390625,0.20035579330574757
0.56505859375,0.12807377845615064
0.565078125,0.16234832253415798
0.56509765625,0.030877561186813722
0.5651171875,-0.1588664111417274
0.56513671875,-0.059254688292345696
0.56515625,0.07845103170693651
0.56517578125,0.05593652610669898
0.5651953125,-0.03638576685993965
0.56521484375,0.03393966675410155
0.565234375,0.055818061299656996
0.56525390625,-0.21982975612918715
0.5652734375,-0.1584371335556929
0.56529296875,0.19783375911451628
0.5653125,0.03456152764386729
0.56533203125,-0.18142181128108714
0.5653515625,0.1256567496591906
0.56537109375,0.5447710284406494
0.565390625,0.6579242996669065
0.56541015625,0.399020890285011
0.5654296875,0.2673250274886593
0.56544921875,0.2905452529321896
0.56546875,0.0165892248093725
0.56548828125,-0.06691375224754559
0.5655078125,0.25877645434596985
0.56552734375,0.41018374834158433
0.565546875,0.37897337148121735
0.56556640625,0.3535964285355766
0.5655859375,0.3051802118588115
0.56560546875,0.4009787232161288
0.565625,0.37256254941184475
0.56564453125,0.1418449154150325
0.5656640625,0.22174503026921605
0.56568359375,0.18844943095322206
0.565703125,-0.033136531566475426
0.56572265625,0.0373072771680527
0.5657421875,-0.09201301942664203
0.56576171875,-0.22135762049318103
0.56578125,-0.16881903832565806
0.56580078125,-0.42389419243247384
0.5658203125,-0.44730029276045385
0.56583984375,-0.26398225681769755
0.565859375,-0.33170231785030363
0.56587890625,-0.17936624746305346
0.5658984375,-0.03358415669398444
0.56591796875,-0.09869572649981828
0.5659375,-0.022744004571813137
0.56595703125,-0.11269038698170131
0.5659765625,-0.09991499736372864
0.56599609375,0.1677082684559345
0.566015625,0.11756734552899951
0.56603515625,0.05017717975175543
0.5660546875,-0.0642518168673605
0.56607421875,-0.23419592442708284
0.56609375,0.01092077325740978
0.56611328125,0.032624202161751936
0.5661328125,-0.04074981565552005
0.56615234375,0.27120330947982124
0.566171875,0.14313813209473403
0.56619140625,-0.21874612408476896
0.5662109375,-0.22743513169572382
0.56623046875,-0.026089995529568352
0.56625,0.34302457121140223
0.56626953125,0.23210085282583176
0.5662890625,-0.21343149624074587
0.56630859375,-0.21559050571957192
0.566328125,-0.13287953789555554
0.56634765625,0.02507130374833195
0.5663671875,-0.024968943002607075
0.56638671875,-0.5636328460769698
0.56640625,-0.5732821519583694
0.56642578125,-0.23066596037439113
0.5664453125,-0.15569003761709113
0.56646484375,-0.12099780738036046
0.566484375,-0.10936212246904786
0.56650390625,0.08672113550304238
0.5665234375,0.19039414064762986
0.56654296875,0.03109450435869623
0.5665625,0.09684855606701784
0.56658203125,0.24232818704075348
0.5666015625,0.30997685994556246
0.56662109375,0.2812998010294956
0.566640625,0.3415428449776172
0.56666015625,0.7370987718653518
0.5666796875,0.7742300762844756
0.56669921875,0.44249807676136
0.56671875,0.5741268993437955
0.56673828125,0.7758564695447249
0.5667578125,0.4811205414854467
0.56677734375,0.21600299726154093
0.566796875,0.22594342876578416
0.56681640625,0.1431459537281618
0.5668359375,-0.04189942340441285
0.56685546875,-0.1967288082128139
0.566875,-0.27484586245076187
0.56689453125,-0.29166121424513297
0.5669140625,-0.33512629167580354
0.56693359375,-0.41646513034052646
0.566953125,-0.5478227869847883
0.56697265625,-0.5126695934863796
0.5669921875,-0.276391003467533
0.56701171875,-0.11371065928156635
0.56703125,-0.03276711665757845
0.56705078125,-0.10838996780014197
0.5670703125,-0.3326495141579432
0.56708984375,-0.44369399117774266
0.567109375,-0.3903052927414156
0.56712890625,-0.4470675891205028
0.5671484375,-0.665164185541082
0.56716796875,-0.5663993025989903
0.5671875,-0.24715471032353878
0.56720703125,-0.14895178549272586
0.5672265625,-0.17967875991348278
0.56724609375,-0.220007078944784
0.567265625,-0.2596157589630669
0.56728515625,-0.29021380630363003
0.5673046875,-0.0774790723765559
0.56732421875,0.32545167837046274
0.56734375,0.3552196181235029
0.56736328125,0.14924758298504875
0.5673828125,0.09666384011060707
0.56740234375,-0.024397875143763542
0.567421875,-0.34186914406430896
0.56744140625,-0.5822001882479548
0.5674609375,-0.5170462368570194
0.56748046875,-0.37002618291405953
0.5675,-0.43965565979786136
0.56751953125,-0.5442502249260416
0.5675390625,-0.32144313274452696
0.56755859375,0.0646057050411545
0.567578125,0.0051082685040472475
0.56759765625,-0.2778381442065461
0.5676171875,-0.12638234810162421
0.56763671875,-0.020138552153027303
0.56765625,-0.426870379921048
0.56767578125,-0.8131658392284667
0.5676953125,-0.9464945195087786
0.56771484375,-0.8739356190918883
0.567734375,-0.5746286559155515
0.56775390625,-0.4922759822583801
0.5677734375,-0.6337260946411976
0.56779296875,-0.6061019471208311
0.5678125,-0.4853293587324262
0.56783203125,-0.2777709045047816
0.5678515625,-0.22121895511003753
0.56787109375,-0.324568224856435
0.567890625,-0.04094408874169578
0.56791015625,0.1350045539064254
0.5679296875,-0.24156371925933112
0.56794921875,-0.3671630132943808
0.56796875,-0.08386649675249394
0.56798828125,-0.013819654493585139
0.5680078125,-0.2323555339342665
0.56802734375,-0.5465333853484697
0.568046875,-0.6272500740739249
0.56806640625,-0.3645862599900915
0.5680859375,-0.28705722386151905
0.56810546875,-0.32169608158136337
0.568125,-0.17685935755771082
0.56814453125,-0.18643668695240134
0.5681640625,-0.13901902597462926
0.56818359375,-0.10461514601368443
0.568203125,-0.5080030145921319
0.56822265625,-0.5411417523765004
0.5682421875,-0.21511179137089115
0.56826171875,-0.4108589730990665
0.56828125,-0.6791897890754099
0.56830078125,-0.5921883040868043
0.5683203125,-0.3547242290151756
0.56833984375,-0.2285888628809662
0.568359375,-0.32253756420596014
0.56837890625,-0.3498383518978886
0.5683984375,-0.26756003884321283
0.56841796875,-0.28747680751115234
0.5684375,-0.3810396348927391
0.56845703125,-0.3568561317326589
0.5684765625,-0.3469595318105282
0.56849609375,-0.5081022880094106
0.568515625,-0.5305799933729942
0.56853515625,-0.48766529866313246
0.5685546875,-0.560723882570383
0.56857421875,-0.5773770505875769
0.56859375,-0.5432885804561817
0.56861328125,-0.26846634743875986
0.5686328125,0.057266858641144044
0.56865234375,0.2315837904683575
0.568671875,0.6061173730949865
0.56869140625,0.8253700730425765
0.5687109375,0.7328666745484943
0.56873046875,0.46106608013839506
0.56875,-0.0010885916795788132
0.56876953125,-0.13313331199319164
0.5687890625,-0.05411908405552319
0.56880859375,-0.17357788792187778
0.568828125,-0.4239491575227129
0.56884765625,-0.6807943845149155
0.5688671875,-0.6794875292340068
0.56888671875,-0.5036638143871565
0.56890625,-0.419793816650027
0.56892578125,-0.37664115105690854
0.5689453125,-0.2899817055162305
0.56896484375,-0.36127891815634827
0.568984375,-0.4678996273744163
0.56900390625,-0.17299906396501655
0.5690234375,-0.06640101855825004
0.56904296875,-0.5013622465961052
0.5690625,-0.7242619165751173
0.56908203125,-0.7146122126340991
0.5691015625,-0.7495140967013818
0.56912109375,-0.6967946910546982
0.569140625,-0.6670051013266647
0.56916015625,-0.5103261879187049
0.5691796875,-0.17138312331799818
0.56919921875,-0.1043015415912217
0.56921875,-0.16197182267100374
0.56923828125,-0.004035911206401142
0.5692578125,0.17503272307287415
0.56927734375,0.22964168126340107
0.569296875,0.10331458678222577
0.56931640625,-0.3035684934278514
0.5693359375,-0.7010041925323034
0.56935546875,-0.5083466041306506
0.569375,-0.13408777848767378
0.56939453125,-0.2402560844413298
0.5694140625,-0.30231024029560427
0.56943359375,-0.1660290986129306
0.569453125,-0.07549385146989379
0.56947265625,0.06996391757255715
0.5694921875,0.05162401556071104
0.56951171875,-0.006614581608690323
0.56953125,0.011520838181639455
0.56955078125,-0.031159202348612754
0.5695703125,0.06148806886957582
0.56958984375,0.11035569971679744
0.569609375,-0.01962363386614968
0.56962890625,-0.14890493146366435
0.5696484375,-0.21414322792795226
0.56966796875,-0.10094578104118704
0.5696875,-0.005242085953238294
0.56970703125,0.014199157323736012
0.5697265625,0.1393938364671806
0.56974609375,0.2184034658565126
0.569765625,0.18267990715430926
0.56978515625,-0.022238185453615347
0.5698046875,-0.1811234323714728
0.56982421875,0.012488430788952058
0.56984375,0.11549180612709914
0.56986328125,-0.13573853792232798
0.5698828125,-0.29311045059271634
0.56990234375,-0.06704498639352419
0.569921875,0.027769257587627036
0.56994140625,-0.22660940914420777
0.5699609375,-0.1411452681262302
0.56998046875,0.13069386400019517
0.57,0.1706534960555006
0.57001953125,0.2652643183434628
0.5700390625,0.3787597133099859
0.57005859375,0.4769642108342055
0.570078125,0.4721668355917252
0.57009765625,0.21240199410295033
0.5701171875,0.08246174440096074
0.57013671875,0.14394672188264931
0.57015625,0.1240960071589696
0.57017578125,0.10385906951963057
0.5701953125,0.1105281031574301
0.57021484375,-0.07832513568270374
0.570234375,-0.2595341040928163
0.57025390625,-0.05423653363732735
0.5702734375,0.15698599249770406
0.57029296875,0.0927223550152418
0.5703125,-0.011211702488772847
0.57033203125,-0.0929749903467352
0.5703515625,-0.14486332826947193
0.57037109375,-0.09198144406716335
0.570390625,0.08829628153982352
0.57041015625,0.23284491052420744
0.5704296875,0.190267224534006
0.57044921875,0.08777823903931829
0.57046875,0.2209973630168771
0.57048828125,0.4057292107036905
0.5705078125,0.31818719828336944
0.57052734375,0.3708151077031966
0.570546875,0.6085051374364757
0.57056640625,0.7784618253814397
0.5705859375,0.9154866408727491
0.57060546875,0.7479800359119217
0.570625,0.6209930195520502
0.57064453125,0.805081562214473
0.5706640625,0.692676019209471
0.57068359375,0.47205515834048317
0.570703125,0.5207862927944674
0.57072265625,0.5135649182635199
0.5707421875,0.2961091145015537
0.57076171875,0.14588659617888872
0.57078125,0.34772811665939085
0.57080078125,0.45027605164805373
0.5708203125,0.1456449773475175
0.57083984375,-0.05082582050494899
0.570859375,-0.09991715099526036
0.57087890625,-0.1968627403581094
0.5708984375,-0.23543259054713803
0.57091796875,-0.19885954965437974
0.5709375,0.0023663563618818925
0.57095703125,0.15886768118433722
0.5709765625,0.11122747289414565
0.57099609375,0.13020803052359603
0.571015625,0.1602646884554313
0.57103515625,0.07526043085022613
0.5710546875,-0.10559661883493676
0.57107421875,-0.1890803516765108
0.57109375,-0.03851899253715912
0.57111328125,0.06512662368055111
0.5711328125,0.1436736693016066
0.57115234375,0.05338404410653491
0.571171875,-0.3238048524177653
0.57119140625,-0.2558589328130207
0.5712109375,0.22539175156570362
0.57123046875,0.4208831349440798
0.57125,0.2596807230498609
0.57126953125,0.02110587123409794
0.5712890625,0.12637123484422633
0.57130859375,0.410900544406541
0.571328125,0.5521045548614982
0.57134765625,0.5768791060848493
0.5713671875,0.26749445088607887
0.57138671875,0.1931043137835397
0.57140625,0.6672586051308562
0.57142578125,0.70300296283806
0.5714453125,0.2781956724173986
0.57146484375,0.15067663979635626
0.571484375,0.40459197325455665
0.57150390625,0.526853244612786
0.5715234375,0.2519336489526971
0.57154296875,0.07082788842279492
0.5715625,0.09377572458089817
0.57158203125,0.12018784818924935
0.5716015625,0.16166164610192724
0.57162109375,0.11306417142381284
0.571640625,0.09433104880561097
0.57166015625,0.044619764640758605
0.5716796875,-0.10963148163245401
0.57169921875,-0.080918827798532
0.57171875,0.016130792892670973
0.57173828125,0.15420122248874443
0.5717578125,0.3403030659605385
0.57177734375,0.1842798145307524
0.571796875,-0.009981429498742339
0.57181640625,0.06661025671997677
0.5718359375,-0.0005311417453028565
0.57185546875,-0.06974059566323189
0.571875,0.09988855650239255
0.57189453125,0.22769353170455076
0.5719140625,0.24961615838537515
0.57193359375,0.17414721574920755
0.571953125,0.14055367069396216
0.57197265625,0.3148993691544118
0.5719921875,0.39182069120408053
0.57201171875,0.4672398482007615
0.57203125,0.7318738666340547
0.57205078125,0.7049038123709898
0.5720703125,0.5057646940370928
0.57208984375,0.6154269774392787
0.572109375,0.7797475522719286
0.57212890625,0.5916585050893208
0.5721484375,0.31362097839326164
0.57216796875,0.3528945803924843
0.5721875,0.3852740140189076
0.57220703125,0.3932829891265732
0.5722265625,0.5416381633557542
0.57224609375,0.394352083379445
0.572265625,0.13690390814660064
0.57228515625,0.2609672778776299
0.5723046875,0.45949735448081797
0.57232421875,0.31539602064588373
0.57234375,0.2070900071831956
0.57236328125,0.45056373786794407
0.5723828125,0.40941065241876723
0.57240234375,0.12964964963071687
0.572421875,0.2973311966249553
0.57244140625,0.3787018750661483
0.5724609375,0.20229006640083153
0.57248046875,0.4271200427828894
0.5725,0.6110520524910925
0.57251953125,0.47351820841542136
0.5725390625,0.6189283661024406
0.57255859375,0.9170421211698678
0.572578125,0.9333391136934014
0.57259765625,0.9166418104716185
0.5726171875,0.9528615003277452
0.57263671875,0.8955295628329625
0.57265625,0.9148314407546645
0.57267578125,0.9373768660577069
0.5726953125,0.990910364163936
0.57271484375,1.0721164726566919
0.572734375,0.9813757619787093
0.57275390625,1.031070191306701
0.5727734375,1.0481277639395359
0.57279296875,0.8444633307000187
0.5728125,0.7238421114553698
0.57283203125,0.5313771626663509
0.5728515625,0.4616103213341802
0.57287109375,0.5793972010949527
0.572890625,0.33476649469954195
0.57291015625,-0.1318796917381789
0.5729296875,-0.21778579129120973
0.57294921875,0.06013662671550928
0.57296875,0.13928631508768743
0.57298828125,0.011349417407570273
0.5730078125,-0.0027915817203014864
0.57302734375,-0.11640871905773369
0.573046875,-0.2957326083295885
0.57306640625,-0.2116003702708503
0.5730859375,-0.03444533840185446
0.57310546875,0.006245296946040875
0.573125,0.0789671472400292
0.57314453125,0.1827345078790107
0.5731640625,0.1618196199961615
0.57318359375,0.2315371048020392
0.573203125,0.3826812729332173
0.57322265625,0.41241459985564677
0.5732421875,0.4546091774651697
0.57326171875,0.5515423783263447
0.57328125,0.6285573651205367
0.57330078125,0.6235046842432713
0.5733203125,0.46967108869873375
0.57333984375,0.31262175133267656
0.573359375,0.4091852178569216
0.57337890625,0.5927603627589684
0.5733984375,0.512801695922946
0.57341796875,0.4102688443561666
0.5734375,0.38933921334206784
0.57345703125,0.14953550023004653
0.5734765625,-0.18154681826689553
0.57349609375,-0.2761502842564907
0.573515625,0.008871257989977704
0.57353515625,0.3219539819027059
0.5735546875,0.27459556133063323
0.57357421875,0.2552405528345436
0.57359375,0.472673193651037
0.57361328125,0.5221089591763591
0.5736328125,0.43583596388887746
0.57365234375,0.49769842288317223
0.573671875,0.6095583533937415
0.57369140625,0.5747846120401646
0.5737109375,0.2836568044966008
0.57373046875,-0.016211675537594977
0.57375,-0.0032293369347390286
0.57376953125,0.04314849878004612
0.5737890625,-0.16433802268451225
0.57380859375,-0.3118015868317895
0.573828125,-0.21211457109763676
0.57384765625,-0.14129468882327786
0.5738671875,-0.02782410980495286
0.57388671875,0.14075296809204504
0.57390625,0.01125408009125032
0.57392578125,-0.0937763725346126
0.5739453125,0.07222412315528101
0.57396484375,0.0571895349491935
0.573984375,-0.18447178239670475
0.57400390625,-0.2804846673523907
0.5740234375,0.021519289653583643
0.57404296875,0.3215643022561448
0.5740625,0.13802902776594725
0.57408203125,0.12428818573668114
0.5741015625,0.38125603458438945
0.57412109375,0.32010229484844394
0.574140625,0.26872567071537273
0.57416015625,0.17218215194589243
0.5741796875,-0.01219086103851542
0.57419921875,-0.01884557514176058
0.57421875,-0.23885675345539287
0.57423828125,-0.2659080105255862
0.5742578125,0.008897087979212258
0.57427734375,-0.16642114273140074
0.574296875,-0.24728722043357865
0.57431640625,-0.04797392870641861
0.5743359375,-0.14226417349830514
0.57435546875,-0.25224166927128416
0.574375,-0.2922305849658009
0.57439453125,-0.14154472713488211
0.5744140625,0.27565863756725817
0.57443359375,0.3618719542801505
0.574453125,0.10372429665361678
0.57447265625,-0.08788100122014907
0.5744921875,0.06027021728538952
0.57451171875,0.40492417733328673
0.57453125,0.3293534021481689
0.57455078125,-0.07619539631167363
0.5745703125,-0.11082785968562142
0.57458984375,0.28591567536650864
0.574609375,0.43055827263593976
0.57462890625,0.2570276908176289
0.5746484375,0.25373681608428744
0.57466796875,0.30028460999110074
0.5746875,0.45127790792559225
0.57470703125,0.808131380488136
0.5747265625,0.84783978214144
0.57474609375,0.5668264729201357
0.574765625,0.39196566804201416
0.57478515625,0.2713594742556089
0.5748046875,0.15365412008763105
0.57482421875,0.23489539804389956
0.57484375,0.3765804462286777
0.57486328125,0.18957158503484692
0.5748828125,-0.17196248086451288
0.57490234375,-0.09823186521980873
0.574921875,0.17308351922659282
0.57494140625,-0.1095519015975869
0.5749609375,-0.46785160793660385
0.57498046875,-0.30580516783859724
0.575,-0.08107209296647488
0.57501953125,-0.04834476395019274
0.5750390625,-0.258402329038926
0.57505859375,-0.5868990199176486
0.575078125,-0.5634157035799334
0.57509765625,-0.4342449787555437
0.5751171875,-0.5391064616833693
0.57513671875,-0.4422672130766575
0.57515625,-0.17677313438259634
0.57517578125,-0.24775400832771677
0.5751953125,-0.3714808140181656
0.57521484375,-0.17698799508316587
0.575234375,0.03312160225274799
0.57525390625,-0.029598834878353422
0.5752734375,-0.19601629666081527
0.57529296875,-0.0533267084299889
0.5753125,0.3029488802412814
0.57533203125,0.347134896578889
0.5753515625,0.07754342918187668
0.57537109375,-0.12336661229598607
0.575390625,-0.04953365842463558
0.57541015625,0.1438756515596625
0.5754296875,-0.07153722974906904
0.57544921875,-0.6200005711990488
0.57546875,-0.7190613896501203
0.57548828125,-0.5324784268215096
0.5755078125,-0.5782726159222824
0.57552734375,-0.525039842209047
0.575546875,-0.3952985315405083
0.57556640625,-0.4344628921376432
0.5755859375,-0.35652781677962625
0.57560546875,-0.1548902256020081
0.575625,-0.08389685370264358
0.57564453125,-0.14556508542278354
0.5756640625,-0.2572802154611362
0.57568359375,-0.5171324214328031
0.575703125,-0.7540455477579225
0.57572265625,-0.5659756597326762
0.5757421875,-0.5310538151171775
0.57576171875,-0.8720950344061984
0.57578125,-0.7461940877140876
0.57580078125,-0.5898125495076849
0.5758203125,-0.9066881419020215
0.57583984375,-0.9261825079390559
0.575859375,-0.6253842920262058
0.57587890625,-0.6312522386936363
0.5758984375,-0.850026196286459
0.57591796875,-0.868097494899069
0.5759375,-0.8173189664199569
0.57595703125,-0.92553054918653
0.5759765625,-0.8438020924614129
0.57599609375,-0.40252813589763103
0.576015625,-0.23036801653372044
0.57603515625,-0.5249156429287702
0.5760546875,-0.5256923440966381
0.57607421875,-0.12641813444470132
0.57609375,0.03483879321128765
0.57611328125,-0.09092491472742449
0.5761328125,-0.22777594431399298
0.57615234375,-0.3706204939604144
0.576171875,-0.47341805450318264
0.57619140625,-0.49739269284088417
0.5762109375,-0.4544906062427907
0.57623046875,-0.25693632396765226
0.57625,-0.05731149499792433
0.57626953125,-0.1273434783131846
0.5762890625,-0.40403933055037955
0.57630859375,-0.4045814522621443
0.576328125,-0.23051749012754214
0.57634765625,-0.4399962062845192
0.5763671875,-0.5066833517325537
0.57638671875,-0.3612348111001369
0.57640625,-0.5166215540923282
0.57642578125,-0.545525751987382
0.5764453125,-0.5800923301165894
0.57646484375,-0.7163551798435894
0.576484375,-0.4971543084672879
0.57650390625,-0.10551384817169168
0.5765234375,0.297789868346538
0.57654296875,0.4470050230505156
0.5765625,0.38976194200258185
0.57658203125,0.6749793935329267
0.5766015625,0.7895978456420125
0.57662109375,0.3473015667000202
0.576640625,0.027943905136240167
0.57666015625,0.04622324411288324
0.5766796875,0.38947387365296665
0.57669921875,0.7287848065823244
0.57671875,0.4054340927443272
0.57673828125,-0.04231046150524041
0.5767578125,-0.13072151653781552
0.57677734375,-0.10496209757300726
0.576796875,-0.0417804983850702
0.57681640625,-0.2615011337316894
0.5768359375,-0.47929090603620095
0.57685546875,-0.3822792947113975
0.576875,-0.40443917474313235
0.57689453125,-0.3985773944042438
0.5769140625,-0.40454984934204163
0.57693359375,-0.6537241072205328
0.576953125,-0.8129292901055529
0.57697265625,-0.8425281816052036
0.5769921875,-0.833751438263797
0.57701171875,-0.9181432226121964
0.57703125,-0.9448037152602896
0.57705078125,-0.6638337117711163
0.5770703125,-0.5690781442579997
0.57708984375,-0.633731137845059
0.577109375,-0.5498929945524914
0.57712890625,-0.5552942960478411
0.5771484375,-0.5053891291342746
0.57716796875,-0.4069921800270871
0.5771875,-0.4444917856442921
0.57720703125,-0.3702345747853345
0.5772265625,-0.20262633687726578
0.57724609375,-0.16005192058610435
0.577265625,-0.20474918256861924
0.57728515625,-0.21520693760060117
0.5773046875,-0.233176936303932
0.57732421875,-0.41684294434579255
0.57734375,-0.5679661542116989
0.57736328125,-0.4990885028922992
0.5773828125,-0.45731761156686235
0.57740234375,-0.4068528192603603
0.577421875,-0.2564289710650889
0.57744140625,-0.28328653939145
0.5774609375,-0.4411496112121567
0.57748046875,-0.27077232631825876
0.5775,0.023552761023272
0.57751953125,-0.2963161941582385
0.5775390625,-0.49120753298695535
0.57755859375,0.07438403282063308
0.577578125,0.1111642751856604
0.57759765625,-0.4770369657972243
0.5776171875,-0.6433260332949153
0.57763671875,-0.3667588278537311
0.57765625,-0.08019960610212126
0.57767578125,-0.23268697718779857
0.5776953125,-0.46199512217341354
0.57771484375,-0.16411252059600434
0.577734375,0.23078637011206035
0.57775390625,0.31603092282377554
0.5777734375,0.14774789596004773
0.57779296875,-0.07858808181446239
0.5778125,-0.15726666991685553
0.57783203125,-0.15214383535060813
0.5778515625,-0.11432850666053057
0.57787109375,-0.17543805471643392
0.577890625,-0.4266193314872675
0.57791015625,-0.5052830772652885
0.5779296875,-0.41118742154258214
0.57794921875,-0.3286236740192568
0.57796875,-0.05816587636960625
0.57798828125,0.13781411138520974
0.5780078125,0.13177017641870586
0.57802734375,0.2262148395728155
0.578046875,0.31210744685086844
0.57806640625,0.32524673695167095
0.5780859375,0.21119405363717242
0.57810546875,-0.014717616019222307
0.578125,0.03446222458119291
0.57814453125,0.1559721298521785
0.5781640625,0.006696122408096576
0.57818359375,-0.0347393671957665
0.578203125,0.04089023846320751
0.57822265625,0.11209802414789427
0.5782421875,0.30733720043994583
0.57826171875,0.22086098926656397
0.57828125,-0.026308632209849702
0.57830078125,-0.005577940809804432
0.5783203125,0.012700840515029312
0.57833984375,0.06581171075420639
0.578359375,0.1848413131506616
0.57837890625,0.03266356525765955
0.5783984375,-0.2673056367916958
0.57841796875,-0.20905266178276943
0.5784375,0.23527448733898765
0.57845703125,0.4061792246115606
0.5784765625,0.15347173102218645
0.57849609375,-0.00217952338002933
0.578515625,0.12174887673842304
0.57853515625,0.2806887981222426
0.5785546875,0.4664948250814356
0.57857421875,0.7656458171354834
0.57859375,0.739683690096282
0.57861328125,0.421882970063186
0.5786328125,0.27331053402184524
0.57865234375,0.2749242299754031
0.578671875,0.3975216581830874
0.57869140625,0.5031731167135496
0.5787109375,0.5475465018256702
0.57873046875,0.5414959468048073
0.57875,0.30113302887947485
0.57876953125,0.10038027572163198
0.5787890625,0.24894859039960157
0.57880859375,0.42646980349714486
0.578828125,0.26676863761027214
0.57884765625,0.1024620819568422
0.5788671875,0.1036291596035927
0.57888671875,-0.01000820040935185
0.57890625,-0.012412218922330267
0.57892578125,0.0906965895283065
0.5789453125,-0.037991437955879954
0.57896484375,-0.21236956706815596
0.578984375,-0.243251016011863
0.57900390625,-0.27173063609351433
0.5790234375,-0.37024298493454655
0.57904296875,-0.4152191376457764
0.5790625,-0.27283167124981816
0.57908203125,-0.05534537831667512
0.5791015625,-0.0794327096193026
0.57912109375,-0.19323970261783277
0.579140625,-0.09708809631675071
0.57916015625,-0.028897960780059493
0.5791796875,0.15395956646408065
0.57919921875,0.5496559147581219
0.57921875,0.4650989692784238
0.57923828125,0.06036320605990249
0.5792578125,0.011722317126116788
0.57927734375,-0.08203656519269738
0.579296875,-0.2917111357863331
0.57931640625,-0.03460316512684618
0.5793359375,0.3517854414843335
0.57935546875,0.4471799127304187
0.579375,0.35207506799496247
0.57939453125,0.2839899449872076
0.5794140625,0.49564988991994935
0.57943359375,0.5024895335399537
0.579453125,0.20684195613575862
0.57947265625,0.1783518995244621
0.5794921875,0.2521470917930675
0.57951171875,0.36023835460045384
0.57953125,0.3088008457998322
0.57955078125,0.03218050131760474
0.5795703125,0.14777136688809167
0.57958984375,0.2999239683813326
0.579609375,0.2482932116921051
0.57962890625,0.29254325485463584
0.5796484375,0.16723768468594913
0.57966796875,0.08276368578470947
0.5796875,0.09453051176745876
0.57970703125,-0.0400863383733214
0.5797265625,-0.06805878686774053
0.57974609375,-0.09368712471660759
0.579765625,-0.15934256170772335
0.57978515625,-0.1504578496436716
0.5798046875,-0.3177174548854527
0.57982421875,-0.44945917696492144
0.57984375,-0.10582451418273503
0.57986328125,0.31162822782982286
0.5798828125,0.29243118974275734
0.57990234375,0.20683833358167492
0.579921875,0.10515691407350324
0.57994140625,-0.29352164316288737
0.5799609375,-0.3997511195269929
0.57998046875,-0.015331402819080117
0.58,0.20125004474160532
0.58001953125,0.028930905945976453
0.5800390625,-0.006150486368927205
0.58005859375,0.4229902073890448
0.580078125,0.6604988799328793
0.58009765625,0.4555847100882429
0.5801171875,0.30681115831826533
0.58013671875,0.2680522230879013
0.58015625,0.23073443730738574
0.58017578125,0.038377178336290466
0.5801953125,-0.07126510575136198
0.58021484375,0.0398875202975254
0.580234375,-0.18325849304306857
0.58025390625,-0.3349744456638998
0.5802734375,-0.07197000079127681
0.58029296875,0.010470495956972355
0.5803125,-0.12457068743086326
0.58033203125,-0.21369162389083762
0.5803515625,-0.012851921496114208
0.58037109375,0.2736666393653593
0.580390625,0.3172041406746303
0.58041015625,0.383650731507288
0.5804296875,0.38713811516617114
0.58044921875,0.3630544779778024
0.58046875,0.4152305419750184
0.58048828125,0.1989490430140368
0.5805078125,0.16370039418317683
0.58052734375,0.46437634981871534
0.580546875,0.5341010103903696
0.58056640625,0.575508366968911
0.5805859375,0.7101324814360126
0.58060546875,0.8886052291247994
0.580625,0.9860888939120518
0.58064453125,0.7693465281311545
0.5806640625,0.76588512903676
0.58068359375,0.8027133061037366
0.580703125,0.5615554215884164
0.58072265625,0.6418639711712613
0.5807421875,0.7587612391447125
0.58076171875,0.6231008012750576
0.58078125,0.5954922921170056
0.58080078125,0.5676994996279741
0.5808203125,0.4547535845052538
0.58083984375,0.5049720341195973
0.580859375,0.6424015062565895
0.58087890625,0.4217464289697044
0.5808984375,0.18661722092844477
0.58091796875,0.4372098152168052
0.5809375,0.3414056569720421
0.58095703125,-0.31803132547898416
0.5809765625,-0.47403592145098555
0.58099609375,-0.25710888771226237
0.581015625,-0.2954917765926989
0.58103515625,-0.2592458091116974
0.5810546875,-0.007614515484728079
0.58107421875,0.2957927555211006
0.58109375,0.35792225881952744
0.58111328125,0.2511410580319314
0.5811328125,0.49742375368495906
0.58115234375,0.5606153108215584
0.581171875,0.2751123634721653
0.58119140625,0.2681201470061023
0.5812109375,0.3307362393792141
0.58123046875,0.4102295041336651
0.58125,0.42660706444519664
0.58126953125,0.39275152714845996
0.5812890625,0.621390080662395
0.58130859375,0.570741950149305
0.581328125,0.3553433353216289
0.58134765625,0.4742301477002314
0.5813671875,0.538521119506647
0.58138671875,0.6170664677740525
0.58140625,0.7212289464410689
0.58142578125,0.49051677222598455
0.5814453125,0.2885257055649346
0.58146484375,0.26299110035797957
0.581484375,0.05730091623536428
0.58150390625,-0.022459780524980162
0.5815234375,0.18298930646001638
0.58154296875,0.1512054826224232
0.5815625,0.03486828448383728
0.58158203125,0.24690388800010035
0.5816015625,0.49198436801792705
0.58162109375,0.4738462380902433
0.581640625,0.36775096270861657
0.58166015625,0.5188073253347106
0.5816796875,0.6882857796382871
0.58169921875,0.44255092991775996
0.58171875,0.1867650035031622
0.58173828125,0.12508438939938904
0.5817578125,-0.054016911808361906
0.58177734375,-0.156154421976339
0.581796875,-0.1057470847016893
0.58181640625,-0.12614292802664456
0.5818359375,-0.15419913495162774
0.58185546875,-0.13391985712651644
0.581875,-0.08982388185890172
0.58189453125,-0.2107445627782683
0.5819140625,-0.5798441947160875
0.58193359375,-0.7935967168861386
0.581953125,-0.6476351705116165
0.58197265625,-0.39436674077654577
0.5819921875,-0.33036565981677246
0.58201171875,-0.3797045043360313
0.58203125,-0.22998836605093093
0.58205078125,0.04999015818217802
0.5820703125,0.19798273715379322
0.58208984375,0.2548954289554812
0.582109375,0.45319049288348134
0.58212890625,0.648902074399321
0.5821484375,0.5482386069972098
0.58216796875,0.35733848781560273
0.5821875,0.2618235360662762
0.58220703125,0.09953076571094027
0.5822265625,-0.22155957289307301
0.58224609375,-0.5182211787308862
0.582265625,-0.5168052035829431
0.58228515625,-0.41676932355377294
0.5823046875,-0.4211744544788963
0.58232421875,-0.34649904505254503
0.58234375,-0.36087159097762056
0.58236328125,-0.3844509331358225
0.5823828125,-0.0758716173336676
0.58240234375,0.16714112121544233
0.582421875,0.12424713479942553
0.58244140625,0.11323408031587469
0.5824609375,0.18939844142750112
0.58248046875,0.20402915982900757
0.5825,0.08175501462203466
0.58251953125,0.0329447642203005
0.5825390625,0.14999064385968938
0.58255859375,0.10706242405072186
0.582578125,-0.07791695554571096
0.58259765625,-0.020904266716600173
0.5826171875,0.31071072073951733
0.58263671875,0.4311280772662464
0.58265625,0.21422840789083936
0.58267578125,0.28631847847524383
0.5826953125,0.5998176409136291
0.58271484375,0.6237235164143583
0.582734375,0.6086974508509556
0.58275390625,0.6452680261617504
0.5827734375,0.5342192142014768
0.58279296875,0.5403131504852372
0.5828125,0.5686617784235205
0.58283203125,0.4041601812779651
0.5828515625,0.1686285224723068
0.58287109375,-0.1527435834708168
0.582890625,-0.3017246995596452
0.58291015625,-0.24162129777302468
0.5829296875,-0.3189379443210404
0.58294921875,-0.5359898045385993
0.58296875,-0.6809065870086323
0.58298828125,-0.5949714438084444
0.5830078125,-0.5439399918383461
0.58302734375,-0.6488892844528037
0.583046875,-0.8540239468978593
0.58306640625,-1.020236455544605
0.5830859375,-0.6256274824420239
0.58310546875,-0.2902527172061237
0.583125,-0.5734036287024854
0.58314453125,-0.5260810726708254
0.5831640625,-0.09092963198308593
0.58318359375,0.06526642909625283
0.583203125,0.1331974223812888
0.58322265625,0.36744918807480353
0.5832421875,0.5756922061799197
0.58326171875,0.4934679167151931
0.58328125,0.15680490561160412
0.58330078125,-0.08838497314280644
0.5833203125,-0.19572108986689002
0.58333984375,-0.34040279261879836
0.583359375,-0.3802129329269126
0.58337890625,-0.3002364848779504
0.5833984375,-0.27748138040863485
0.58341796875,-0.15865094381261058
0.5834375,0.15193815604420738
0.58345703125,0.3108469056069589
0.5834765625,0.10389009151142084
0.58349609375,-0.1548128408426237
0.583515625,-0.14421584631170592
0.58353515625,-0.1258140441493845
0.5835546875,-0.36256297880018884
0.58357421875,-0.5381035042806691
0.58359375,-0.580535744438037
0.58361328125,-0.7268860124553764
0.5836328125,-0.9095665894564953
0.58365234375,-0.9976478509933189
0.583671875,-0.8512392564227709
0.58369140625,-0.5831247678251641
0.5837109375,-0.6295662718167978
0.58373046875,-0.8452204401846812
0.58375,-0.741527979748549
0.58376953125,-0.592929487007423
0.5837890625,-0.6365254286299316
0.58380859375,-0.5677750033679969
0.583828125,-0.4779466010694928
0.58384765625,-0.3936910397496205
0.5838671875,-0.3255981121811243
0.58388671875,-0.4842377337711109
0.58390625,-0.6221104866014909
0.58392578125,-0.6357511998942502
0.5839453125,-0.6717805138105236
0.58396484375,-0.6889988895689486
0.583984375,-0.6721819509928305
0.58400390625,-0.6721743658632499
0.5840234375,-0.5597026411675188
0.58404296875,-0.2973299752299239
0.5840625,-0.13354814698744905
0.58408203125,-0.026937174441917313
0.5841015625,0.07512289948065196
0.58412109375,0.17035875504878595
0.584140625,0.24471943978167732
0.58416015625,0.012318847680460203
0.5841796875,-0.19909265124265818
0.58419921875,-0.09742367809996583
0.58421875,-0.06216490670044844
0.58423828125,-0.16297586398593186
0.5842578125,-0.3243641763243535
0.58427734375,-0.5311238167180243
0.584296875,-0.7795171493688812
0.58431640625,-0.7547161939123891
0.5843359375,-0.3649575381975117
0.58435546875,-0.33119155595294975
0.584375,-0.4891040402271778
0.58439453125,-0.3115412518375791
0.5844140625,-0.20750108903927217
0.58443359375,-0.35528742079015524
0.584453125,-0.3412879090766242
0.58447265625,-0.001806618883786082
0.5844921875,0.20134218943354615
0.58451171875,0.1251244557981152
0.58453125,0.09025146103099234
0.58455078125,0.1718956726284417
0.5845703125,0.24618550753344154
0.58458984375,0.22564249139596648
0.584609375,0.23339682752848748
0.58462890625,0.1398080170101738
0.5846484375,0.06259826401351627
0.58466796875,0.162380452949687
0.5846875,0.019475155503083444
0.58470703125,-0.0483227214816728
0.5847265625,0.05367576395319404
0.58474609375,0.039414900984611284
0.584765625,0.19494555150153292
0.58478515625,0.21206337371441542
0.5848046875,0.15833090902870775
0.58482421875,0.2594534377182864
0.58484375,0.0922574175932697
0.58486328125,-0.16928573618156395
0.5848828125,-0.3791796706052908
0.58490234375,-0.39842835500536433
0.584921875,-0.21594223817521402
0.58494140625,-0.3441489161227495
0.5849609375,-0.40562344000035694
0.58498046875,-0.20543167736300322
0.585,-0.47031298037597935
0.58501953125,-0.8821491754274855
0.5850390625,-0.8136100822250949
0.58505859375,-0.746358875450837
0.585078125,-0.7730054839598515
0.58509765625,-0.5715348653938325
0.5851171875,-0.56938665822535
0.58513671875,-0.7211458977328831
0.58515625,-0.5306021101749715
0.58517578125,-0.24865121319794592
0.5851953125,-0.13202500845233137
0.58521484375,-0.11736428584283448
0.585234375,-0.1827262275395079
0.58525390625,-0.05202246674437981
0.5852734375,0.38222432692840763
0.58529296875,0.4690872441984848
0.5853125,0.046617782833990484
0.58533203125,-0.16787452919313328
0.5853515625,-0.2223344544117747
0.58537109375,-0.3716526560650753
0.585390625,-0.29017546998483845
0.58541015625,-0.29115388443066303
0.5854296875,-0.6455856173942811
0.58544921875,-0.8203038466714834
0.58546875,-0.5026270676297345
0.58548828125,-0.04217134491659623
0.5855078125,0.008969166653861728
0.58552734375,-0.12113296811319246
0.585546875,-0.10835187496248896
0.58556640625,-0.16927267123791712
0.5855859375,-0.05385725636776544
0.58560546875,0.13589708127336908
0.585625,-0.06226299501599755
0.58564453125,-0.41605287626698984
0.5856640625,-0.5535397629965102
0.58568359375,-0.26669830537307837
0.585703125,-0.031132788938454427
0.58572265625,-0.28008108476809135
0.5857421875,-0.3557063931088315
0.58576171875,-0.07488955235850182
0.58578125,-0.05224286462820177
0.58580078125,-0.29080403324091975
0.5858203125,-0.23519973454655363
0.58583984375,0.016517257290204524
0.585859375,0.0012536658159529373
0.58587890625,-0.03844382063545111
0.5858984375,0.010069314062987448
0.58591796875,-0.05470021954582767
0.5859375,-0.14264382831510433
0.58595703125,-0.038849796293917674
0.5859765625,0.2947115208609736
0.58599609375,0.36572085818830485
0.586015625,0.14132329263163035
0.58603515625,0.16397391150904195
0.5860546875,0.3225089726349007
0.58607421875,0.2937077009874536
0.58609375,0.27006803516334565
0.58611328125,0.4670286487944896
0.5861328125,0.4902924739314642
0.58615234375,0.1295916100544935
0.586171875,-0.11338518274925925
0.58619140625,-0.057834797028949
0.5862109375,-0.0784503890907908
0.58623046875,-0.16602690783654225
0.58625,0.15847305804605014
0.58626953125,0.5736578773590215
0.5862890625,0.3364232392745935
0.58630859375,0.027132800352482334
0.586328125,0.434968481567393
0.58634765625,0.751506443396789
0.5863671875,0.4121331483562436
0.58638671875,0.24568160653713533
0.58640625,0.27918549782382357
0.58642578125,0.013712543231703733
0.5864453125,-0.2491554450717659
0.58646484375,-0.3855380880549516
0.586484375,-0.4689370191755924
0.58650390625,-0.4924681461379746
0.5865234375,-0.38220371212808324
0.58654296875,0.06520284793721612
0.5865625,0.6068953404785049
0.58658203125,0.7868102373787088
0.5866015625,0.623264742935898
0.58662109375,0.5544732031412472
0.586640625,0.6605704735606053
0.58666015625,0.8125257480689063
0.5866796875,0.9049262291188657
0.58669921875,0.6575727266076307
0.58671875,0.5688149871121082
0.58673828125,0.7753338410596797
0.5867578125,0.5976250058796887
0.58677734375,0.3833558807799403
0.586796875,0.3300483563712142
0.58681640625,0.2596444544644281
0.5868359375,0.3983944382627963
0.58685546875,0.38082094949014245
0.586875,0.2938048515524334
0.58689453125,0.4323271416891866
0.5869140625,0.3415801585993542
0.58693359375,0.17553782067449972
0.586953125,-0.09993473721624713
0.58697265625,-0.5611213125287811
0.5869921875,-0.5358115671789754
0.58701171875,-0.27339132743976347
0.58703125,-0.08424659489882577
0.58705078125,0.09203472705018031
0.5870703125,0.038009181061373916
0.58708984375,-0.00897901095001584
0.587109375,-0.06796657060833684
0.58712890625,-0.11468685987905704
0.5871484375,0.02418134862945702
0.58716796875,0.0073763313353823814
0.5871875,-0.028284665368150913
0.58720703125,0.28227535237432305
0.5872265625,0.6513239831905009
0.58724609375,0.7442245261365139
0.587265625,0.6448015864230952
0.58728515625,0.4199267084159238
0.5873046875,0.42113651958740544
0.58732421875,0.7759246911186862
0.58734375,0.8699332738352901
0.58736328125,0.7239999990839759
0.5873828125,0.48101435533909165
0.58740234375,0.16569488616062414
0.587421875,0.1072872516551072
0.58744140625,-0.0019983477820323305
0.5874609375,-0.1170077256053255
0.58748046875,-0.024540342714087466
0.5875,-0.02797335921842423
0.58751953125,0.14872521440377248
0.5875390625,0.4570542901774781
0.58755859375,0.5402957361580358
0.587578125,0.525511979329985
0.58759765625,0.5261645247925661
0.5876171875,0.6720816866714161
0.58763671875,0.6468444539069895
0.58765625,0.30544907341661875
0.58767578125,0.21056779743452375
0.5876953125,0.2398615096377409
0.58771484375,0.06469579299896708
0.587734375,0.03823581292144066
0.58775390625,0.1974117971848985
0.5877734375,0.11616524368113848
0.58779296875,-0.20657665910808312
0.5878125,-0.15656153539648912
0.58783203125,0.25814316115968555
0.5878515625,0.2034950218084124
0.58787109375,-0.1609988937076297
0.587890625,-0.2663623745740597
0.58791015625,-0.27966620750583293
0.5879296875,-0.2525836966608158
0.58794921875,-0.3446633998258504
0.58796875,-0.40260322276380084
0.58798828125,0.03519214694973874
0.5880078125,0.27037343192514696
0.58802734375,0.1263265303827807
0.588046875,0.2873554265428547
0.58806640625,0.4927764056783469
0.5880859375,0.7026794211863054
0.58810546875,0.9430995326442371
0.588125,0.8728380175433192
0.58814453125,0.6524789852684587
0.5881640625,0.3830028254201603
0.58818359375,0.18370492216402667
0.588203125,0.06695693261047994
0.58822265625,0.017154212732431673
0.5882421875,0.12921607482019754
0.58826171875,0.008350682724731669
0.58828125,-0.21882556512489879
0.58830078125,-0.13846798724104856
0.5883203125,-0.0736535394886008
0.58833984375,-0.1768003950711886
0.588359375,-0.11554030254145281
0.58837890625,0.22265484614749081
0.5883984375,0.48157557642165794
0.58841796875,0.5726444760984035
0.5884375,0.7481429419791268
0.58845703125,0.868092998350289
0.5884765625,0.8239417733615001
0.58849609375,0.7791090565323666
0.588515625,0.7382545605687953
0.58853515625,0.5412660730856956
0.5885546875,0.3672859671743544
0.58857421875,0.5928800362678283
0.58859375,0.8598697470537243
0.58861328125,0.8214891545504572
0.5886328125,0.8249566974438403
0.58865234375,0.9104791653899453
0.588671875,0.7311079767414919
0.58869140625,0.4403787961926753
0.5887109375,0.574340460684913
0.58873046875,0.7529099893429178
0.58875,0.42833983953122884
0.58876953125,0.25157099126551635
0.5887890625,0.40280866117025926
0.58880859375,0.39774855951170673
0.588828125,0.33740536365733953
0.58884765625,0.2107367488339463
0.5888671875,0.046238569758952096
0.58888671875,0.058296258614112334
0.58890625,0.054705614146617156
0.58892578125,-0.002892551745858246
0.5889453125,-0.018780778542089555
0.58896484375,-0.05025399510917364
0.588984375,0.033724475860400664
0.58900390625,0.15664344552130116
0.5890234375,0.09889865388143604
0.58904296875,-0.013200323843631345
0.5890625,-0.13891173157668157
0.58908203125,-0.08589323469039564
0.5891015625,0.2440348735489641
0.58912109375,0.3280544266077138
0.589140625,0.3433692169556578
0.58916015625,0.5389469675853686
0.5891796875,0.43625659283628065
0.58919921875,0.34978868677374086
0.58921875,0.4072783036741624
0.58923828125,0.10634028003425522
0.5892578125,-0.09153103457332604
0.58927734375,0.17739017120247474
0.589296875,0.35803008844332973
0.58931640625,0.22350800396609638
0.5893359375,0.17860599611426792
0.58935546875,0.37477311279137426
0.589375,0.49525850661454107
0.58939453125,0.47372531482530655
0.5894140625,0.3877796981672232
0.58943359375,0.09196085808545953
0.589453125,-0.1304955792347715
0.58947265625,0.12759038957457455
0.5894921875,0.44207932716701664
0.58951171875,0.47051798281155494
0.58953125,0.4270326688221206
0.58955078125,0.5305314026813582
0.5895703125,0.8417822479387294
0.58958984375,0.8487731545250877
0.589609375,0.5033700640087334
0.58962890625,0.398245602188782
0.5896484375,0.5417766428104813
0.58966796875,0.7096658760722264
0.5896875,0.4591487079097049
0.58970703125,0.0249260665067075
0.5897265625,0.14622357776121886
0.58974609375,0.28201831612989586
0.589765625,0.11123490072617585
0.58978515625,-0.13184493113000142
0.5898046875,-0.4837782310181056
0.58982421875,-0.45651463862419944
0.58984375,-0.026785422178383984
0.58986328125,0.12415986958185576
0.5898828125,-0.10907499206926702
0.58990234375,-0.41457236332533437
0.589921875,-0.5732872977920103
0.58994140625,-0.46245860220107027
0.5899609375,-0.19873343209158034
0.58998046875,-0.038766011521415206
0.59,0.11228896033716869
0.59001953125,0.3291512713599124
0.5900390625,0.33578108250057853
0.59005859375,0.19464081500349642
0.590078125,0.3141758680401846
0.59009765625,0.6013546231826616
0.5901171875,0.43312418894911253
0.59013671875,-0.08151978927937646
0.59015625,-0.21515060551007698
0.59017578125,-0.01813724876905752
0.5901953125,0.02594851606487434
0.59021484375,-0.19847161859326629
0.590234375,-0.2099919139485572
0.59025390625,0.22160799827340352
0.5902734375,0.3196450793847995
0.59029296875,0.031134342288304216
0.5903125,0.06697874137982271
0.59033203125,0.18519775966054947
0.5903515625,0.15065317658086452
0.59037109375,0.26487136144093554
0.590390625,0.3690186984388968
0.59041015625,0.18513881633552007
0.5904296875,-0.12911652395167514
0.59044921875,-0.0876959457647903
0.59046875,0.20230944004893878
0.59048828125,0.13863746591604692
0.5905078125,0.08018416151493814
0.59052734375,0.2736571483376996
0.590546875,0.34762816491746823
0.59056640625,0.30682542696507015
0.5905859375,0.12069692932829175
0.59060546875,0.02010392547239718
0.590625,0.10563788258672666
0.59064453125,0.2135801939477098
0.5906640625,0.4020366681990935
0.59068359375,0.44114634085141147
0.590703125,0.5815255144416704
0.59072265625,0.7895431612703276
0.5907421875,0.43960978671184914
0.59076171875,0.12887931545451653
0.59078125,0.18627490757247794
0.59080078125,-0.13183286563185007
0.5908203125,-0.6415217230119665
0.59083984375,-0.6879157624383118
0.590859375,-0.39881390886998286
0.59087890625,-0.1831608298679348
0.5908984375,-0.21614566421899542
0.59091796875,-0.30606125737456474
0.5909375,-0.36934082982175365
0.59095703125,-0.38931598937189704
0.5909765625,-0.20685763313918953
0.59099609375,-0.24559426104331905
0.591015625,-0.41688226638017367
0.59103515625,-0.1055787334653662
0.5910546875,0.10540748797336688
0.59107421875,-0.17579939305933406
0.59109375,-0.37128950138567196
0.59111328125,-0.2641138700807431
0.5911328125,-0.1430598558522747
0.59115234375,-0.3848035918767019
0.591171875,-0.6044442735975192
0.59119140625,-0.20152419001817087
0.5912109375,0.23090783931564196
0.59123046875,0.23277825299981594
0.59125,0.2584151733279674
0.59126953125,0.33989420072070187
0.5912890625,0.24270508957972586
0.59130859375,0.14963243038632115
0.591328125,0.08456067158202907
0.59134765625,-0.1739679444935432
0.5913671875,-0.4668957974336907
0.59138671875,-0.2939418310213658
0.59140625,0.18819382198989604
0.59142578125,0.08559682364274364
0.5914453125,-0.29915719682648245
0.59146484375,-0.08873140176238038
0.591484375,0.14877810549561266
0.59150390625,0.04175673874104741
0.5915234375,-0.09712144560402144
0.59154296875,-0.28635534615598013
0.5915625,-0.4103706872822905
0.59158203125,-0.5693882570314877
0.5916015625,-0.5655396324858769
0.59162109375,-0.28177925967693296
0.591640625,-0.4494537951542421
0.59166015625,-0.7280762729166186
0.5916796875,-0.6864030981572639
0.59169921875,-0.6767118719596661
0.59171875,-0.5393471534431201
0.59173828125,-0.5024480604565562
0.5917578125,-0.6046964289677356
0.59177734375,-0.5441097184559591
0.591796875,-0.5739294859959319
0.59181640625,-0.5499689781189717
0.5918359375,-0.41796985335774495
0.59185546875,-0.4405164046847079
0.591875,-0.4398700553323843
0.59189453125,-0.40978049823191864
0.5919140625,-0.5345559831419888
0.59193359375,-0.6487980506489227
0.591953125,-0.5567565214667776
0.59197265625,-0.31237451911647063
0.5919921875,-0.21402237786450934
0.59201171875,-0.41843188486662464
0.59203125,-0.4303237951452897
0.59205078125,-0.1860521135847687
0.5920703125,-0.2788336921078972
0.59208984375,-0.5030355145676048
0.592109375,-0.6289225064530146
0.59212890625,-0.8006841019754982
0.5921484375,-0.7257552502610836
0.59216796875,-0.5192454441598133
0.5921875,-0.5142175404923284
0.59220703125,-0.48985696806743456
0.5922265625,-0.3876122305358214
0.59224609375,-0.3958145834904534
0.592265625,-0.3743637698182114
0.59228515625,-0.3273518116910329
0.5923046875,-0.5758658981827273
0.59232421875,-0.8267946106132977
0.59234375,-0.6004009852611043
0.59236328125,-0.2665040034886526
0.5923828125,-0.29005934437984177
0.59240234375,-0.3949544446932579
0.592421875,-0.21423984187859163
0.59244140625,-0.11544880836848839
0.5924609375,-0.3276753387677244
0.59248046875,-0.35437494950447873
0.5925,-0.23857427670018644
0.59251953125,-0.1575864811448573
0.5925390625,0.0010158120014799846
0.59255859375,0.025702583474460857
0.592578125,-0.016332527423411944
0.59259765625,-0.08693604447017124
0.5926171875,-0.04014358922857974
0.59263671875,0.06749571633915974
0.59265625,-0.2818815354495867
0.59267578125,-0.34366121666737176
0.5926953125,-0.03176032050957822
0.59271484375,-0.25531078505918037
0.592734375,-0.32449534907073113
0.59275390625,-0.045317491176927974
0.5927734375,0.037597567243258107
0.59279296875,0.10503588267319335
0.5928125,-0.04893325553401949
0.59283203125,-0.3808048558744341
0.5928515625,-0.47370099996073356
0.59287109375,-0.40718564740774565
0.592890625,-0.44807468547959295
0.59291015625,-0.6948192881323609
0.5929296875,-0.7855580509859934
0.59294921875,-0.7310759016482595
0.59296875,-0.9289072106262941
0.59298828125,-1.1088328694733172
0.5930078125,-0.9909505050871661
0.59302734375,-0.6386886608614131
0.593046875,-0.5860668451620835
0.59306640625,-1.130759124162179
0.5930859375,-1.214136188444094
0.59310546875,-0.825981478301213
0.593125,-0.9671548731893438
0.59314453125,-1.1421054677184597
0.5931640625,-0.8736258370889265
0.59318359375,-0.6197307638691708
0.593203125,-0.6080079992503433
0.59322265625,-0.396963818469177
0.5932421875,-0.0381974691299153
0.59326171875,-0.23904249490788654
0.59328125,-0.386139848346683
0.59330078125,-0.0865042867991691
0.5933203125,-0.06124400780415773
0.59333984375,-0.2145049221370267
0.593359375,-0.36244427624045905
0.59337890625,-0.2585619995058458
0.5933984375,0.10659589605621317
0.59341796875,-0.03026537931724306
0.5934375,-0.44642866374842793
0.59345703125,-0.6072529367218389
0.5934765625,-0.5569583252721186
0.59349609375,-0.4305589721546924
0.593515625,-0.5194571268184464
0.59353515625,-0.7738746540194399
0.5935546875,-0.8547598121659138
0.59357421875,-0.5461936081779047
0.59359375,-0.2336117451267381
0.59361328125,-0.30520141002125056
0.5936328125,-0.3257441401864374
0.59365234375,-0.3173463096812511
0.593671875,-0.5004249487752441
0.59369140625,-0.49282048620446106
0.5937109375,-0.24579890966280588
0.59373046875,0.0510394072027753
0.59375,0.17996679705043162
0.59376953125,0.04576019735033276
0.5937890625,-0.12327004127777279
0.59380859375,-0.3553183056304394
0.593828125,-0.5126697581354454
0.59384765625,-0.38269639211213313
0.5938671875,-0.3571999158386222
0.59388671875,-0.48195748799174915
0.59390625,-0.4699073782591998
0.59392578125,-0.41811143869449763
0.5939453125,-0.3151457827634658
0.59396484375,-0.14556565943797453
0.593984375,-0.03309461594446083
0.59400390625,0.029565647736539802
0.5940234375,0.026181457442303376
0.59404296875,0.08831688689647
0.5940625,0.14236592292085665
0.59408203125,-0.030710048671050334
0.5941015625,0.06762337463349667
0.59412109375,0.4026712586581571
0.594140625,0.2585193539543239
0.59416015625,-0.09830962892269626
0.5941796875,-0.2808932173274634
0.59419921875,-0.32758953798412305
0.59421875,-0.24044811829978402
0.59423828125,-0.13871438566606295
0.5942578125,0.10270500385524199
0.59427734375,0.3334464733540322
0.594296875,0.1889855301347228
0.59431640625,0.036742163200634045
0.5943359375,0.2265352513139788
0.59435546875,0.5917364308809703
0.594375,0.6024528384173192
0.59439453125,0.14257099630576484
0.5944140625,0.0855039925294381
0.59443359375,0.41497207921400114
0.594453125,0.3871163691405646
0.59447265625,0.17332978609169858
0.5944921875,0.10550452382917358
0.59451171875,0.12712438607488047
0.59453125,-0.009860154674745943
0.59455078125,-0.10187671922655728
0.5945703125,0.08007694950003866
0.59458984375,0.18248569992914648
0.594609375,0.2817166660729249
0.59462890625,0.5418763211217517
0.5946484375,0.7376178124822752
0.59466796875,0.650615544057795
0.5946875,0.4759712365493767
0.59470703125,0.6017143236962281
0.5947265625,0.5770238353172386
0.59474609375,0.31260087822375765
0.594765625,0.38149261357550257
0.59478515625,0.3756359487134849
0.5948046875,0.05820880932898375
0.59482421875,-0.09887809196752403
0.59484375,-0.08178815777155035
0.59486328125,-0.0127118665017961
0.5948828125,-0.07184275483794944
0.59490234375,-0.3566038840003809
0.594921875,-0.39306686875341823
0.59494140625,-0.1591007371538132
0.5949609375,-0.16102761188572012
0.59498046875,-0.21547251737220724
0.595,-0.2593867127016296
0.59501953125,-0.4314707426438613
0.5950390625,-0.20412133002151178
0.59505859375,0.07957054930680132
0.595078125,-0.1547674535619675
0.59509765625,-0.1618816899674501
0.5951171875,0.1991247579266692
0.59513671875,0.3551270183053985
0.59515625,0.3205293702213541
0.59517578125,0.29903231490686843
0.5951953125,0.37111587703040855
0.59521484375,0.28618305390931154
0.595234375,0.16009039353981924
0.59525390625,0.28273082703235547
0.5952734375,0.2303222720903808
0.59529296875,-0.07100211418895433
0.5953125,-0.2703565098134123
0.59533203125,-0.15361606133819017
0.5953515625,0.10463105979879736
0.59537109375,0.18066987799400863
0.595390625,0.23823263615301382
0.59541015625,0.2139978672896864
0.5954296875,0.20812036142834436
0.59544921875,0.35126187775753465
0.59546875,0.2365313509596269
0.59548828125,0.1151517500209101
0.5955078125,0.26602971470533776
0.59552734375,0.37340072778646344
0.595546875,0.2782225206367605
0.59556640625,0.14314985682301956
0.5955859375,0.20908524572180925
0.59560546875,0.291336647174211
0.595625,0.1702107910792977
0.59564453125,-0.09201969715838186
0.5956640625,-0.33544415371373665
0.59568359375,-0.3432825035552842
0.595703125,-0.2138792609278931
0.59572265625,-0.10624765684081969
0.5957421875,-0.015085879785196082
0.59576171875,0.0004824919711138206
0.59578125,-0.08924811812260543
0.59580078125,-0.2931229013421216
0.5958203125,-0.4028383509701413
0.59583984375,-0.20482174027113184
0.595859375,-0.0050779545043155815
0.59587890625,-0.02448114706378182
0.5958984375,-0.126540287242052
0.59591796875,-0.13613237393833472
0.5959375,0.030312187334368527
0.59595703125,0.15556668458597434
0.5959765625,0.11507715331467461
0.59599609375,-0.07906129448918683
0.596015625,-0.2154042915859552
0.59603515625,-0.06678350946866785
0.5960546875,-0.014878532746283283
0.59607421875,0.10022313762642035
0.59609375,0.5071448713938976
0.59611328125,0.45907753668042195
0.5961328125,0.17251655934524562
0.59615234375,0.37124894117812285
0.596171875,0.4607649896715609
0.59619140625,0.0023076988378719354
0.5962109375,-0.2875364359350577
0.59623046875,0.008501392026733556
0.59625,0.3097522386807877
0.59626953125,0.1389343991050129
0.5962890625,-0.03760869695405916
0.59630859375,0.07374956166658284
0.596328125,0.059382002822548394
0.59634765625,0.22025202707363092
0.5963671875,0.6473041302285634
0.59638671875,0.5581209611809461
0.59640625,0.33304837088911315
0.59642578125,0.5101667672378266
0.5964453125,0.7180866985430994
0.59646484375,0.9135110436099352
0.596484375,1.0002132794289866
0.59650390625,0.792163203389529
0.5965234375,0.4804735048465305
0.59654296875,0.2812980438151824
0.5965625,0.37399274106020614
0.59658203125,0.6166483269761833
0.5966015625,0.6652189702227664
0.59662109375,0.5971603678378908
0.596640625,0.5312565273445432
0.59666015625,0.5491905835170224
0.5966796875,0.7702839746555744
0.59669921875,0.9023577464180119
0.59671875,0.8953350408454211
0.59673828125,0.8925777733402758
0.5967578125,0.8288498512886588
0.59677734375,0.7112613977653347
0.596796875,0.4749303265248206
0.59681640625,0.30999909033301576
0.5968359375,0.24748227871709366
0.59685546875,0.19328533946070622
0.596875,0.30166321565426113
0.59689453125,0.2833313426068279
0.5969140625,0.12319030991823321
0.59693359375,0.0008458210590831308
0.596953125,-0.1728484922989192
0.59697265625,-0.17793228413218887
0.5969921875,-0.08462820938743629
0.59701171875,-0.0667077429556417
0.59703125,-0.08139129590043678
0.59705078125,-0.1557549783136309
0.5970703125,-0.19860152263542874
0.59708984375,-0.12716909050320763
0.597109375,0.04105655698533511
0.59712890625,-0.07122805677105759
0.5971484375,-0.4169030961205247
0.59716796875,-0.32591348309521717
0.5971875,0.09718369689459178
0.59720703125,0.3306635956528438
0.5972265625,0.25502292293879575
0.59724609375,0.29386559659441647
0.597265625,0.6427860444095532
0.59728515625,0.7014712049035338
0.5973046875,0.4174648722258668
0.59732421875,0.23922822474790595
0.59734375,0.30570125558120065
0.59736328125,0.45086686782459073
0.5973828125,0.3563322098538838
0.59740234375,0.29064527181755645
0.597421875,0.28610195197879806
0.59744140625,0.05995966862480004
0.5974609375,0.10124804068972482
0.59748046875,0.40336742236095524
0.5975,0.45517965173075103
0.59751953125,0.3561678483439378
0.5975390625,0.34931022969597103
0.59755859375,0.43040306511425375
0.597578125,0.33452783119840324
0.59759765625,0.028137227893107238
0.5976171875,-0.06259333844073728
0.59763671875,0.08505029545866993
0.59765625,0.04405849057191332
0.59767578125,-0.1364954672894942
0.5976953125,-0.17375375753867348
0.59771484375,-0.03182724659725036
0.597734375,0.16891206085929195
0.59775390625,0.11951376739070953
0.5977734375,0.0041304912102754845
0.59779296875,0.12497950826209324
0.5978125,0.13612804328007183
0.59783203125,0.027311982159606705
0.5978515625,-0.030293744652292544
0.59787109375,-0.008410267754196371
0.597890625,0.11869294697378306
0.59791015625,-0.01506282280634328
0.5979296875,-0.33845742626085934
0.59794921875,-0.4420055520937772
0.59796875,-0.2546029517980905
0.59798828125,0.022325361880718507
0.5980078125,0.0444230506422793
0.59802734375,-0.050657509061978204
0.598046875,-0.14057867891021145
0.59806640625,-0.29284052960951495
0.5980859375,-0.3152294761316965
0.59810546875,-0.1900617834850214
0.598125,-0.02729408881537345
0.59814453125,0.04636555492261969
0.5981640625,0.01274018559038195
0.59818359375,0.031158587693901084
0.598203125,0.08841779545329377
0.59822265625,0.01659955774247141
0.5982421875,-0.1313652121095125
0.59826171875,-0.20056353654123893
0.59828125,-0.22573531141296252
0.59830078125,-0.04158512514883449
0.5983203125,0.24001989355274367
0.59833984375,0.10893051324097727
0.598359375,-0.1162669175580896
0.59837890625,0.07994275070152729
0.5983984375,0.2521694180289867
0.59841796875,0.123021705010215
0.5984375,0.07398840996810047
0.59845703125,-0.025599919821275734
0.5984765625,-0.18969542144901086
0.59849609375,-0.17289611315021064
0.598515625,-0.2877868867734512
0.59853515625,-0.2819290124960736
0.5985546875,0.047356287372633865
0.59857421875,0.20506068795520943
0.59859375,0.26027199005603935
0.59861328125,0.35338979196383435
0.5986328125,0.35129539714561697
0.59865234375,0.3111684956169405
0.598671875,0.3855436743082255
0.59869140625,0.6076074883334867
0.5987109375,0.740056921433361
0.59873046875,0.7560751933918104
0.59875,0.7299819971096403
0.59876953125,0.5570009786402463
0.5987890625,0.3663452016186164
0.59880859375,0.22456190647287294
0.598828125,0.1294943758563576
0.59884765625,0.09436940867136022
0.5988671875,-0.2080841290431683
0.59888671875,-0.743362843323514
0.59890625,-0.8721501234164127
0.59892578125,-0.5954520908965234
0.5989453125,-0.5535698660603993
0.59896484375,-0.7005708273602014
0.598984375,-0.690235113017126
0.59900390625,-0.6120591415751239
0.5990234375,-0.5443486533069961
0.59904296875,-0.6231003336400036
0.5990625,-0.7721965376200954
0.59908203125,-0.6461179901225572
0.5991015625,-0.5060614883684007
0.59912109375,-0.448329403914493
0.599140625,-0.3249925010119593
0.59916015625,-0.33945853350890187
0.5991796875,-0.03205486034487803
0.59919921875,0.34397290787797397
0.59921875,-0.056053318049365086
0.59923828125,-0.33477916756152226
0.5992578125,0.07302297380795528
0.59927734375,0.20447224979396858
0.599296875,-0.29418979837420545
0.59931640625,-0.5483359268611255
0.5993359375,-0.111132706413316
0.59935546875,0.06892991637154447
0.599375,-0.32642087627618976
0.59939453125,-0.47444276551628933
0.5994140625,-0.31274438687543094
0.59943359375,-0.1281424081444899
0.599453125,-0.014152805442075225
0.59947265625,-0.05721616744910776
0.5994921875,-0.0007568344738894221
0.59951171875,0.051231588422160856
0.59953125,-0.046952580011913145
0.59955078125,-0.10120377981195228
0.5995703125,-0.14248430541874618
0.59958984375,-0.06314156066504767
0.599609375,0.04667896469787494
0.59962890625,-0.038818241289324006
0.5996484375,-0.11538304165857863
0.59966796875,-0.28134498822443416
0.5996875,-0.6026296110600077
0.59970703125,-0.6255174501201731
0.5997265625,-0.39324107636246874
0.59974609375,-0.24738270466541956
0.599765625,-0.3455900553388413
0.59978515625,-0.6528744447365535
0.5998046875,-0.7145531506000758
0.59982421875,-0.6131419696792202
0.59984375,-0.6366260090616493
0.59986328125,-0.5793453935214532
0.5998828125,-0.6018484174876855
0.59990234375,-0.6366683119020085
0.599921875,-0.5235310810056325
0.59994140625,-0.5727292081635735
0.5999609375,-0.503573762978191
0.59998046875,-0.3757673449664142
0.6,-0.6157374000026796
0.60001953125,-0.5172851392690945
0.6000390625,-0.10295367608154037
0.60005859375,-0.10005376393342987
0.600078125,-0.04221785724121875
0.60009765625,0.10247275830366216
0.6001171875,0.11869664130347661
0.60013671875,0.3733968371977298
0.60015625,0.2890883464653925
0.60017578125,-0.20608037753759387
0.6001953125,-0.27875125754731966
0.60021484375,-0.2646466040812112
0.600234375,-0.42875236403506906
0.60025390625,-0.5318583663012704
0.6002734375,-0.637055778060668
0.60029296875,-0.5992697743268109
0.6003125,-0.6816864376653762
0.60033203125,-0.772936406602584
0.6003515625,-0.45349547918532496
0.60037109375,-0.4059354050708577
0.600390625,-0.6055911014898572
0.60041015625,-0.4996400434722485
0.6004296875,-0.39844636612936224
0.60044921875,-0.4207130992244985
0.60046875,-0.49255225036296635
0.60048828125,-0.32287144733593215
0.6005078125,0.08084790374271814
0.60052734375,-0.10950549856574014
0.600546875,-0.4217869912172952
0.60056640625,-0.08852308439159506
0.6005859375,0.0015456596936963066
0.60060546875,-0.283999359958302
0.600625,-0.37202555276438565
0.60064453125,-0.3689186083103887
0.6006640625,-0.24385842103997032
0.60068359375,-0.11693092140158637
0.600703125,-0.04723044084747701
0.60072265625,-0.05780967301291402
0.6007421875,-0.3247814139404329
0.60076171875,-0.3181800309069936
0.60078125,0.004000038916202506
0.60080078125,-0.015253668154459256
0.6008203125,-0.20179992098108754
0.60083984375,-0.22848288005783712
0.600859375,-0.3714824939452759
0.60087890625,-0.6957109948659046
0.6008984375,-0.7328134089097742
0.60091796875,-0.5536594319454864
0.6009375,-0.5564074330564095
0.60095703125,-0.5744709737404986
0.6009765625,-0.6602504838313118
0.60099609375,-0.7348553721277635
0.601015625,-0.674002748227956
0.60103515625,-0.8709319059550318
0.6010546875,-0.9896442853334184
0.60107421875,-0.734372949183062
0.60109375,-0.6119960338205632
0.60111328125,-0.7182586454583595
0.6011328125,-0.8287239772158399
0.60115234375,-0.8018725694817306
0.601171875,-0.7363079563312599
0.60119140625,-0.9710255846754765
0.6012109375,-1.1961989879424382
0.60123046875,-0.8855909958250563
0.60125,-0.49623261430233845
0.60126953125,-0.3630335310935868
0.6012890625,-0.20321783974443577
0.60130859375,-0.36461438606874397
0.601328125,-0.7039970546482544
0.60134765625,-0.5331041784684356
0.6013671875,-0.3877294578267806
0.60138671875,-0.4165996865990903
0.60140625,-0.27396687429024624
0.60142578125,-0.3892884453606492
0.6014453125,-0.4686352703426327
0.60146484375,-0.30846691220600697
0.601484375,-0.4114162618689796
0.60150390625,-0.455612618199449
0.6015234375,-0.2605853596845651
0.60154296875,-0.1964506259296534
0.6015625,-0.3128376179736354
0.60158203125,-0.4448746066248711
0.6016015625,-0.3495438566617662
0.60162109375,-0.29380722138067183
0.601640625,-0.532457363362172
0.60166015625,-0.6597666553012597
0.6016796875,-0.6262480868274527
0.60169921875,-0.5341576567584516
0.60171875,-0.47225080211741705
0.60173828125,-0.45863004223429266
0.6017578125,-0.17183623794084543
0.60177734375,-0.10577504986050791
0.601796875,-0.3085082281220717
0.60181640625,-0.1289570984797393
0.6018359375,-0.10501610434588365
0.60185546875,-0.24099802909589163
0.601875,-0.014151462503497497
0.60189453125,0.1734082139222619
0.6019140625,0.0718280072462228
0.60193359375,-0.06935517960071313
0.601953125,0.19130024530485526
0.60197265625,0.5797605884281514
0.6019921875,0.412428044710409
0.60201171875,0.11805565151500311
0.60203125,0.19373042611957486
0.60205078125,0.21207211796596323
0.6020703125,0.05418121916967747
0.60208984375,0.0754378480742823
0.602109375,0.06138865333719827
0.60212890625,-0.1456670376928551
0.6021484375,-0.24931073927943123
0.60216796875,-0.31855201383459614
0.6021875,-0.4086410607361811
0.60220703125,-0.24225026584971182
0.6022265625,0.07778694946334637
0.60224609375,0.014264156944001502
0.602265625,-0.226226916461225
0.60228515625,0.018596564197959298
0.6023046875,0.24739315790386496
0.60232421875,-0.00754216071085725
0.60234375,-0.04325651441953477
0.60236328125,0.26746657907948757
0.6023828125,0.3261988914840716
0.60240234375,0.16829466918539324
0.602421875,0.0964890299047661
0.60244140625,0.06570342686961553
0.6024609375,0.08026161431213717
0.60248046875,0.2402544245401304
0.6025,0.3159332049530152
0.60251953125,0.2511150300888163
0.6025390625,0.3779749930953029
0.60255859375,0.5590751946553151
0.602578125,0.5206754388679422
0.60259765625,0.4873705963697732
0.6026171875,0.5457542306601031
0.60263671875,0.4691840599539443
0.60265625,0.37370609162691126
0.60267578125,0.37693214347127413
0.6026953125,0.3780847481132904
0.60271484375,0.5160449268483024
0.602734375,0.5100607015882959
0.60275390625,0.2717277692860135
0.6027734375,0.41040062478630135
0.60279296875,0.5670621554444358
0.6028125,0.3438070052741048
0.60283203125,0.30900084574578934
0.6028515625,0.43695819472918174
0.60287109375,0.2935917351749933
0.602890625,-0.037181736735463336
0.60291015625,-0.13657798349946618
0.6029296875,-0.10400159064581119
0.60294921875,-0.41083190110049045
0.60296875,-0.5947618126128726
0.60298828125,-0.45249134729020246
0.6030078125,-0.570141421677347
0.60302734375,-0.5996399786383306
0.603046875,-0.29291184350113364
0.60306640625,-0.26708949322277803
0.6030859375,-0.3195704173364707
0.60310546875,0.018582956861317723
0.603125,0.26089740641617426
0.60314453125,0.10675040427843949
0.6031640625,-0.17085993976609978
0.60318359375,-0.21751795935501267
0.603203125,0.006840086676843653
0.60322265625,-0.016000113031118472
0.6032421875,-0.03287568130485821
0.60326171875,0.29901493360369386
0.60328125,0.45473998110227787
0.60330078125,0.6286400659325234
0.6033203125,0.8285963335310291
0.60333984375,0.6413092969895036
0.603359375,0.5713161705770973
0.60337890625,0.5786477909512947
0.6033984375,0.3833237071986317
0.60341796875,0.5230232013912338
0.6034375,0.7158578959114104
0.60345703125,0.4501435318602452
0.6034765625,0.16086571616178832
0.60349609375,-0.004124495924974145
0.603515625,-0.0562953750817107
0.60353515625,0.08442439292580126
0.6035546875,0.18753377362079415
0.60357421875,0.2484192486398598
0.60359375,0.2686087716812422
0.60361328125,0.3700155823889377
0.6036328125,0.5472045245949587
0.60365234375,0.38908231616259825
0.603671875,0.07445058061103589
0.60369140625,-0.24018510398640555
0.6037109375,-0.42215539811143576
0.60373046875,-0.25277266054591685
0.60375,-0.10188337192891479
0.60376953125,0.04415437774736975
0.6037890625,0.1865977583297878
0.60380859375,0.09752746593060112
0.603828125,0.07199436778873344
0.60384765625,0.1385824320925747
0.6038671875,0.16530468216383404
0.60388671875,0.2124229980471108
0.60390625,0.10419383869966863
0.60392578125,-0.0531582211209046
0.6039453125,0.07897542279179923
0.60396484375,0.24618120559984946
0.603984375,0.27959945981811074
0.60400390625,0.2732824110058651
0.6040234375,0.2014327727166425
0.60404296875,0.37767892147548987
0.6040625,0.43367356216806796
0.60408203125,0.11246721244437193
0.6041015625,0.21013488813301287
0.60412109375,0.33890456880681613
0.604140625,0.056213215918100516
0.60416015625,-0.14148582575575133
0.6041796875,-0.21239872681379565
0.60419921875,-0.05496250387329541
0.60421875,0.2276763487067411
0.60423828125,0.3836205663111181
0.6042578125,0.3174928126639888
0.60427734375,0.14332079343566803
0.604296875,0.4078767404593189
0.60431640625,0.6724132073067726
0.6043359375,0.45744878919475573
0.60435546875,0.41274975994376756
0.604375,0.4188983061094106
0.60439453125,0.07679457478703311
0.6044140625,-0.14804090543807735
0.60443359375,-0.07231643423462288
0.604453125,0.05414043510011486
0.60447265625,0.014160959851209576
0.6044921875,-0.06873276603758167
0.60451171875,0.0921374067261225
0.60453125,0.19698382423850677
0.60455078125,0.19161996888384142
0.6045703125,0.31955623004225564
0.60458984375,0.42653488215294977
0.604609375,0.7059139374559671
0.60462890625,1.0542058945101058
0.6046484375,1.0045721985617113
0.60466796875,0.9860282519135479
0.6046875,1.2813049358965523
0.60470703125,1.4332669515306198
0.6047265625,1.3004473116260495
0.60474609375,1.1086817899658108
0.604765625,0.9166081604831364
0.60478515625,0.5973429489773652
0.6048046875,0.37680500575253995
0.60482421875,0.4926531853127275
0.60484375,0.3621358491716193
0.60486328125,-0.23304791959750026
0.6048828125,-0.37925154605803196
0.60490234375,0.20925383664902866
0.604921875,0.5820164695448677
0.60494140625,0.3101892843177915
0.6049609375,0.21190280420622348
0.60498046875,0.5488306023599065
0.605,0.7180976786594413
0.60501953125,0.548088588821223
0.6050390625,-0.04777074382289029
0.60505859375,-0.44630203431493465
0.605078125,-0.043786007862325754
0.60509765625,0.1554786732308641
0.6051171875,-0.048591243865221234
0.60513671875,-0.07530440990709071
0.60515625,-0.1839741414987331
0.60517578125,-0.15094569842337896
0.6051953125,0.08778686537285146
0.60521484375,0.142192791285046
0.605234375,0.26714899420977
0.60525390625,0.5559073619911327
0.6052734375,0.833530446892626
0.60529296875,0.8956234568730459
0.6053125,0.7124102972130781
0.60533203125,0.727418472089473
0.6053515625,0.8799353869406664
0.60537109375,0.7660903404716043
0.605390625,0.46914965626589167
0.60541015625,0.2088698658549383
0.6054296875,0.15164048756053455
0.60544921875,0.3388829123247288
0.60546875,0.32911865589653044
0.60548828125,-0.15745652502981478
0.6055078125,-0.4085194447176115
0.60552734375,-0.03534096476626024
0.605546875,0.3085595785309439
0.60556640625,0.279383933997906
0.6055859375,0.07757697085465551
0.60560546875,0.16523464395858156
0.605625,0.48105382531444907
0.60564453125,0.39854548340725626
0.6056640625,0.26160735234839905
0.60568359375,0.3457550892447108
0.605703125,0.3935182489301088
0.60572265625,0.4782773612264535
0.6057421875,0.43236994742047963
0.60576171875,0.39110324394321616
0.60578125,0.3890104194939725
0.60580078125,-0.01674415140859757
0.6058203125,-0.5730940704055807
0.60583984375,-0.7683726863345067
0.605859375,-0.452845427711101
0.60587890625,-0.14750459488128076
0.6058984375,-0.3834448482010818
0.60591796875,-0.6105832751877189
0.6059375,-0.47952337231741393
0.60595703125,-0.26475561036266776
0.6059765625,-0.12356911125852896
0.60599609375,-0.06831917941482171
0.606015625,0.09462239064939101
0.60603515625,0.13677242428891642
0.6060546875,0.00979315867626808
0.60607421875,0.1832549452173739
0.60609375,0.36576480382405296
0.60611328125,0.3312257900914678
0.6061328125,0.32082878238528795
0.60615234375,0.12572679056457498
0.606171875,-0.21489158876596787
0.60619140625,-0.24943036996030654
0.6062109375,0.0026871480967438355
0.60623046875,0.13431080021852945
0.60625,-0.0723645748988442
0.60626953125,-0.38274100449735354
0.6062890625,-0.43155125955315243
0.60630859375,-0.3741992529602704
0.606328125,-0.28133060844629076
0.60634765625,0.09660344081746053
0.6063671875,0.35076951788363764
0.60638671875,0.33087182145305016
0.60640625,0.5001407610022016
0.60642578125,0.52133114060251
0.6064453125,0.10735730198782042
0.60646484375,-0.1757507396671028
0.606484375,-0.12303823884216077
0.60650390625,-0.038937807865859195
0.6065234375,-0.25651277053866645
0.60654296875,-0.5204909162281238
0.6065625,-0.22576669041287895
0.60658203125,0.22017004285011887
0.6066015625,0.39244317564931347
0.60662109375,0.4879102371164715
0.606640625,0.5192380435740915
0.60666015625,0.5604359020437788
0.6066796875,0.6132740099695727
0.60669921875,0.8152034395804784
0.60671875,1.107232435102203
0.60673828125,1.06541221312545
0.6067578125,0.9504272655130044
0.60677734375,0.7903473666444438
0.606796875,0.3324617373871046
0.60681640625,0.042789245369497894
0.6068359375,0.04243782965146195
0.60685546875,-0.022238146209805618
0.606875,-0.2535491318598469
0.60689453125,-0.5557015022968689
0.6069140625,-0.6816133442314622
0.60693359375,-0.5011821331964386
0.606953125,-0.24392360663377524
0.60697265625,-0.13641114610968222
0.6069921875,-0.210186317613522
0.60701171875,-0.4421268177651097
0.60703125,-0.3514934064005085
0.60705078125,0.04135068115464971
0.6070703125,-0.06499031838346518
0.60708984375,-0.29947336644487993
0.607109375,-0.319082436451843
0.60712890625,-0.49343744279723833
0.6071484375,-0.5673353799859464
0.60716796875,-0.5119843133144164
0.6071875,-0.26593467826929074
0.60720703125,0.015041801757158114
0.6072265625,-0.07244570307430562
0.60724609375,0.11180453369988545
0.607265625,0.4147996058191402
0.60728515625,0.3163141496161429
0.6073046875,0.4437085385319434
0.60732421875,0.5953245877064214
0.60734375,0.4162511650534483
0.60736328125,0.11058688586360833
0.6073828125,-0.35804740575251115
0.60740234375,-0.42745308442817603
0.607421875,-0.0601504960817912
0.60744140625,-0.020780187815257534
0.6074609375,-0.19133991290271632
0.60748046875,-0.08896328400833431
0.6075,0.2545223833365751
0.60751953125,0.37310802442336477
0.6075390625,0.11889707745297275
0.60755859375,-0.015709956507549673
0.607578125,0.0271336153790779
0.60759765625,-0.13816205257952602
0.6076171875,-0.390326144299853
0.60763671875,-0.5686779943454021
0.60765625,-0.7489293940866868
0.60767578125,-0.8061252399005733
0.6076953125,-0.8923018296176816
0.60771484375,-0.9751261438243969
0.607734375,-0.6795934163215687
0.60775390625,-0.3677275326083266
0.6077734375,-0.2603963832927182
0.60779296875,-0.23991974447566056
0.6078125,-0.42930552014421464
0.60783203125,-0.4556841139404305
0.6078515625,-0.23897670526727674
0.60787109375,-0.29522549319713987
0.607890625,-0.3703262249769487
0.60791015625,-0.15053505487945784
0.6079296875,-0.16835385578630746
0.60794921875,-0.3747583136816727
0.60796875,-0.3510023401362174
0.60798828125,-0.3780142064981943
0.6080078125,-0.4777607072460761
0.60802734375,-0.4880317200992468
0.608046875,-0.4367464431477185
0.60806640625,-0.20819044696843228
0.6080859375,0.20778158809493588
0.60810546875,0.46247459606541463
0.608125,0.19983757822791295
0.60814453125,-0.08236818954399273
0.6081640625,-0.06419059342103703
0.60818359375,-0.12662310818301756
0.608203125,-0.14441845249434343
0.60822265625,-0.015594616113534299
0.6082421875,0.06560794566078054
0.60826171875,-0.17020648649916956
0.60828125,-0.5088859603139655
0.60830078125,-0.4159225669515836
0.6083203125,-0.475498614507577
0.60833984375,-0.7343937533151138
0.608359375,-0.5160125168320189
0.60837890625,-0.350837078237691
0.6083984375,-0.6418252640267472
0.60841796875,-0.9023665212644221
0.6084375,-0.574215301615797
0.60845703125,-0.013160321895586552
0.6084765625,0.00020645505361313252
0.60849609375,-0.18778621345998436
0.608515625,-0.32180277362549403
0.60853515625,-0.47695518540997567
0.6085546875,-0.39310961253337695
0.60857421875,-0.27045659057043003
0.60859375,-0.11993910477295536
0.60861328125,0.20898943692455121
0.6086328125,0.3653387019100109
0.60865234375,0.20414287209093349
0.608671875,0.011737114945808341
0.60869140625,-0.059386754483980106
0.6087109375,-0.12108176600597181
0.60873046875,-0.1156585588510661
0.60875,-0.10981909222357114
0.60876953125,-0.2991729577219501
0.6087890625,-0.44727964452945024
0.60880859375,-0.41896734478933745
0.608828125,-0.4743929902997921
0.60884765625,-0.7149511756390444
0.6088671875,-0.7708835844942317
0.60888671875,-0.5999023271371282
0.60890625,-0.6640127604265849
0.60892578125,-0.8389072616594714
0.6089453125,-0.8831495149633587
0.60896484375,-0.795357162212573
0.608984375,-0.6855463967836845
0.60900390625,-0.7735829187596422
0.6090234375,-0.8522132519414112
0.60904296875,-1.0347024522332242
0.6090625,-1.3032633698378546
0.60908203125,-1.0966866637844563
0.6091015625,-0.8828431215346395
0.60912109375,-1.1740105059139112
0.609140625,-1.2966317554742908
0.60916015625,-0.8358477743620095
0.6091796875,-0.41556403770635214
0.60919921875,-0.44870730590886854
0.60921875,-0.3983962386293173
0.60923828125,-0.07347710343969047
0.6092578125,0.18475338651653167
0.60927734375,0.3228938946501244
0.609296875,0.19009677263352645
0.60931640625,0.027184117274931772
0.6093359375,0.09296697040842175
0.60935546875,-0.18655178910374273
0.609375,-0.5232243610051268
0.60939453125,-0.3972257403573428
0.6094140625,-0.4191371662967848
0.60943359375,-0.5937625281685354
0.609453125,-0.4016958897274921
0.60947265625,0.0069809562280627666
0.6094921875,0.13449933298842331
0.60951171875,-0.22466001605600036
0.60953125,-0.5565556549067106
0.60955078125,-0.41232670383118286
0.6095703125,-0.23442397643100477
0.60958984375,-0.4184447311002344
0.609609375,-0.5311588450791774
0.60962890625,-0.3226024113267552
0.6096484375,-0.19431014857826695
0.60966796875,-0.2641046777374358
0.6096875,-0.24117385992520513
0.60970703125,-0.09878769616887854
0.6097265625,-0.048551276118929954
0.60974609375,0.0353339845549519
0.609765625,0.21085617183635974
0.60978515625,0.10572169370320973
0.6098046875,-0.020227749655427042
0.60982421875,0.152923732524591
0.60984375,0.19821036850197477
0.60986328125,0.18058953541152944
0.6098828125,0.1288152446261135
0.60990234375,-0.07979743518216167
0.609921875,0.04112173962748472
0.60994140625,0.3492307987088892
0.6099609375,0.4808645294200108
0.60998046875,0.4892825758792264
0.61,0.3955373730358132
0.61001953125,0.42344292636698966
0.6100390625,0.3696564911722325
0.61005859375,0.1483946437433632
0.610078125,0.2165793937118214
0.61009765625,0.2625783722569214
0.6101171875,0.20223039956407296
0.61013671875,0.338890947598673
0.61015625,0.3124092163732715
0.61017578125,0.282029747152404
0.6101953125,0.32008802868379127
0.61021484375,0.20533041269273128
0.610234375,0.24716671585900551
0.61025390625,0.10681484618094797
0.6102734375,-0.09429836501223535
0.61029296875,0.13679343470380856
0.6103125,0.06255869699659015
0.61033203125,-0.20284296788751208
0.6103515625,-0.011000560319837475
0.61037109375,0.1516479027615229
0.610390625,0.11744321305360456
0.61041015625,0.2097733648458436
0.6104296875,0.49361068717236145
0.61044921875,0.7480950460835643
0.61046875,0.6179638844992578
0.61048828125,0.25657420195036384
0.6105078125,0.19367567913985437
0.61052734375,0.46321320550860734
0.610546875,0.4669863617868929
0.61056640625,0.16709740800178136
0.6105859375,0.154896625890745
0.61060546875,0.36513942284095846
0.610625,0.5394913161068058
0.61064453125,0.5138330890933285
0.6106640625,0.27936643803651623
0.61068359375,0.403197227526774
0.610703125,0.7843735810208425
0.61072265625,0.8613906414617184
0.6107421875,0.6725118686826401
0.61076171875,0.3991896997759392
0.61078125,0.48326508347004016
0.61080078125,0.914277110097186
0.6108203125,0.8830229175718824
0.61083984375,0.5230801605470597
0.610859375,0.36137882353810435
0.61087890625,0.1543535711851799
0.6108984375,-0.035731451095388334
0.61091796875,0.06365973218077475
0.6109375,0.17064469551775538
0.61095703125,-0.05163064723353339
0.6109765625,-0.22951689286555255
0.61099609375,-0.02208545133912461
0.611015625,-0.19765654331728574
0.61103515625,-0.753186383041698
0.6110546875,-0.6973302578909895
0.61107421875,-0.435499937526199
0.61109375,-0.5333566362972828
0.61111328125,-0.5983767365861737
0.6111328125,-0.5105185933869141
0.61115234375,-0.43879562821981555
0.611171875,-0.3546524391453297
0.61119140625,-0.059011381357984616
0.6112109375,0.12291299880930001
0.61123046875,0.006938479968412667
0.61125,0.245663080818939
0.61126953125,0.6004280685939727
0.6112890625,0.5476053461940021
0.61130859375,0.5527086161830158
0.611328125,0.7151401617760262
0.61134765625,0.7609044565936601
0.6113671875,0.5323146875409388
0.61138671875,0.28166358476792475
0.61140625,0.3892331505746827
0.61142578125,0.4786445838696892
0.6114453125,0.5711028178695255
0.61146484375,0.7066211546184324
0.611484375,0.5114704271699193
0.61150390625,0.28143622577716104
0.6115234375,0.1531044903982514
0.61154296875,0.16599139729785373
0.6115625,0.16192230810304112
0.61158203125,-0.05210633513981197
0.6116015625,0.004013122562681171
0.61162109375,0.06231318392505748
0.611640625,0.03293022873196136
0.61166015625,0.2632768295136495
0.6116796875,0.2627831797836766
0.61169921875,0.055849478813764314
0.61171875,0.03981524522539913
0.61173828125,0.34906483627734597
0.6117578125,0.5190869460962892
0.61177734375,-0.03868779189345882
0.611796875,-0.3730730264236434
0.61181640625,-0.05224815097348243
0.6118359375,0.10323084459929333
0.61185546875,0.01431861281634416
0.611875,-0.08134184586084352
0.61189453125,0.15326594837977875
0.6119140625,0.46647288791374975
0.61193359375,0.22395890241826155
0.611953125,-0.02875705655494645
0.61197265625,0.032971483451156886
0.6119921875,0.17473728243225994
0.61201171875,0.39005384461735204
0.61203125,0.36916520456701285
0.61205078125,0.09794227638457387
0.6120703125,0.08793604580126611
0.61208984375,0.4236486692849774
0.612109375,0.5698289258808984
0.61212890625,0.4531436222108253
0.6121484375,0.3805680078049834
0.61216796875,0.24843451888054313
0.6121875,0.2205407937335388
0.61220703125,0.40513674902779195
0.6122265625,0.4911275529307745
0.61224609375,0.4080336291480336
0.612265625,0.2738627910226019
0.61228515625,0.34644417420083407
0.6123046875,0.36335567959301757
0.61232421875,0.06073744761324922
0.61234375,0.05488601810751459
0.61236328125,0.13777250394550683
0.6123828125,-0.060249756571505095
0.61240234375,0.06625536885894687
0.612421875,0.4425667650643744
0.61244140625,0.622445421906787
0.6124609375,0.6018697117264886
0.61248046875,0.5248038626156255
0.6125,0.5146486196789142
0.61251953125,0.4068242490463917
0.6125390625,0.24193454001782785
0.61255859375,0.30496710541277366
0.612578125,0.43065898904566097
0.61259765625,0.45226834102264835
0.6126171875,0.4896412157938126
0.61263671875,0.5796630992935627
0.61265625,0.7427546042207849
0.61267578125,0.919774251043407
0.6126953125,1.0737431189292865
0.61271484375,1.131202776188464
0.612734375,0.9500082100827361
0.61275390625,0.61606769135908
0.6127734375,0.4162406492940569
0.61279296875,0.5647192947511319
0.6128125,0.7678221166648844
0.61283203125,0.820613448105908
0.6128515625,0.8077286029772958
0.61287109375,0.6781965940726691
0.612890625,0.5625537079834193
0.61291015625,0.4794906721597437
0.6129296875,0.506888823737939
0.61294921875,0.604087744210613
0.61296875,0.2927805401858152
0.61298828125,-0.18441255002511764
0.6130078125,-0.4496497205489194
0.61302734375,-0.5587609720670171
0.613046875,-0.27455482197872827
0.61306640625,0.05279137251625379
0.6130859375,0.11786452694182373
0.61310546875,0.34921398860070674
0.613125,0.30514574511674697
0.61314453125,-0.06306258214736944
0.6131640625,0.05662096499616355
0.61318359375,0.32472693616850584
0.613203125,0.3444753516278859
0.61322265625,0.13386548440922258
0.6132421875,-0.24644610521513938
0.61326171875,-0.21979534896723757
0.61328125,0.1077827790991779
0.61330078125,0.23493821401186554
0.6133203125,0.07214511259588141
0.61333984375,-0.18517491416664758
0.613359375,0.1337766843262376
0.61337890625,0.6496020631054029
0.6133984375,0.45030122706009884
0.61341796875,0.07109150361934126
0.6134375,0.04093381928906485
0.61345703125,0.21044596555389522
0.6134765625,0.37416169390258314
0.61349609375,0.3578631128339007
0.613515625,0.35156033472722203
0.61353515625,0.33396318916477763
0.6135546875,0.3745138654373233
0.61357421875,0.5517463859841641
0.61359375,0.4588709541239393
0.61361328125,0.38768500618160195
0.6136328125,0.520088633436657
0.61365234375,0.6164592143192913
0.613671875,0.7188428195164126
0.61369140625,0.434959444654711
0.6137109375,0.11640514407454791
0.61373046875,0.2245666189057591
0.61375,0.039792244487005884
0.61376953125,-0.38449356111381333
0.6137890625,-0.4860079297941286
0.61380859375,-0.3997663304851522
0.613828125,-0.439308266875585
0.61384765625,-0.5048535087587698
0.6138671875,-0.37199582270522247
0.61388671875,-0.38097745506646946
0.61390625,-0.47458638284586935
0.61392578125,-0.4087256239136814
0.6139453125,-0.5017976207056937
0.61396484375,-0.6137782796250134
0.613984375,-0.44951256366473497
0.61400390625,-0.16688410753296623
0.6140234375,-0.10390329381145216
0.61404296875,-0.26760473616031655
0.6140625,-0.38419723764208147
0.61408203125,-0.4491451315875826
0.6141015625,-0.25813042396896324
0.61412109375,0.10095331292081114
0.614140625,0.14887412714045734
0.61416015625,0.1327785288871698
0.6141796875,0.2307212220347574
0.61419921875,0.2507972061220963
0.61421875,0.29674805432906276
0.61423828125,0.27856589834221407
0.6142578125,0.11934073344489712
0.61427734375,0.10777502124829526
0.614296875,0.09126505278402833
0.61431640625,-0.14818194786085392
0.6143359375,-0.31044099912305434
0.61435546875,-0.27688367639002853
0.614375,-0.14507852391684242
0.61439453125,-0.13334364242454835
0.6144140625,-0.15534397654398815
0.61443359375,0.13456763181135545
0.614453125,0.3346535458575728
0.61447265625,0.12633208305449023
0.6144921875,-0.1890101902583067
0.61451171875,-0.36647589888196613
0.61453125,-0.21134797549035433
0.61455078125,0.0575452423443771
0.6145703125,0.0033938138251893585
0.61458984375,0.056349187016638075
0.614609375,0.5068253777217051
0.61462890625,0.507370907168408
0.6146484375,0.02105222762703572
0.61466796875,0.08945616924005363
0.6146875,0.6753714929832149
0.61470703125,0.814092381563282
0.6147265625,0.3933551307526969
0.61474609375,0.31949390681446105
0.614765625,0.7578468399616299
0.61478515625,0.763837871288592
0.6148046875,0.3684054731550367
0.61482421875,0.3383222642568337
0.61484375,0.39657100979762977
0.61486328125,0.19730974801552986
0.6148828125,-0.024879107273919517
0.61490234375,-0.2185738717658686
0.614921875,-0.23741962400892924
0.61494140625,-0.06852889785009662
0.6149609375,-0.12093624838658891
0.61498046875,-0.3332510972254794
0.615,-0.3255821331927197
0.61501953125,-0.19787067668710256
0.6150390625,-0.24011296090214623
0.61505859375,-0.3839168603942272
0.615078125,-0.42843809743778977
0.61509765625,-0.3965162344400557
0.6151171875,-0.33045062352874055
0.61513671875,-0.18007733134758677
0.61515625,0.007086205905266166
0.61517578125,0.11920383511333976
0.6151953125,0.0990460026973081
0.61521484375,-0.048493330025615865
0.615234375,-0.10727068549669111
0.61525390625,-0.09700865805112477
0.6152734375,-0.06342331856397986
0.61529296875,0.26699453841529885
0.6153125,0.41681829556183775
0.61533203125,0.11628754702642788
0.6153515625,-0.13624390487991678
0.61537109375,-0.21129704461017462
0.615390625,-0.11787951412587408
0.61541015625,-0.16306007163359487
0.6154296875,-0.2702125978878014
0.61544921875,-0.13704112752809988
0.61546875,-0.3570121588684844
0.61548828125,-0.5395836222186188
0.6155078125,-0.06470822816476736
0.61552734375,0.020814145464230563
0.615546875,-0.3460553422693018
0.61556640625,-0.24149845983882762
0.6155859375,0.11089888998464402
0.61560546875,0.26163276371570326
0.615625,0.020440996761931327
0.61564453125,-0.3222976106890515
0.6156640625,-0.4434498575179763
0.61568359375,-0.806293754369753
0.615703125,-1.1529902550067797
0.61572265625,-1.0401520263714699
0.6157421875,-1.0654508474979962
0.61576171875,-1.2289449474315552
0.61578125,-1.1730280212299005
0.61580078125,-1.0751982096916584
0.6158203125,-0.7964940084455132
0.61583984375,-0.4405663027898682
0.615859375,-0.3749958230259846
0.61587890625,-0.29900966314268956
0.6158984375,-0.2763743783447947
0.61591796875,-0.4686573381650104
0.6159375,-0.313965694064534
0.61595703125,-0.1144598172410947
0.6159765625,-0.25998267335018044
0.61599609375,-0.24226490068720313
0.616015625,-0.14239561313573837
0.61603515625,-0.15695958900100282
0.6160546875,-0.37701762893338653
0.61607421875,-0.676906397799353
0.61609375,-0.6288019193963115
0.61611328125,-0.7039194633669428
0.6161328125,-0.7674301996320635
0.61615234375,-0.35470601734830665
0.616171875,-0.2508738838751873
0.61619140625,-0.41557819448338124
0.6162109375,-0.3040231389518078
0.61623046875,-0.3350872978904855
0.61625,-0.5686789144679776
0.61626953125,-0.5405919725941069
0.6162890625,-0.28412690808238317
0.61630859375,-0.2100224452128595
0.616328125,-0.4693205091573975
0.61634765625,-0.6397694483201135
0.6163671875,-0.33818595521697864
0.61638671875,-0.04079399396916646
0.61640625,-0.22966556109091363
0.61642578125,-0.4789179679000261
0.6164453125,-0.40775778707256954
0.61646484375,-0.34470736753943465
0.616484375,-0.35128188016168926
0.61650390625,-0.20786908952910588
0.6165234375,-0.19032140706000367
0.61654296875,-0.21001612811293421
0.6165625,0.07160094244271059
0.61658203125,0.2815793864661168
0.6166015625,0.11388901039501356
0.61662109375,-0.13548428920074118
0.616640625,-0.1561554416119855
0.61666015625,-0.193832333222095
0.6166796875,-0.41191848324965125
0.61669921875,-0.22283535564597792
0.61671875,0.316390569326769
0.61673828125,0.2586298017342111
0.6167578125,-0.26843991797959255
0.61677734375,-0.2922823223329426
0.616796875,0.2621381140295643
0.61681640625,0.6292439061353701
0.6168359375,0.3759399089186938
0.61685546875,-0.07536196243125022
0.616875,-0.21484187400410007
0.61689453125,-0.20282864277906026
0.6169140625,-0.5364264137948836
0.61693359375,-1.0915464884999846
0.616953125,-1.1755850264601744
0.61697265625,-0.9510114450604735
0.6169921875,-1.0346904534434305
0.61701171875,-1.143471303481071
0.61703125,-1.0142056503507588
0.61705078125,-0.9624785917384611
0.6170703125,-0.8148926574595035
0.61708984375,-0.334920393399284
0.617109375,-0.021534647716281302
0.61712890625,-0.11371116049568283
0.6171484375,-0.2388581427704406
0.61716796875,-0.17789483563664232
0.6171875,-0.14674984917320388
0.61720703125,-0.2982518044128509
0.6172265625,-0.3094012750885013
0.61724609375,-0.14347918467569193
0.617265625,-0.20013296750068577
0.61728515625,-0.3879528064327693
0.6173046875,-0.5637832161676912
0.61732421875,-0.7368827965388609
0.61734375,-0.5403818583599843
0.61736328125,-0.33715894896681553
0.6173828125,-0.4882658499964078
0.61740234375,-0.43215822658909325
0.617421875,-0.2992599368995943
0.61744140625,-0.241767622338968
0.6174609375,-0.16913509543033728
0.61748046875,-0.2966347389825635
0.6175,-0.2890866486499905
0.61751953125,-0.20324097271779404
0.6175390625,-0.38749405406252924
0.61755859375,-0.4891609233151123
0.617578125,-0.3598311336360663
0.61759765625,-0.24296458866294313
0.6176171875,-0.34790151293893246
0.61763671875,-0.49916280181191736
0.61765625,-0.36919815091565533
0.61767578125,-0.27847556705271376
0.6176953125,-0.2928696309792882
0.61771484375,-0.06068810911885114
0.617734375,0.03468653168236444
0.61775390625,-0.16208191519439274
0.6177734375,-0.14313221811077903
0.61779296875,0.09753512733927236
0.6178125,0.14028235132426856
0.61783203125,-0.018840199177035482
0.6178515625,0.08518001587811248
0.61787109375,0.21433134223184527
0.617890625,-0.05028922960426574
0.61791015625,-0.07303422789054835
0.6179296875,0.15294664306294067
0.61794921875,0.1272598304330808
0.61796875,0.08453216213095302
0.61798828125,-0.014437633598441808
0.6180078125,-0.010433323887991293
0.61802734375,0.2083630656897027
0.618046875,0.1502093866969067
0.61806640625,-0.00947153114399214
0.6180859375,-0.023987904634316062
0.61810546875,0.1916160526199549
0.618125,0.44894704620074793
0.61814453125,-0.032663425833265425
0.6181640625,-0.676291792890231
0.61818359375,-0.570331210328938
0.618203125,-0.33945094112227403
0.61822265625,-0.2518910432088607
0.6182421875,-0.0661305637799318
0.61826171875,-0.01603631864640915
0.61828125,0.12100285258555493
0.61830078125,0.3534518412752485
0.6183203125,0.2438054970279447
0.61833984375,0.2451657544973203
0.618359375,0.4215747539305101
0.61837890625,0.3487841153935522
0.6183984375,0.2742921576605701
0.61841796875,0.20106932878766698
0.6184375,0.2003866888856194
0.61845703125,0.31510606761517945
0.6184765625,0.22004486364564368
0.61849609375,0.14574599409712607
0.618515625,0.17571171302167404
0.61853515625,0.1972586706018949
0.6185546875,0.31668649725140985
0.61857421875,0.2644583438731739
0.61859375,0.1730860923776575
0.61861328125,0.3214140366169563
0.6186328125,0.32959769938501987
0.61865234375,0.33743488952582656
0.618671875,0.5329800684270893
0.61869140625,0.534736674309196
0.6187109375,0.4588025036681047
0.61873046875,0.47660205044050574
0.61875,0.5321899795122507
0.61876953125,0.5469981510439017
0.6187890625,0.3953507734103515
0.61880859375,0.39413770235244977
0.618828125,0.5058934619736001
0.61884765625,0.28216409931215664
0.6188671875,0.011823119695133364
0.61888671875,0.10481859314835618
0.61890625,0.2225078564489979
0.61892578125,-0.030169565481355035
0.6189453125,-0.25971375529205143
0.61896484375,-0.2448360242312659
0.618984375,-0.38459620026007546
0.61900390625,-0.5642036703374235
0.6190234375,-0.5357642723544503
0.61904296875,-0.4795034669503946
0.6190625,-0.42711167837475694
0.61908203125,-0.2887325443903189
0.6191015625,-0.1329859415058283
0.61912109375,-0.07356815453315478
0.619140625,-0.08627428896692475
0.61916015625,0.022946041552118032
0.6191796875,0.2137554654985164
0.61919921875,0.13601732300681701
0.61921875,-0.12836889835002055
0.61923828125,-0.029201856206887908
0.6192578125,0.31608993575206445
0.61927734375,0.29129651853766414
0.619296875,0.273856981655915
0.61931640625,0.5718134561302554
0.6193359375,0.5617243362380057
0.61935546875,0.38892058709596883
0.619375,0.3007026668576901
0.61939453125,0.19376012879073684
0.6194140625,0.433316217637165
0.61943359375,0.6252882074544457
0.619453125,0.4277564192202032
0.61947265625,0.26494618748319987
0.6194921875,0.0848850805799683
0.61951171875,-0.0020387467479171814
0.61953125,0.08831768171482915
0.61955078125,0.11349155884019885
0.6195703125,0.1009822555148534
0.61958984375,0.09436924521835818
0.619609375,0.18281242397373088
0.61962890625,0.3358528999602638
0.6196484375,0.3509595960089811
0.61966796875,0.09440048872712993
0.6196875,-0.13314732788926448
0.61970703125,0.03259959249279548
0.6197265625,0.2925597692220922
0.61974609375,0.35160568646427
0.619765625,0.2081734499789104
0.61978515625,0.1781926717716914
0.6198046875,0.388709166199827
0.61982421875,0.23902352618343495
0.61984375,-0.022616086348622992
0.61986328125,0.18878922104572374
0.6198828125,0.24522167821673452
0.61990234375,0.08053275147281852
0.619921875,0.17290624580163838
0.61994140625,0.240967811994326
0.6199609375,0.25034907438746534
0.61998046875,0.2477890360969451
0.62,0.09857624280165123
0.62001953125,-0.15824412042171482
0.6200390625,-0.43813815368246656
0.62005859375,-0.30067430873735146
0.620078125,0.07084657169382279
0.62009765625,0.15938640518854202
0.6201171875,0.4772623431515271
0.62013671875,0.778422632254768
0.62015625,0.3795787277701633
0.62017578125,0.1481225190033359
0.6201953125,0.4192897513982828
0.62021484375,0.4900281712385741
0.620234375,0.3433485582917772
0.62025390625,0.17665349851723572
0.6202734375,0.028913069077573385
0.62029296875,-0.09122812221190192
0.6203125,0.07365417491412105
0.62033203125,0.39972811774063266
0.6203515625,0.19449651074868646
0.62037109375,-0.015960496072716324
0.620390625,0.13957374428650518
0.62041015625,0.09116746433699482
0.6204296875,0.14789315147102058
0.62044921875,0.3630161914303892
0.62046875,0.34837698051198984
0.62048828125,0.29656030972572767
0.6205078125,0.38207164275455474
0.62052734375,0.5346699678317233
0.620546875,0.5663094424689323
0.62056640625,0.5936851136896502
0.6205859375,0.841721327619972
0.62060546875,1.041247126490597
0.620625,0.9539047711820698
0.62064453125,0.8126344509133024
0.6206640625,0.7901273398518203
0.62068359375,0.8957348298873957
0.620703125,1.0408040015995503
0.62072265625,0.8636941204849411
0.6207421875,0.7310230298812745
0.62076171875,0.8172576885018795
0.62078125,0.4801574715552733
0.62080078125,0.3082420845644044
0.6208203125,0.4473769681670117
0.62083984375,0.2711032730582526
0.620859375,0.2154179659341114
0.62087890625,0.1620818422045705
0.6208984375,0.039024724258013434
0.62091796875,0.15207183646978467
0.6209375,0.0930753665253439
0.62095703125,-0.030823245969658176
0.6209765625,0.07421826019089638
0.62099609375,0.29964117994232375
0.621015625,0.39238775382970525
0.62103515625,0.08099072859704494
0.6210546875,-0.21838871790429185
0.62107421875,-0.0894820942595517
0.62109375,0.3506728437651133
0.62111328125,0.644313179732011
0.6211328125,0.3052383403833297
0.62115234375,0.007418492677443246
0.621171875,0.2917199164157773
0.62119140625,0.5069930181238209
0.6212109375,0.3955858794219482
0.62123046875,0.2356451294098868
0.62125,0.2824712132699693
0.62126953125,0.3250726268674478
0.6212890625,0.23273259045015163
0.62130859375,0.44654469506984057
0.621328125,0.5996989370938214
0.62134765625,0.3473820699351574
0.6213671875,0.39766767875272724
0.62138671875,0.6098146153241838
0.62140625,0.472990483485738
0.62142578125,0.5487001190830177
0.6214453125,0.8574397128666362
0.62146484375,0.8048685612644618
0.621484375,0.5023755305971126
0.62150390625,0.3920007526655772
0.6215234375,0.641457014036747
0.62154296875,0.7950262055346864
0.6215625,0.5338632145697997
0.62158203125,0.40826642728116297
0.6216015625,0.4741730208306647
0.62162109375,0.18477364389164683
0.621640625,-0.08220857395229628
0.62166015625,-0.04183641139922817
0.6216796875,-0.1528648767798763
0.62169921875,-0.2634997989247656
0.62171875,-0.19170767505458897
0.62173828125,-0.16868090171091193
0.6217578125,-0.2753598446660297
0.62177734375,-0.3260235946859548
0.621796875,-0.05958811746836363
0.62181640625,0.08021620972170439
0.6218359375,-0.07607133576469528
0.62185546875,-0.08981554988902898
0.621875,-0.24093107411799577
0.62189453125,-0.5094514234268966
0.6219140625,-0.3711842624334368
0.62193359375,-0.10818424731457174
0.621953125,-0.024435794950614556
0.62197265625,0.013456035008918035
0.6219921875,-0.025894508709149555
0.62201171875,0.006735159659665285
0.62203125,0.17273789690044733
0.62205078125,0.30197536601557506
0.6220703125,0.3731398749130728
0.62208984375,0.08934347194683773
0.622109375,-0.25377457930153446
0.62212890625,-0.025604483789939986
0.6221484375,0.23731324191818207
0.62216796875,0.11315257198891443
0.6221875,-0.16939677398607722
0.62220703125,-0.2535216495792239
0.6222265625,0.08088252105547422
0.62224609375,0.25050716983601995
0.622265625,0.04742081359579582
0.62228515625,-0.13870625185492613
0.6223046875,-0.14301209462055936
0.62232421875,0.11783493129697087
0.62234375,0.12196363857938178
0.62236328125,-0.2502583935232177
0.6223828125,-0.2502484377567754
0.62240234375,-0.05345614960039314
0.622421875,-0.14035080548095769
0.62244140625,-0.24117008354931022
0.6224609375,-0.14330992746870733
0.62248046875,0.16742821945556471
0.6225,0.4565145467664599
0.62251953125,0.5006630080733705
0.6225390625,0.48479989666348267
0.62255859375,0.353785087673127
0.622578125,0.2356129392956201
0.62259765625,0.3128315866202986
0.6226171875,0.20211710045082193
0.62263671875,0.017883528916260397
0.62265625,0.0021389396038248923
0.62267578125,0.13093615484826004
0.6226953125,0.3950109674343716
0.62271484375,0.43047495686477866
0.622734375,0.34758863088430736
0.62275390625,0.4704850179060289
0.6227734375,0.6012966851318635
0.62279296875,0.573103853873246
0.6228125,0.35095579952260747
0.62283203125,0.2114167721329379
0.6228515625,0.22872321148545877
0.62287109375,0.0664573169687238
0.622890625,-0.005919108086725678
0.62291015625,0.013621853037710643
0.6229296875,-0.29603265233403675
0.62294921875,-0.37537570894061234
0.62296875,-0.09973092471731729
0.62298828125,-0.025653061624454472
0.6230078125,-0.012684252039724342
0.62302734375,-0.04945261786461208
0.623046875,-0.023917704067566884
0.62306640625,0.05748315895222234
0.6230859375,-0.057382121893438234
0.62310546875,-0.0025017728186696175
0.623125,-0.004221569025809636
0.62314453125,-0.03220731035896806
0.6231640625,0.17037449963598544
0.62318359375,-0.04824003771714007
0.623203125,-0.2496937120242913
0.62322265625,-0.0901319984432788
0.6232421875,-0.11740657891940957
0.62326171875,0.02168036082784834
0.62328125,0.2713166182944916
0.62330078125,0.16279688449036797
0.6233203125,0.10586688498703908
0.62333984375,0.423127198006797
0.623359375,0.61960352778383
0.62337890625,0.24193486620897425
0.6233984375,-0.10298201830420428
0.62341796875,0.014590416685205183
0.6234375,0.10913504333792341
0.62345703125,0.12203347406880448
0.6234765625,0.0765202583431416
0.62349609375,-0.03256257020023859
0.623515625,0.13395205526664217
0.62353515625,0.366514994292524
0.6235546875,0.30867934632084926
0.62357421875,0.018641641725195092
0.62359375,-0.15586929121423926
0.62361328125,-0.052032348611494
0.6236328125,-0.05542329341439281
0.62365234375,-0.2779472995258766
0.623671875,-0.71051089339921
0.62369140625,-1.1570053644934348
0.6237109375,-1.1493374404737207
0.62373046875,-1.0618964932754356
0.62375,-1.0490740962539449
0.62376953125,-0.8315543869228228
0.6237890625,-0.686794051926162
0.62380859375,-0.7084710704839703
0.623828125,-0.8854657056882027
0.62384765625,-0.7520923863300586
0.6238671875,-0.20974725730014973
0.62388671875,-0.2152239357771159
0.62390625,-0.37625033133510444
0.62392578125,-0.2071892654967425
0.6239453125,-0.21804575778689417
0.62396484375,-0.13825934725658723
0.623984375,-0.03708675347500893
0.62400390625,-0.14657819855761742
0.6240234375,-0.2604472823985876
0.62404296875,-0.4398037893048853
0.6240625,-0.3424147045641695
0.62408203125,-0.08410009094474778
0.6241015625,-0.02794121474645663
0.62412109375,0.11732996283534894
0.624140625,0.03499128591023028
0.62416015625,-0.21073243177761475
0.6241796875,-0.10156357926875795
0.62419921875,-0.07727692139080941
0.62421875,-0.16520185133905646
0.62423828125,-0.24902116069560587
0.6242578125,-0.5368342181255042
0.62427734375,-0.6223146428873065
0.624296875,-0.5435857123769074
0.62431640625,-0.6136020321648041
0.6243359375,-0.8372400449933284
0.62435546875,-0.9858350750503687
0.624375,-0.6247003441646017
0.62439453125,-0.37901777588828195
0.6244140625,-0.670181370159477
0.62443359375,-0.8210291424710706
0.624453125,-0.5155557800419214
0.62447265625,0.05390075916800492
0.6244921875,0.07741204961106529
0.62451171875,-0.37085085880315066
0.62453125,-0.32247363470542717
0.62455078125,-0.20394597464867592
0.6245703125,-0.2828040832780937
0.62458984375,-0.17135957376136882
0.624609375,-0.07813511002637921
0.62462890625,0.11518543948306528
0.6246484375,0.23451192877372762
0.62466796875,-0.002822406752360892
0.6246875,-0.012822311452530676
0.62470703125,0.1538218837792304
0.6247265625,0.29300570465630704
0.62474609375,0.38845583348057255
0.624765625,0.035103670595345395
0.62478515625,-0.21580805112295898
0.6248046875,-0.11535806183256533
0.62482421875,-0.1304735996551776
0.62484375,-0.16798407564853735
0.62486328125,-0.48208197513802126
0.6248828125,-0.755483904979908
0.62490234375,-0.5777945275025242
0.624921875,-0.5224965662413528
0.62494140625,-0.4572827630446581
0.6249609375,-0.5178343624380619
0.62498046875,-0.874134937247832
0.625,-0.7886922685147438
0.62501953125,-0.7550628508539611
0.6250390625,-1.1823418489518869
0.62505859375,-1.247047255796344
0.625078125,-0.9119130555274901
0.62509765625,-0.6890166390557289
0.6251171875,-0.8010591287702366
0.62513671875,-0.9166743721817212
0.62515625,-0.5583259738364013
0.62517578125,-0.1876188366697886
0.6251953125,-0.1878548814863205
0.62521484375,-0.16411800484669306
0.625234375,-0.07808479956625757
0.62525390625,-0.09720354490505027
0.6252734375,0.0021434167915508964
0.62529296875,0.13461443849351315
0.6253125,-0.020806356265472593
0.62533203125,-0.15473155651894344
0.6253515625,-0.05644983175871012
0.62537109375,-0.049511194150738826
0.625390625,-0.19647852949249817
0.62541015625,-0.2416329389921933
0.6254296875,-0.07190565137433867
0.62544921875,0.07736451696717137
0.62546875,0.015075666182054706
0.62548828125,-0.2530097276440974
0.6255078125,-0.4787851614859214
0.62552734375,-0.4203127597293284
0.625546875,-0.36983674006161743
0.62556640625,-0.3734444178162001
0.6255859375,-0.1856931057812185
0.62560546875,-0.07633666484063943
0.625625,-0.2208170191197469
0.62564453125,-0.11114710466567468
0.6256640625,0.4110989150816172
0.62568359375,0.4745979663863522
0.625703125,-0.07366453437867525
0.62572265625,-0.14256918872830596
0.6257421875,0.18721461511611914
0.62576171875,0.05693117197422457
0.62578125,-0.03598247094703946
0.62580078125,0.12605270025543994
0.6258203125,0.027928837489106306
0.62583984375,-0.022204709439462792
0.625859375,0.0023044748196193936
0.62587890625,-0.041203650441985304
0.6258984375,-0.07250414335637609
0.62591796875,-0.44889938794963735
0.6259375,-0.6932545689377005
0.62595703125,-0.4186204414324808
0.6259765625,-0.17072303418739135
0.62599609375,-0.01346888856623505
0.626015625,0.07433750521537666
0.62603515625,0.30706604703919504
0.6260546875,0.5333728336420775
0.62607421875,0.23489710499918867
0.62609375,-0.042110778184631756
0.62611328125,-0.13395048278501226
0.6261328125,-0.17256306045201725
0.62615234375,-0.1293980938807371
0.626171875,-0.29574391174103176
0.62619140625,-0.29223878805042197
0.6262109375,-0.17510455656288498
0.62623046875,-0.16578717111223124
0.62625,-0.025238315628444953
0.62626953125,0.036917798303819055
0.6262890625,0.25167068911655943
0.62630859375,0.489124158298389
0.626328125,0.5106051609911487
0.62634765625,0.6483219288359836
0.6263671875,0.4288109358943503
0.62638671875,-0.018085883981761856
0.62640625,-0.20091705441670452
0.62642578125,-0.2491133543168084
0.6264453125,-0.1118370245475224
0.62646484375,-0.3620116716490075
0.626484375,-0.7887269888221644
0.62650390625,-0.4095095778305262
0.6265234375,0.1253564365225497
0.62654296875,0.08963667681344369
0.6265625,0.018410492369626455
0.62658203125,0.4885150317607792
0.6266015625,1.0350881740599043
0.62662109375,1.0233601017067488
0.626640625,0.948670654850597
0.62666015625,1.0440056233443906
0.6266796875,0.9903370550714998
0.62669921875,0.8400412221875331
0.62671875,0.5098843343526792
0.62673828125,0.15572449891001325
0.6267578125,0.0019335548609453884
0.62677734375,-0.14811804614137097
0.626796875,-0.20287623042533257
0.62681640625,-0.10806636310758405
0.6268359375,-0.16650576388342506
0.62685546875,-0.4102721039446905
0.626875,-0.39207233783775663
0.62689453125,-0.05624113055422729
0.6269140625,0.12257435526746077
0.62693359375,0.20626477557043954
0.626953125,0.19956085354564668
0.62697265625,-0.020333239160030048
0.6269921875,-0.039950246354522385
0.62701171875,0.08045881474492925
0.62703125,-0.07019211528017996
0.62705078125,-0.41049521501764497
0.6270703125,-0.5443218771679947
0.62708984375,-0.32572661213569504
0.627109375,-0.22803805895849663
0.62712890625,-0.39340575688139534
0.6271484375,-0.1690802465037725
0.62716796875,0.2573540029453702
0.6271875,0.15891893289534958
0.62720703125,-0.014327896939631199
0.6272265625,0.0031536339065300683
0.62724609375,-0.03103732139054895
0.627265625,0.09700940681057896
0.62728515625,0.2319283725356603
0.6273046875,0.20404460159783197
0.62732421875,0.26801823209853326
0.62734375,0.562049101258538
0.62736328125,0.7587129685309806
0.6273828125,0.606533689868563
0.62740234375,0.42397356043817075
0.627421875,0.2698283619214577
0.62744140625,0.2347158152104351
0.6274609375,0.32520223731156517
0.62748046875,0.14119066310639847
0.6275,0.05856531536252253
0.62751953125,0.22557837460884572
0.6275390625,0.1492862850949681
0.62755859375,0.17575703510985666
0.627578125,0.3468824096254338
0.62759765625,0.16038187265868314
0.6276171875,-0.10972959762456738
0.62763671875,-0.21359282659543619
0.62765625,-0.13381216205574295
0.62767578125,-0.12581426444525737
0.6276953125,-0.5497204233060714
0.62771484375,-0.545966683132312
0.627734375,0.06556156120951535
0.62775390625,0.097570061210571
0.6277734375,-0.1928626000886562
0.62779296875,-0.13108296610540796
0.6278125,-0.08396381160985623
0.62783203125,-0.190776261889815
0.6278515625,-0.3476180972111256
0.62787109375,-0.3199326382630334
0.627890625,-0.008053345379186273
0.62791015625,0.1532792477062756
0.6279296875,0.14211788053681906
0.62794921875,0.14868877075892442
0.62796875,-0.026546599230368277
0.62798828125,-0.14592941366669973
0.6280078125,0.1446016463973417
0.62802734375,0.30140863899516784
0.628046875,0.025211587918565766
0.62806640625,-0.042952260280873386
0.6280859375,0.2694597269529582
0.62810546875,0.7197770612123041
0.628125,0.9189538569252593
0.62814453125,0.6321893254915041
0.6281640625,0.615726178645567
0.62818359375,0.7245557083665034
0.628203125,0.4634455725010236
0.62822265625,0.4446010895912178
0.6282421875,0.36226920696499604
0.62826171875,0.05762296756332342
0.62828125,0.15988779918472948
0.62830078125,0.505987464743405
0.6283203125,0.6243524581125491
0.62833984375,0.2545706334681625
0.628359375,0.05902746617720543
0.62837890625,0.40059795385035735
0.6283984375,0.45502050823348583
0.62841796875,0.3062154619459485
0.6284375,0.391252736826473
0.62845703125,0.43544349389408266
0.6284765625,0.27209593676566324
0.62849609375,0.13008687602241586
0.628515625,0.21813905723442467
0.62853515625,0.15256269818143625
0.6285546875,0.01173057621789872
0.62857421875,0.3224042701834585
0.62859375,0.6144075316202651
0.62861328125,0.6968524918864455
0.6286328125,0.9058271077889373
0.62865234375,1.0788393072311795
0.628671875,1.1728737429510248
0.62869140625,1.0547615997125621
0.6287109375,0.814327063347222
0.62873046875,0.821374960864059
0.62875,0.9047027589868489
0.62876953125,0.9730941042156246
0.6287890625,0.9895016211514691
0.62880859375,0.9041143249678135
0.628828125,0.8471258063725335
0.62884765625,0.6427417013372524
0.6288671875,0.33678402713612093
0.62888671875,0.34597827929615144
0.62890625,0.5638719326346718
0.62892578125,0.5262745986631507
0.6289453125,0.26341178353316785
0.62896484375,0.12074807950351982
0.628984375,0.05484953852103839
0.62900390625,-0.20739250649830515
0.6290234375,-0.26982246987661446
0.62904296875,0.1502205755035559
0.6290625,0.17891137940346427
0.62908203125,-0.09619368639688686
0.6291015625,0.04412505567441789
0.62912109375,0.09672550349560845
0.629140625,0.09448818342152232
0.62916015625,0.1660606530148864
0.6291796875,-0.009598024256862236
0.62919921875,0.016507118052913716
0.62921875,0.26126491719465805
0.62923828125,0.32612316100577593
0.6292578125,0.03410556146297926
0.62927734375,-0.2712978617208126
0.629296875,0.13938262999678788
0.62931640625,0.5024020512053287
0.6293359375,0.18238225303602365
0.62935546875,0.12335215308462838
0.629375,0.44688801300620773
0.62939453125,0.5051962678521715
0.6294140625,0.29497271377701584
0.62943359375,0.15522714133776688
0.629453125,0.14399356334821373
0.62947265625,0.26150756130840447
0.6294921875,0.5456424561435242
0.62951171875,0.7224723835083264
0.62953125,0.7313690983682952
0.62955078125,0.7269756517192801
0.6295703125,0.6324945758497975
0.62958984375,0.36989261846048804
0.629609375,0.14178443542963562
0.62962890625,0.1361414611686558
0.6296484375,0.09790161905358183
0.62966796875,0.01138553166045965
0.6296875,0.12449950623197314
0.62970703125,0.09769351088865288
0.6297265625,-0.23222759549522592
0.62974609375,-0.3388967078018434
0.629765625,-0.14276528025192403
0.62978515625,-0.05246705847450125
0.6298046875,-0.1329099911969549
0.62982421875,-0.17861147639549713
0.62984375,-0.08818980078304496
0.62986328125,-0.037486162537498535
0.6298828125,-0.20892899256569164
0.62990234375,-0.3761992134313024
0.629921875,-0.19930828298393466
0.62994140625,-0.0035156163727833277
0.6299609375,-0.11498850197659113
0.62998046875,-0.12052310353681255
0.63,0.04778940461597839
0.63001953125,0.1974333053447732
0.6300390625,0.280238674030823
0.63005859375,0.13597970844936078
0.630078125,0.0794996876972812
0.63009765625,0.30324898347415763
0.6301171875,0.4142178654690689
0.63013671875,0.3078398222468966
0.63015625,0.17541353524997633
0.63017578125,0.1521077958611916
0.6301953125,0.07869030963897085
0.63021484375,-0.15801307089513267
0.630234375,-0.14071736326311077
0.63025390625,0.13543048666363416
0.6302734375,0.226931064883783
0.63029296875,0.22343226736204214
0.6303125,0.3622436961079311
0.63033203125,0.4528925094486193
0.6303515625,0.12424367933221597
0.63037109375,-0.11004489085926017
0.630390625,0.21732550893011168
0.63041015625,0.03782499388274413
0.6304296875,-0.5251309323169925
0.63044921875,-0.2996748784443477
0.63046875,-0.06381440290742357
0.63048828125,-0.3050530878682504
0.6305078125,-0.09640453932090444
0.63052734375,0.4400861433895924
0.630546875,0.46892650481419784
0.63056640625,0.19185938868499508
0.6305859375,0.28087610081725956
0.63060546875,0.4573143851726128
0.630625,0.208087724055795
0.63064453125,-0.008957061953108615
0.6306640625,0.2436677275588835
0.63068359375,0.514426115953208
0.630703125,0.44034770670637396
0.63072265625,0.34159697040541825
0.6307421875,0.5124853955966631
0.63076171875,0.6380600102373191
0.63078125,0.3133702904229748
0.63080078125,-0.013740741328069874
0.6308203125,-0.013354642581998317
0.63083984375,-0.18946546912893125
0.630859375,-0.3430705969697142
0.63087890625,-0.406688991905069
0.6308984375,-0.7622773827099938
0.63091796875,-0.7081859323517983
0.6309375,-0.3750906284832243
0.63095703125,-0.5270029262206386
0.6309765625,-0.5615453065011203
0.63099609375,-0.3210872570961791
0.631015625,-0.34094327786287415
0.63103515625,-0.38892322304253857
0.6310546875,-0.29596103846880656
0.63107421875,-0.39555284059757756
0.63109375,-0.5018029085481059
0.63111328125,-0.34877253125065233
0.6311328125,-0.3356548004156902
0.63115234375,-0.3899678492749839
0.631171875,-0.16314506124624623
0.63119140625,-0.09681023660399884
0.6312109375,-0.26266866604917954
0.63123046875,-0.16728204069832525
0.63125,0.14997660728022832
0.63126953125,0.29900903365009396
0.6312890625,0.04891839025358504
0.63130859375,-0.18234961024772242
0.631328125,-0.11143731304256409
0.63134765625,-0.16458869744928695
0.6313671875,-0.24909597184524512
0.63138671875,-0.18088896868008353
0.63140625,-0.2705232306731744
0.63142578125,-0.41430539923052345
0.6314453125,-0.42394072383816167
0.63146484375,-0.41655421657691266
0.631484375,-0.32854612171851333
0.63150390625,-0.2721751061514401
0.6315234375,-0.34025614336959914
0.63154296875,-0.22188706520627768
0.6315625,-0.1375926350390349
0.63158203125,-0.33796476241132695
0.6316015625,-0.475720186672736
0.63162109375,-0.3317399973996606
0.631640625,0.05938488848430645
0.63166015625,0.05137070945368419
0.6316796875,-0.5394687182473434
0.63169921875,-0.7621431446913105
0.63171875,-0.6394254613606843
0.63173828125,-0.5853228486037882
0.6317578125,-0.42791618077265436
0.63177734375,-0.43207663397264684
0.631796875,-0.4905813612297006
0.63181640625,-0.3790331043476484
0.6318359375,-0.4302241880494488
0.63185546875,-0.5436131079323727
0.631875,-0.5391045336964813
0.63189453125,-0.4996462406246961
0.6319140625,-0.6308334003854672
0.63193359375,-0.8744580168025688
0.631953125,-0.6815664379269077
0.63197265625,-0.48729380898637376
0.6319921875,-0.710577867919913
0.63201171875,-0.5991264580640716
0.63203125,-0.22214345664460494
0.63205078125,-0.16805295347548743
0.6320703125,-0.45407583494737436
0.63208984375,-0.7256995623249174
0.632109375,-0.42380521758901335
0.63212890625,0.10296853586551347
0.6321484375,0.05093612301864678
0.63216796875,-0.20537533670469113
0.6321875,-0.031044221184451104
0.63220703125,0.09632381854643031
0.6322265625,-0.2609268986065108
0.63224609375,-0.4835579811086492
0.632265625,-0.3989187667502459
0.63228515625,-0.5816262208465248
0.6323046875,-0.8351979372702952
0.63232421875,-0.7909730725388681
0.63234375,-0.7921696911418703
0.63236328125,-0.8819741154949752
0.6323828125,-0.6669513566956826
0.63240234375,-0.37187365147854307
0.632421875,-0.3015124025361703
0.63244140625,-0.2532655639636664
0.6324609375,-0.2908058202794795
0.63248046875,-0.3654590364096304
0.6325,-0.3445309705212094
0.63251953125,-0.3389232734424068
0.6325390625,-0.18137704512313618
0.63255859375,-0.15225741006881935
0.632578125,-0.2938973484349576
0.63259765625,-0.12049800823706072
0.6326171875,0.019053881513016326
0.63263671875,0.056644948468947576
0.63265625,0.05165426732653515
0.63267578125,-0.10126303608614559
0.6326953125,0.12705734920548678
0.63271484375,0.4019265080037789
0.632734375,0.18206816475222348
0.63275390625,-0.1960436462168444
0.6327734375,-0.39626797883649467
0.63279296875,-0.37544953904577427
0.6328125,-0.5357536312720917
0.63283203125,-0.7018554755860399
0.6328515625,-0.6886107377725014
0.63287109375,-0.9591186854497478
0.632890625,-1.0376394958142487
0.63291015625,-0.8085791431546281
0.6329296875,-0.8505122693415568
0.63294921875,-0.9483583944630769
0.63296875,-1.0384565993349184
0.63298828125,-0.9748470456436376
0.6330078125,-0.5955106450213747
0.63302734375,-0.5016500783575445
0.633046875,-0.7772866895852509
0.63306640625,-0.9797555856492819
0.6330859375,-0.8516883593771374
0.63310546875,-0.5889810192170362
0.633125,-0.7461792701215896
0.63314453125,-0.8842174224562743
0.6331640625,-0.590337354661385
0.63318359375,-0.4966803897019183
0.633203125,-0.513053028527799
0.63322265625,-0.3449959897431536
0.6332421875,-0.22813690800443542
0.63326171875,-0.06016997350556097
0.63328125,0.15596442051305023
0.63330078125,0.3091282290662138
0.6333203125,0.203269894343758
0.63333984375,-0.25690936900499994
0.633359375,-0.4736394321609919
0.63337890625,-0.2655471801082132
0.6333984375,-0.1538773460083252
0.63341796875,-0.3976486309322257
0.6334375,-0.6501615783061419
0.63345703125,-0.5562650627975594
0.6334765625,-0.49429223671640066
0.63349609375,-0.6474740166281738
0.633515625,-0.5944037298991962
0.63353515625,-0.29153386389277547
0.6335546875,-0.08537341070963012
0.63357421875,-0.18587039339013442
0.63359375,-0.4120624721042977
0.63361328125,-0.5764165476391316
0.6336328125,-0.6587578059712085
0.63365234375,-0.526738685762542
0.633671875,-0.5797787761644233
0.63369140625,-0.9810313433561262
0.6337109375,-0.890720905960496
0.63373046875,-0.3826616837918588
0.63375,-0.16966457622441772
0.63376953125,-0.05103168232970268
0.6337890625,0.11047928924239009
0.63380859375,0.15121317228632047
0.633828125,0.19618267828801694
0.63384765625,0.3350312859686785
0.6338671875,0.3710506180277554
0.63388671875,0.10054428781729846
0.63390625,-0.09858119676159732
0.63392578125,-0.15241093814420306
0.6339453125,-0.3860199259234153
0.63396484375,-0.427579863639327
0.633984375,-0.3684814839718106
0.63400390625,-0.24065494325271836
0.6340234375,0.19902249112449472
0.63404296875,0.10783288560688079
0.6340625,-0.35418869867735353
0.63408203125,-0.2915113772519414
0.6341015625,0.12188966265886939
0.63412109375,0.3683862170960336
0.634140625,0.12612014397758378
0.63416015625,0.014821269629309297
0.6341796875,0.18593332836510565
0.63419921875,-0.09326633530495886
0.63421875,-0.39582816875222093
0.63423828125,-0.24964799241282615
0.6342578125,0.08326591176654843
0.63427734375,0.26940451404943283
0.634296875,-0.027321119476414128
0.63431640625,-0.3002522444011916
0.6343359375,-0.16516923859665827
0.63435546875,-0.11078252595200391
0.634375,-0.1759008375224122
0.63439453125,-0.19462324547710347
0.6344140625,0.016204981651008296
0.63443359375,0.41889104767296836
0.634453125,0.46824436075582004
0.63447265625,0.182150619898951
0.6344921875,-0.043138649095845236
0.63451171875,0.19358381047540293
0.63453125,0.6697184651501532
0.63455078125,0.5622365887513756
0.6345703125,0.35051037878419977
0.63458984375,0.5533502578259909
0.634609375,0.5528484843007804
0.63462890625,0.3891567825891
0.6346484375,0.3000184515585326
0.63466796875,0.3724727373077221
0.6346875,0.6773853456801451
0.63470703125,0.6826097561766499
0.6347265625,0.5903252448835328
0.63474609375,0.6276761106454418
0.634765625,0.28159946525009166
0.63478515625,-0.0565195109485828
0.6348046875,-0.143271710778632
0.63482421875,-0.2174523072298883
0.63484375,-0.10824957002036437
0.63486328125,-0.06401368616927369
0.6348828125,-0.14449410125594078
0.63490234375,-0.04054140045198967
0.634921875,0.07743062738976456
0.63494140625,-0.01974176262975391
0.6349609375,-0.29176749166310423
0.63498046875,-0.39666575595564857
0.635,-0.21498054777314243
0.63501953125,-0.04182549184086074
0.6350390625,-0.051751250170389826
0.63505859375,-0.2707463933027926
0.635078125,-0.3714394457741863
0.63509765625,-0.25938669156384614
0.6351171875,-0.2556556231651438
0.63513671875,-0.2669873828206747
0.63515625,-0.3510878474093799
0.63517578125,-0.39287700184842766
0.6351953125,-0.14174029663833623
0.63521484375,-0.094365060240057
0.635234375,-0.07981139897244072
0.63525390625,0.16780589353985684
0.6352734375,0.20086568397525972
0.63529296875,0.2919137853554382
0.6353125,0.41970881859292175
0.63533203125,0.3226530872264384
0.6353515625,0.35414566058572894
0.63537109375,0.3788332711340816
0.635390625,0.442582100354578
0.63541015625,0.6143788754789486
0.6354296875,0.5197779362960395
0.63544921875,0.4203739994090632
0.63546875,0.40262979394916165
0.63548828125,0.36567524541866936
0.6355078125,0.4655341784768872
0.63552734375,0.5167745938688767
0.635546875,0.5915489152149194
0.63556640625,0.6199678241867668
0.6355859375,0.3818333515513761
0.63560546875,0.28005806842607817
0.635625,0.26986170807234094
0.63564453125,0.19581084432134838
0.6356640625,0.3312520852795277
0.63568359375,0.3317185679998082
0.635703125,-0.001721975278376059
0.63572265625,-0.07775893725222188
0.6357421875,0.25796838153862817
0.63576171875,0.29405056287655185
0.63578125,-0.19128163966522277
0.63580078125,-0.477291003786168
0.6358203125,-0.39445959748523135
0.63583984375,-0.2824930677873736
0.635859375,-0.19738988476579233
0.63587890625,-0.14560652160719237
0.6358984375,-0.12260320168716
0.63591796875,-0.35057655568800816
0.6359375,-0.5370798567037691
0.63595703125,-0.1282817140400899
0.6359765625,0.1790041358498872
0.63599609375,0.09717590986370082
0.636015625,0.14758863898773186
0.63603515625,0.28013134862825523
0.6360546875,0.393423994820157
0.63607421875,0.19873286109207114
0.63609375,-0.06165401582479332
0.63611328125,0.19017265713928488
0.6361328125,0.35991608797587493
0.63615234375,0.1199998741900793
0.636171875,-0.03175537576860246
0.63619140625,0.22444758259532593
0.6362109375,0.5496314493766123
0.63623046875,0.2421144570910213
0.63625,-0.12556497192844326
0.63626953125,0.10578290415701852
0.6362890625,0.20303901350716103
0.63630859375,0.03803472155568624
0.636328125,-0.012897857304305729
0.63634765625,0.011401630410345268
0.6363671875,0.27561138108636524
0.63638671875,0.5527126780754557
0.63640625,0.4595546575416609
0.63642578125,0.20637705457616645
0.6364453125,0.22555442362090988
0.63646484375,0.6349595056200985
0.636484375,0.7204301751646554
0.63650390625,0.2886179190835768
0.6365234375,0.2865310910171567
0.63654296875,0.5238162191791029
0.6365625,0.28110177453575985
0.63658203125,0.21484373472604007
0.6366015625,0.6445113375584023
0.63662109375,0.799239087233067
0.636640625,0.6873943859368408
0.63666015625,0.8529381425769167
0.6366796875,0.9492028028395754
0.63669921875,0.8907400693931677
0.63671875,1.2314749795659865
0.63673828125,1.4525140349130885
0.6367578125,0.9055249629355198
0.63677734375,0.4483624186026484
0.636796875,0.7754585969664654
0.63681640625,1.082380685699637
0.6368359375,0.7751570206661487
0.63685546875,0.45177628110528767
0.636875,0.5051521358892053
0.63689453125,0.4214273537192892
0.6369140625,0.025668189707277723
0.63693359375,-0.042466697696837814
0.636953125,0.13267594809773373
0.63697265625,-0.05319850625675249
0.6369921875,-0.3357493525972952
0.63701171875,-0.31233766793996803
0.63703125,-0.1131703145177177
0.63705078125,-0.09110428848576133
0.6370703125,-0.20434326280040685
0.63708984375,-0.07688249384215703
0.637109375,0.01759427048259807
0.63712890625,-0.0119633106162286
0.6371484375,0.14566354368373977
0.63716796875,0.07881014940492019
0.6371875,-0.07733615663085594
0.63720703125,0.14089772571333775
0.6372265625,0.27938662096663025
0.63724609375,0.17766919543887302
0.637265625,0.048720872654406916
0.63728515625,0.13992413431838877
0.6373046875,0.4311590011460499
0.63732421875,0.3978923042550344
0.63734375,0.17998132196414451
0.63736328125,0.08123908912479263
0.6373828125,0.23836334454935199
0.63740234375,0.6809532764012608
0.637421875,0.6403225136146298
0.63744140625,0.3623437108138639
0.6374609375,0.5176313547944059
0.63748046875,0.4821637770767141
0.6375,0.3070217346413418
0.63751953125,0.21346234738291536
0.6375390625,-0.05179527306113244
0.63755859375,-0.07100096798224881
0.637578125,0.2854606635860423
0.63759765625,0.6715070613639086
0.6376171875,0.7296326840624925
0.63763671875,0.470742342546711
0.63765625,0.4447279971422006
0.63767578125,0.5991997611148552
0.6376953125,0.3967532459159787
0.63771484375,-0.01152081907425441
0.637734375,-0.14823852980325047
0.63775390625,-0.16724861926699475
0.6377734375,-0.24740511685777228
0.63779296875,-0.27377037931745396
0.6378125,-0.4610559699245596
0.63783203125,-0.7480104789309209
0.6378515625,-0.8177772106235156
0.63787109375,-0.6798777786127275
0.637890625,-0.3684479619512757
0.63791015625,-0.1190315250584596
0.6379296875,-0.10207104976499726
0.63794921875,-0.045143460614305464
0.63796875,0.1314944489874854
0.63798828125,0.17678705374286197
0.6380078125,0.048787020291939355
0.63802734375,0.03390428506007123
0.638046875,0.15229881155552283
0.63806640625,0.02717767220744062
0.6380859375,-0.3800717301636359
0.63810546875,-0.48274915964820764
0.638125,-0.039086888095043605
0.63814453125,0.32293746468304324
0.6381640625,0.28822949816110416
0.63818359375,0.13102453490738686
0.638203125,0.11530882694534761
0.63822265625,0.17814630102465476
0.6382421875,0.1087022355550411
0.63826171875,0.2828456414889524
0.63828125,0.5136221529756805
0.63830078125,0.26236157054398573
0.6383203125,0.26519486371144985
0.63833984375,0.7138401188843146
0.638359375,0.821590390689636
0.63837890625,0.535941794675411
0.6383984375,0.2778666034733781
0.63841796875,0.2729222660347579
0.6384375,0.1616304874487341
0.63845703125,-0.18968251430263017
0.6384765625,-0.27374082373722297
0.63849609375,-0.1673381097748701
0.638515625,-0.031394403981745395
0.63853515625,0.018650578820366692
0.6385546875,-0.19339442080975452
0.63857421875,-0.12019457590720121
0.63859375,0.2234440549123551
0.63861328125,0.48634690607446573
0.6386328125,0.7294936263954117
0.63865234375,0.8589919666365824
0.638671875,1.0635148718978917
0.63869140625,1.0544794079819606
0.6387109375,0.8087320918520517
0.63873046875,0.8278988586101513
0.63875,0.6590269426640889
0.63876953125,0.3698565485248266
0.6387890625,0.13636753924300424
0.63880859375,-0.1126244636827671
0.638828125,0.12746740260120645
0.63884765625,0.26491452533646187
0.6388671875,-0.08073689044469368
0.63888671875,-0.23309383828029306
0.63890625,-0.2111372345499344
0.63892578125,-0.2502808787403912
0.6389453125,-0.5339221481611995
0.63896484375,-0.7222658192201674
0.638984375,-0.3432354318750871
0.63900390625,-0.1797461324907226
0.6390234375,-0.4198184286255508
0.63904296875,-0.4682323025536337
0.6390625,-0.4323288563108955
0.63908203125,-0.38084163353328393
0.6391015625,-0.32594610645615957
0.63912109375,-0.1379676939555371
0.639140625,0.04039377214538592
0.63916015625,-0.17592713809533697
0.6391796875,-0.16944502857826943
0.63919921875,0.13059944987689953
0.63921875,0.0538291005001178
0.63923828125,-0.19364277950311337
0.6392578125,-0.1830617085622962
0.63927734375,-0.03612739579180568
0.639296875,-0.23858935344377707
0.63931640625,-0.4559789970342598
0.6393359375,-0.12474714828172571
0.63935546875,0.1224870306686985
0.639375,0.027369477608687832
0.63939453125,0.07744212699041134
0.6394140625,0.1595027311542218
0.63943359375,-0.06263571676179928
0.639453125,-0.23847111005114283
0.63947265625,0.025998331823179725
0.6394921875,0.1641043953385807
0.63951171875,-0.15670451252227569
0.63953125,-0.41884568153471374
0.63955078125,-0.441571655313738
0.6395703125,-0.5248970511688176
0.63958984375,-0.8087475122858188
0.639609375,-0.8277966499126509
0.63962890625,-0.5957150226243548
0.6396484375,-0.663086048748709
0.63966796875,-0.606123400199704
0.6396875,-0.3916424652516386
0.63970703125,-0.43543776869829076
0.6397265625,-0.40013997477579016
0.63974609375,-0.3571829149244202
0.639765625,-0.5305992788798942
0.63978515625,-0.7462331994716735
0.6398046875,-0.7521694413942366
0.63982421875,-0.5999085529242683
0.63984375,-0.7060880184181495
0.63986328125,-0.7477555904805638
0.6398828125,-0.3756398911065566
0.63990234375,-0.20815215861911865
0.639921875,-0.4984319975227162
0.63994140625,-0.5664858822272559
0.6399609375,-0.11480796031450088
0.63998046875,-0.01826894454403856
0.64,-0.4418747446148982
0.64001953125,-0.3630296291537691
0.6400390625,0.0026816112046276347
0.64005859375,0.011597132644588767
0.640078125,-0.12673698327706656
0.64009765625,-0.325667436418177
0.6401171875,-0.33922886950979003
0.64013671875,-0.22707826223750074
0.64015625,-0.2417548847444313
0.64017578125,-0.15990276878238396
0.6401953125,-0.35278056794214024
0.64021484375,-0.6212578643481826
0.640234375,-0.2840018095508137
0.64025390625,-0.258464977689734
0.6402734375,-0.7674940015559868
0.64029296875,-0.7343437119253089
0.6403125,-0.4281844514109974
0.64033203125,-0.3617608554322321
0.6403515625,-0.3780953377884104
0.64037109375,-0.49614951388482964
0.640390625,-0.5145937329129286
0.64041015625,-0.38120705123147114
0.6404296875,-0.29885778137597535
0.64044921875,-0.2571561069614945
0.64046875,-0.18585084050929632
0.64048828125,-0.04467027063792455
0.6405078125,0.10742080010186823
0.64052734375,0.2945203403336652
0.640546875,0.3053344637882451
0.64056640625,-0.09853176475501635
0.6405859375,-0.3933375059859119
0.64060546875,-0.05934510873378743
0.640625,0.3878286698029942
0.64064453125,0.17006839106990393
0.6406640625,-0.26055351872112265
0.64068359375,-0.17205112544965018
0.640703125,0.1601294188345513
0.64072265625,0.32380330933578505
0.6407421875,0.23098613539681323
0.64076171875,0.15305256147609325
0.64078125,0.26703830233155346
0.64080078125,0.22945087166581496
0.6408203125,0.06073431543741409
0.64083984375,-0.07343156701232642
0.640859375,-0.21410299998127896
0.64087890625,-0.33133161852903326
0.6408984375,-0.5897631138710071
0.64091796875,-0.7189816110004308
0.6409375,-0.49303136976061357
0.64095703125,-0.45206264383037786
0.6409765625,-0.7633699412566168
0.64099609375,-0.9814880489246268
0.641015625,-0.7782526225562211
0.64103515625,-0.6495117560397515
0.6410546875,-0.9626338935983565
0.64107421875,-1.160421553925475
0.64109375,-1.108613285750391
0.64111328125,-0.8563735147229314
0.6411328125,-0.5806884113048113
0.64115234375,-0.5793631026858742
0.641171875,-0.2991945335381395
0.64119140625,0.09968576996744583
0.6412109375,-0.006066454647113681
0.64123046875,-0.29074684194263967
0.64125,-0.4590192405766139
0.64126953125,-0.37120945755130397
0.6412890625,-0.2672643795342565
0.64130859375,-0.31751557130163155
0.641328125,-0.24318751103419922
0.64134765625,-0.271121354308999
0.6413671875,-0.27629193040864736
0.64138671875,0.06406671398259871
0.64140625,0.15678708980571104
0.64142578125,-0.25076261955017415
0.6414453125,-0.3687400346389308
0.64146484375,-0.07767442242925787
0.641484375,-0.009789065833827326
0.64150390625,-0.050633500266888946
0.6415234375,-0.2611848531256918
0.64154296875,-0.6714724795120902
0.6415625,-0.6360273241163209
0.64158203125,-0.3771880644580943
0.6416015625,-0.42528957460309486
0.64162109375,-0.6159310554293489
0.641640625,-0.4948491099883088
0.64166015625,0.032078160650664794
0.6416796875,0.20408632223923345
0.64169921875,-0.22010083393116844
0.64171875,-0.38192883768244806
0.64173828125,-0.13132388515157042
0.6417578125,-0.055427737894848145
0.64177734375,-0.08466752170793992
0.641796875,0.05413940398038422
0.64181640625,0.033078107661346265
0.6418359375,-0.26366174751925353
0.64185546875,-0.2834192385558766
0.641875,-0.10546838780090143
0.64189453125,-0.19684110861144694
0.6419140625,-0.27625536449961574
0.64193359375,-0.13338541910832552
0.641953125,0.2319193480090695
0.64197265625,0.619501526957812
0.6419921875,0.5552638953285776
0.64201171875,0.42749022920720914
0.64203125,0.6610443387874758
0.64205078125,0.7217821735445034
0.6420703125,0.4004915526526224
0.64208984375,0.028315720018062616
0.642109375,-0.07902892613353019
0.64212890625,0.1965472206382533
0.6421484375,0.23758924189253502
0.64216796875,-0.2237480312438806
0.6421875,-0.3537545278233206
0.64220703125,-0.07661521799997537
0.6422265625,-0.09045866447746961
0.64224609375,-0.26879619175252467
0.642265625,-0.2127144926154766
0.64228515625,-0.15036084274649172
0.6423046875,-0.3646553947259177
0.64232421875,-0.4902476350552829
0.64234375,-0.24282585513355626
0.64236328125,-0.09775510453800287
0.6423828125,-0.1242168452302439
0.64240234375,-0.08879455461068575
0.642421875,-0.18271236183785908
0.64244140625,-0.06495551567398825
0.6424609375,0.3282751686867102
0.64248046875,0.4310484037258002
0.6425,0.4327064064702528
0.64251953125,0.5862434896527791
0.6425390625,0.5376828776724596
0.64255859375,0.3187426288915175
0.642578125,0.5484860798804703
0.64259765625,0.8756938760793446
0.6426171875,0.5539625708743912
0.64263671875,0.21755250439214052
0.64265625,0.26301323455819364
0.64267578125,0.32097120560551373
0.6426953125,0.4320574113073582
0.64271484375,0.4589386309898094
0.642734375,0.36037180697284243
0.64275390625,0.4117042818786515
0.6427734375,0.40353596743355846
0.64279296875,0.160184689781871
0.6428125,-0.16857079860891658
0.64283203125,-0.22545161106780404
0.6428515625,0.1412369359912327
0.64287109375,0.2125119972128741
0.642890625,0.023629250765250742
0.64291015625,0.23480408452110457
0.6429296875,0.3049229618637047
0.64294921875,0.028831600259233106
0.64296875,-0.23557141120536557
0.64298828125,-0.4159247296592312
0.6430078125,-0.3509882221099815
0.64302734375,-0.4082467087002346
0.643046875,-0.46887373436990587
0.64306640625,-0.24782046394144436
0.6430859375,-0.32646789543809535
0.64310546875,-0.2796060166903716
0.643125,-0.013713985082292088
0.64314453125,-0.20747951352942082
0.6431640625,-0.14505845223494737
0.64318359375,0.17235447536061932
0.643203125,0.1567593969462616
0.64322265625,0.17689480655348896
0.6432421875,0.13381678871382013
0.64326171875,0.13156374774541557
0.64328125,0.1995084528275891
0.64330078125,0.16521438904028762
0.6433203125,0.6036914160089417
0.64333984375,0.8889532241364426
0.643359375,0.4039983220326818
0.64337890625,0.10992406321673787
0.6433984375,0.1248187191333552
0.64341796875,0.10622532191868755
0.6434375,0.19760650425050885
0.64345703125,0.4034253048388541
0.6434765625,0.6198937622184061
0.64349609375,0.48560850769281966
0.643515625,0.3060519145348142
0.64353515625,0.499071628465655
0.6435546875,0.4659215328546258
0.64357421875,0.1943816655241974
0.64359375,0.15467719753361778
0.64361328125,0.1805509799216339
0.6436328125,0.11261551054650565
0.64365234375,-0.02612003150033078
0.643671875,-0.26983659602932264
0.64369140625,-0.40110277889502355
0.6437109375,-0.2529992430026088
0.64373046875,-0.12393127018083251
0.64375,-0.03653579199401147
0.64376953125,0.1630914861734674
0.6437890625,0.37659670487584934
0.64380859375,0.41766683433203317
0.643828125,0.06094255036841858
0.64384765625,-0.1468070876135869
0.6438671875,0.10514218325084065
0.64388671875,0.20882838469471587
0.64390625,0.1063851881659669
0.64392578125,-0.14496753987484506
0.6439453125,-0.1617154540778911
0.64396484375,0.2913226463990657
0.643984375,0.3327489471244762
0.64400390625,0.08201445737632261
0.6440234375,0.05534770205527165
0.64404296875,-0.056452680524641155
0.6440625,-0.2069588907509838
0.64408203125,-0.3002563411488632
0.6441015625,-0.2796688853032844
0.64412109375,-0.2279099624280203
0.644140625,-0.25522142507772044
0.64416015625,0.03419319474410071
0.6441796875,0.3651759940900363
0.64419921875,0.33497773646112544
0.64421875,0.3884324528552149
0.64423828125,0.465481545524278
0.6442578125,0.2719805552734179
0.64427734375,0.18807982150253244
0.644296875,0.37977464347472323
0.64431640625,0.4110050692545
0.6443359375,0.09959786173052348
0.64435546875,-0.13667227598637924
0.644375,-0.01292205777516596
0.64439453125,0.15585374603794744
0.6444140625,0.0682777431897097
0.64443359375,0.00818061619812353
0.644453125,0.13689878462239954
0.64447265625,0.3275684690043854
0.6444921875,0.6466425208764988
0.64451171875,0.7409004253782067
0.64453125,0.4946857390940228
0.64455078125,0.5460681831191515
0.6445703125,0.7535474501355829
0.64458984375,0.7067463316756198
0.644609375,0.6779113691734711
0.64462890625,0.5870811402968925
0.6446484375,0.421027182314105
0.64466796875,0.5786111074928499
0.6446875,0.8087705514056136
0.64470703125,0.7135121355386543
0.6447265625,0.38597497371830464
0.64474609375,0.28671446765360176
0.644765625,0.7265670144317249
0.64478515625,0.9563504982775227
0.6448046875,0.6004059135115003
0.64482421875,0.46975797358749555
0.64484375,0.5954867406922854
0.64486328125,0.5749031769963306
0.6448828125,0.4983556406034627
0.64490234375,0.32316393426206014
0.644921875,0.17239700474404163
0.64494140625,0.1091562305645388
0.6449609375,-0.12088340340002732
0.64498046875,-0.2733593758153605
0.645,-0.03647438299509371
0.64501953125,0.10077024319956747
0.6450390625,-0.07901882941725175
0.64505859375,-0.11587943242113752
0.645078125,0.06456720128301051
0.64509765625,0.2605670458753936
0.6451171875,0.23681135207349338
0.64513671875,0.027361870222591875
0.64515625,-0.04643875748531177
0.64517578125,0.03138826341050942
0.6451953125,0.13670353377988423
0.64521484375,0.09929746633799078
0.645234375,0.11817210885491623
0.64525390625,0.288705411636889
0.6452734375,0.34879002245441226
0.64529296875,0.5079070984825176
0.6453125,0.42917903477207875
0.64533203125,0.18095045580366098
0.6453515625,0.48598612664331486
0.64537109375,0.6717328998457774
0.645390625,0.5059606885055805
0.64541015625,0.47617093246777537
0.6454296875,0.4585272083299029
0.64544921875,0.46376539576806136
0.64546875,0.34362880952664443
0.64548828125,0.24496378410257935
0.6455078125,0.4348533439938258
0.64552734375,0.5429378127116029
0.645546875,0.5866651815320285
0.64556640625,0.5756929853893504
0.6455859375,0.49356129418774153
0.64560546875,0.6252864388273608
0.645625,0.5138426004178149
0.64564453125,0.23251172556846866
0.6456640625,0.32652816516531025
0.64568359375,0.20324620299056984
0.645703125,-0.13764312802731135
0.64572265625,-0.1157989332950063
0.6457421875,-0.09769750540302631
0.64576171875,-0.28025607713515566
0.64578125,-0.3768959042386064
0.64580078125,-0.3236483773912148
0.6458203125,-0.20712940413961722
0.64583984375,-0.2574956910617453
0.645859375,-0.2746453017283617
0.64587890625,0.11711153312284217
0.6458984375,0.17710069141434626
0.64591796875,-0.28796934860753365
0.6459375,-0.3755235440287464
0.64595703125,-0.1676841745449309
0.6459765625,0.06195234284077086
0.64599609375,0.22489847086089787
0.646015625,0.19163073808873754
0.64603515625,0.21617157969446416
0.6460546875,0.17983438903782695
0.64607421875,0.13819257610173225
0.64609375,0.17942638205922673
0.64611328125,0.06508478390269112
0.6461328125,0.07296506210275304
0.64615234375,0.19633825613934697
0.646171875,0.19513709046862343
0.64619140625,0.31051635015505574
0.6462109375,0.43064997061512506
0.64623046875,0.29422918044226254
0.64625,0.2513207023685784
0.64626953125,0.2916464887336321
0.6462890625,0.06247841764488671
0.64630859375,-0.052031586406271244
0.646328125,0.02086982407857858
0.64634765625,-0.029598219463427573
0.6463671875,-0.07365368752374125
0.64638671875,-0.1290333686923488
0.64640625,-0.04975297180291868
0.64642578125,0.050816045205524935
0.6464453125,-0.17911049956481523
0.64646484375,-0.19552406467017225
0.646484375,0.007421606431859032
0.64650390625,-0.06157718655295967
0.6465234375,-0.10668410679009391
0.64654296875,-0.02235012894257076
0.6465625,0.03920611876930352
0.64658203125,0.006664278938295822
0.6466015625,-0.004601342067303449
0.64662109375,0.25668562529194544
0.646640625,0.5647084670341617
0.64666015625,0.8708345235225821
0.6466796875,1.064939310913049
0.64669921875,0.8305182498495534
0.64671875,0.6896228966466411
0.64673828125,0.6289550034647284
0.6467578125,0.27404556180360384
0.64677734375,0.15147835220253547
0.646796875,0.16928524640193301
0.64681640625,0.0806510266879208
0.6468359375,0.07546008481489358
0.64685546875,-0.14143662823739728
0.646875,-0.3004257400577031
0.64689453125,-0.0657953218910177
0.6469140625,-0.0697767869767303
0.64693359375,-0.41509119511537923
0.646953125,-0.6208594616945224
0.64697265625,-0.4456270134139827
0.6469921875,-0.24773620118257048
0.64701171875,-0.5608878792800516
0.64703125,-0.6742833464216471
0.64705078125,-0.3146844047917214
0.6470703125,-0.34021538676897056
0.64708984375,-0.5776113003470877
0.647109375,-0.6972548457547629
0.64712890625,-0.7215917273250655
0.6471484375,-0.4589674691066069
0.64716796875,-0.17059697235841137
0.6471875,-0.05336600403992073
0.64720703125,-0.07984818841716838
0.6472265625,-0.016131713494610102
0.64724609375,0.15006233582207007
0.647265625,-0.12509890537401944
0.64728515625,-0.308926256781787
0.6473046875,-0.02728087972635483
0.64732421875,0.06057924324141109
0.64734375,0.052599991727654935
0.64736328125,0.07540480522387452
0.6473828125,0.0402920305205405
0.64740234375,0.020669203246350843
0.647421875,0.003303987356523798
0.64744140625,0.24225777286965838
0.6474609375,0.4320512497858796
0.64748046875,0.06416746427774825
0.6475,-0.18657627935796212
0.64751953125,0.07916899517083575
0.6475390625,0.1348978484169863
0.64755859375,-0.25601025151626944
0.647578125,-0.5526604405688327
0.64759765625,-0.35324326545321544
0.6476171875,-0.036773131782527564
0.64763671875,-0.1321314334511388
0.64765625,-0.3050675846697401
0.64767578125,-0.2814567078806933
0.6476953125,-0.22302634480454459
0.64771484375,-0.16137581360619835
0.647734375,-0.2411921122072588
0.64775390625,-0.4192832650481222
0.6477734375,-0.5200024681111359
0.64779296875,-0.6906091456137537
0.6478125,-0.8433270977106168
0.64783203125,-0.7537427829044658
0.6478515625,-0.6087883822791214
0.64787109375,-0.5692887397939783
0.647890625,-0.6096063061296115
0.64791015625,-0.6216544801424301
0.6479296875,-0.427365743516932
0.64794921875,-0.29271396128651384
0.64796875,-0.4575533570062647
0.64798828125,-0.4827522780887079
0.6480078125,-0.17007497068398297
0.64802734375,0.16721071490576833
0.648046875,0.21652759588887285
0.64806640625,-0.07685130587954848
0.6480859375,-0.24866170278145058
0.64810546875,-0.03178041912471199
0.648125,0.1720352600114412
0.64814453125,-0.023985663864275794
0.6481640625,-0.41330369738712724
0.64818359375,-0.4048015614778354
0.648203125,-0.04892913251641797
0.64822265625,-0.06167196563966848
0.6482421875,-0.520387165782376
0.64826171875,-0.7541008145463235
0.64828125,-0.5343789886797508
0.64830078125,-0.4370498023799533
0.6483203125,-0.9040159400392073
0.64833984375,-1.1700705485331058
0.648359375,-0.5664795218945633
0.64837890625,-0.21778284659371067
0.6483984375,-0.502120798975836
0.64841796875,-0.32757665723781537
0.6484375,-0.1603860783795334
0.64845703125,-0.5797412939762558
0.6484765625,-0.6518974981869105
0.64849609375,-0.18034540271335703
0.648515625,0.18034707863092048
0.64853515625,0.043327861414738704
0.6485546875,-0.29014537761860054
0.64857421875,-0.3415286795383776
0.64859375,-0.34948236155974544
0.64861328125,-0.2712172802458849
0.6486328125,-0.0833382566036753
0.64865234375,-0.09901131756527848
0.648671875,-0.02854203977597976
0.64869140625,0.1618150182514823
0.6487109375,0.34434099558835174
0.64873046875,0.47544146198444287
0.64875,0.46498656145939365
0.64876953125,0.59084487692812
0.6487890625,0.5924227317472691
0.64880859375,0.31044122269842306
0.648828125,0.1673896850963758
0.64884765625,0.0380566729317635
0.6488671875,-0.16518436284411342
0.64888671875,-0.4947358414549474
0.64890625,-0.8645803007003463
0.64892578125,-0.7863600044511551
0.6489453125,-0.6425556026186415
0.64896484375,-0.7867127451330469
0.648984375,-0.7903790674542664
0.64900390625,-0.5265774037560532
0.6490234375,-0.1817837039040602
0.64904296875,-0.17761451555208663
0.6490625,-0.54507959339149
0.64908203125,-0.7090056977433443
0.6491015625,-0.6284480294537237
0.64912109375,-0.7135469645943666
0.649140625,-0.8665007728985752
0.64916015625,-0.6148595354880697
0.6491796875,-0.2669866898421027
0.64919921875,-0.21133932777980963
0.64921875,-0.089483528803041
0.64923828125,-0.1197733017585953
0.6492578125,-0.38854888731501247
0.64927734375,-0.46618113549195617
0.649296875,-0.48137458668279964
0.64931640625,-0.4251257564301656
0.6493359375,-0.5165549931959263
0.64935546875,-0.7936837051331116
0.649375,-0.4989081893113547
0.64939453125,-0.12260607010183905
0.6494140625,-0.13165243112717778
0.64943359375,0.2176468273651631
0.649453125,0.37149804553854865
0.64947265625,-0.17048832537554365
0.6494921875,-0.38000910646189257
0.64951171875,-0.06100832796262231
0.64953125,0.06950675427557226
0.64955078125,-0.30428863361220676
0.6495703125,-0.6383069642014342
0.64958984375,-0.2946468168961613
0.649609375,-0.06807410546895877
0.64962890625,-0.3711689320838485
0.6496484375,-0.35078959626469686
0.64966796875,-0.2194959346827248
0.6496875,-0.40780062822256585
0.64970703125,-0.3008892864047252
0.6497265625,0.11709807125664293
0.64974609375,0.09737127978847307
0.649765625,-0.0823730275683437
0.64978515625,0.276187749827262
0.6498046875,0.566572340448959
0.64982421875,0.27273086314102113
0.64984375,0.01680899792270741
0.64986328125,0.15133903363458928
0.6498828125,0.28058025004956944
0.64990234375,0.21470145417342545
0.649921875,0.1679748700102609
0.64994140625,0.08685841286563428
0.6499609375,-0.01691105861427321
0.64998046875,-0.08503935453988426
0.65,-0.1747709444260123
0.65001953125,-0.05402241442966149
0.6500390625,0.01325668962543141
0.65005859375,-0.1642953052407264
0.650078125,-0.02808533809195691
0.65009765625,0.252878635503202
0.6501171875,0.24859035584804068
0.65013671875,0.3018325735777032
0.65015625,0.4916220477398102
0.65017578125,0.4437158841696187
0.6501953125,0.14406521802579295
0.65021484375,-0.07692061063281348
0.650234375,-0.12281430874811568
0.65025390625,-0.11225899098274379
0.6502734375,-0.058211800695987324
0.65029296875,-0.1237781774784915
0.6503125,-0.12652943480195267
0.65033203125,0.23304436917549684
0.6503515625,0.46392372348367594
0.65037109375,0.4265582612021442
0.650390625,0.2763020485664773
0.65041015625,0.03769425996092713
0.6504296875,0.2078938471887502
0.65044921875,0.47608972213138545
0.65046875,0.26949197324772917
0.65048828125,0.06297053507002588
0.6505078125,0.0759306260423653
0.65052734375,0.22512500707263394
0.650546875,0.338234411647264
0.65056640625,0.08460625753834147
0.6505859375,-0.030421123583820264
0.65060546875,0.38377009260934186
0.650625,0.7173653127653575
0.65064453125,0.7128691938604607
0.6506640625,0.767647999393902
0.65068359375,0.9674249891013529
0.650703125,0.9648080088242994
0.65072265625,0.7885210938867648
0.6507421875,0.7466094747977753
0.65076171875,0.603130816542597
0.65078125,0.30476525449842856
0.65080078125,0.23707084867506206
0.6508203125,0.2859944724074909
0.65083984375,0.1516118735791134
0.650859375,-0.031519134813367905
0.65087890625,0.00266765960580978
0.6508984375,-0.01379419994872495
0.65091796875,-0.15816256890986485
0.6509375,-0.20396282245791908
0.65095703125,-0.46239204874874473
0.6509765625,-0.5493701179111038
0.65099609375,-0.17405988878724557
0.651015625,0.06167732262183679
0.65103515625,0.1266198488996253
0.6510546875,0.07537431435867675
0.65107421875,0.06093290629324377
0.65109375,0.023921690600984237
0.65111328125,-0.15183293600600997
0.6511328125,0.07146163409965778
0.65115234375,0.23081556226367406
0.651171875,0.028886089163389507
0.65119140625,0.1312875615571446
0.6512109375,0.27602056735307245
0.65123046875,0.17816474063354326
0.65125,0.1710546381533647
0.65126953125,0.2505542810043653
0.6512890625,0.14427826557467524
0.65130859375,-0.02879001149225507
0.651328125,0.08534413245854228
0.65134765625,0.23193922431896793
0.6513671875,0.16485557360334746
0.65138671875,0.13831205092217144
0.65140625,0.0359713709760794
0.65142578125,-0.22108808304875494
0.6514453125,-0.30267200898613345
0.65146484375,-0.0682087605489616
0.651484375,0.2869971493983773
0.65150390625,0.36725590432979455
0.6515234375,0.22686600393469375
0.65154296875,0.28308420995500183
0.6515625,0.5060447539212337
0.65158203125,0.3906800278999329
0.6516015625,-0.08229391709342887
0.65162109375,-0.021631633099733913
0.651640625,0.4534643474894411
0.65166015625,0.3621000599664961
0.6516796875,-0.12353187551171213
0.65169921875,-0.47809130919670495
0.65171875,-0.34671526017172155
0.65173828125,0.13495449199718107
0.6517578125,0.26132406125942326
0.65177734375,0.08813157082449952
0.651796875,0.013810022497341538
0.65181640625,0.09942156766560596
0.6518359375,0.07321844134246835
0.65185546875,-0.13721607709419895
0.651875,-0.0780513838572342
0.65189453125,0.14266539892371405
0.6519140625,0.060976699892381164
0.65193359375,-0.2199022223500044
0.651953125,-0.22023900588967613
0.65197265625,0.1298408021477295
0.6519921875,0.32546957492035916
0.65201171875,0.28774426207567316
0.65203125,0.423447332138703
0.65205078125,0.6711571673236018
0.6520703125,0.6135333587831845
0.65208984375,0.2639514880423128
0.652109375,0.2537483811184762
0.65212890625,0.7158825299794593
0.6521484375,0.7410036167663573
0.65216796875,0.3021905005132041
0.6521875,0.2584529589083093
0.65220703125,0.47129915620138263
0.6522265625,0.43435317427177766
0.65224609375,0.25018580240011085
0.652265625,0.20641220855805184
0.65228515625,0.14262013077627597
0.6523046875,-0.02710192086735511
0.65232421875,-0.02201091199515314
0.65234375,-0.0406938571972026
0.65236328125,-0.12123908991296654
0.6523828125,0.054593240782308886
0.65240234375,0.329160643005275
0.652421875,0.4587791064320579
0.65244140625,0.34743396324708686
0.6524609375,0.20928368887558252
0.65248046875,0.2537799246821273
0.6525,0.2144811916292469
0.65251953125,0.1746949622694409
0.6525390625,0.2814728689453233
0.65255859375,0.36526054542185543
0.652578125,0.3736608559142132
0.65259765625,0.2610183527728319
0.6526171875,0.32415448413027365
0.65263671875,0.4866441653874899
0.65265625,0.3586683977515689
0.65267578125,0.4435882905066075
0.6526953125,0.8226675430543273
0.65271484375,0.750858809300979
0.652734375,0.3934431771589957
0.65275390625,0.6165775680030794
0.6527734375,0.9561137982434715
0.65279296875,0.5155108215295757
0.6528125,0.17310918517808035
0.65283203125,0.5554293622879496
0.6528515625,0.9469320028179685
0.65287109375,0.9285358778208851
0.652890625,0.500491033016974
0.65291015625,0.0779372138644054
0.6529296875,0.018633464413958287
0.65294921875,0.17107877621096465
0.65296875,0.14302893804512318
0.65298828125,-0.17651947637630144
0.6530078125,-0.11334981302500793
0.65302734375,0.18241622630361454
0.653046875,-0.0860085078796681
0.65306640625,-0.5716949261340323
0.6530859375,-0.6613796580449198
0.65310546875,-0.35012194342288677
0.653125,-0.1747148385161228
0.65314453125,-0.06750273617511902
0.6531640625,0.27284632849166
0.65318359375,0.12396219554450812
0.653203125,-0.1113844346617679
0.65322265625,0.278186845448012
0.6532421875,0.4660423547882365
0.65326171875,0.35239348513973956
0.65328125,0.27319221274324135
0.65330078125,0.18895761590050816
0.6533203125,0.33773998282906303
0.65333984375,0.35735988984591976
0.653359375,0.12403732305525836
0.65337890625,0.2350538828154724
0.6533984375,0.4468071637437897
0.65341796875,0.2792974459360466
0.6534375,0.0013160117695763165
0.65345703125,0.040523755852411705
0.6534765625,0.40861005070699496
0.65349609375,0.5877927967474912
0.653515625,0.44046522920997067
0.65353515625,0.47176777292938404
0.6535546875,0.6223279461441493
0.65357421875,0.5156025896983881
0.65359375,0.33207246506842664
0.65361328125,0.3370904772259256
0.6536328125,0.517626361822081
0.65365234375,0.558130086153085
0.653671875,0.25311722235761897
0.65369140625,0.038644595004122415
0.6537109375,0.2604654425395845
0.65373046875,0.46713966320155553
0.65375,0.1877995406583276
0.65376953125,-0.25765518063531057
0.6537890625,-0.39556601407048303
0.65380859375,-0.2828676450428489
0.653828125,-0.12833573901664927
0.65384765625,-0.15305121872537422
0.6538671875,-0.3789487626357594
0.65388671875,-0.2689994161472227
0.65390625,0.1536850003246879
0.65392578125,0.12217702761820179
0.6539453125,-0.502793182669494
0.65396484375,-0.9375533330851389
0.653984375,-0.4216531177911404
0.65400390625,0.2760806292498862
0.6540234375,0.14867401685096696
0.65404296875,-0.07278540675681341
0.6540625,0.24062659867312625
0.65408203125,0.6148435789750882
0.6541015625,0.6951836877324138
0.65412109375,0.43287209716883845
0.654140625,0.016972261043757292
0.65416015625,-0.08874470587114643
0.6541796875,0.13439789441420452
0.65419921875,0.2976439727184737
0.65421875,0.2488517312198737
0.65423828125,0.14064340226589633
0.6542578125,0.25980650038526565
0.65427734375,0.26076149688745826
0.654296875,0.04175261881569086
0.65431640625,0.1893701413597421
0.6543359375,0.2706989335754645
0.65435546875,-0.005336791788171605
0.654375,-0.12982327034306113
0.65439453125,-0.17168684837323167
0.6544140625,-0.255015640057453
0.65443359375,-0.2831178304155637
0.654453125,-0.34413487940670473
0.65447265625,-0.449114922782033
0.6544921875,-0.32071844131652905
0.65451171875,0.01908575761124629
0.65453125,0.24608404281827678
0.65455078125,0.3125875630946258
0.6545703125,0.29058483176900973
0.65458984375,0.4396878766015633
0.654609375,0.6039020920222365
0.65462890625,0.5008536037467912
0.6546484375,0.5612824469133926
0.65466796875,0.6046628195964966
0.6546875,0.4108079166421899
0.65470703125,0.36515246656085754
0.6547265625,0.2567557862645409
0.65474609375,0.04686666105935053
0.654765625,-0.060437440030428786
0.65478515625,0.01167935022182541
0.6548046875,0.3842867533147432
0.65482421875,0.44341528085566123
0.65484375,0.09649581529273435
0.65486328125,0.1633915297334189
0.6548828125,0.4058736604409603
0.65490234375,0.3244153494084574
0.654921875,0.07142183248409442
0.65494140625,-0.20443490263086733
0.6549609375,-0.34794227952447787
0.65498046875,-0.5493931792649951
0.655,-0.7536120470471852
0.65501953125,-0.5694936641582612
0.6550390625,-0.43480998437842533
0.65505859375,-0.5614212009044441
0.655078125,-0.4988085287476601
0.65509765625,-0.2975923354911108
0.6551171875,-0.2883119191771827
0.65513671875,-0.509426913973535
0.65515625,-0.5778427452467816
0.65517578125,-0.22958687830420893
0.6551953125,0.07346600141239742
0.65521484375,-0.06085003948505503
0.655234375,-0.15782023639025886
0.65525390625,0.22487423644769555
0.6552734375,0.47365554142057126
0.65529296875,0.2334546312516869
0.6553125,0.15534403586698456
0.65533203125,0.15625558480744506
0.6553515625,-0.11643409187546178
0.65537109375,-0.2841436871061609
0.655390625,-0.3106420213056304
0.65541015625,-0.3926921210770433
0.6554296875,-0.6165682597365877
0.65544921875,-0.8145774630996895
0.65546875,-0.7451874336234653
0.65548828125,-0.6908361147931994
0.6555078125,-0.6289548737834556
0.65552734375,-0.47126700688990364
0.655546875,-0.35723136642757136
0.65556640625,-0.05410486011872445
0.6555859375,0.0926302547797542
0.65560546875,-0.081817709922191
0.655625,0.07421184427252764
0.65564453125,0.3194409635831817
0.6556640625,0.14977720249605866
0.65568359375,-0.2335661685091255
0.655703125,-0.45929255398570334
0.65572265625,-0.3874501732563268
0.6557421875,-0.4350073914767877
0.65576171875,-0.6918593515737411
0.65578125,-0.8417292062224626
0.65580078125,-0.8911776768371952
0.6558203125,-0.7840261165451602
0.65583984375,-0.6962863725782998
0.655859375,-0.7429882852787894
0.65587890625,-0.6710606073413768
0.6558984375,-0.6560155001116188
0.65591796875,-0.6893276962056947
0.6559375,-0.6233474142768015
0.65595703125,-0.5189870708728502
0.6559765625,-0.275344451788044
0.65599609375,-0.23270676780077587
0.656015625,-0.3113569734218157
0.65603515625,-0.09963628633278081
0.6560546875,-0.13925091322086292
0.65607421875,-0.46921212854837524
0.65609375,-0.4505903382243973
0.65611328125,-0.21311572421258096
0.6561328125,-0.2328103697130602
0.65615234375,-0.4908325979004359
0.656171875,-0.5720999672230269
0.65619140625,-0.3137235181425533
0.6562109375,-0.18321114091748902
0.65623046875,-0.51870638759916
0.65625,-0.7855173647220272
0.65626953125,-0.5868902697249918
0.6562890625,-0.2979522664813088
0.65630859375,-0.185597173500234
0.656328125,-0.24466095144002079
0.65634765625,-0.4145905624655589
0.6563671875,-0.3875011467138478
0.65638671875,-0.1922750059244216
0.65640625,-0.2798377651305847
0.65642578125,-0.44155349617277884
0.6564453125,-0.23045645906763906
0.65646484375,-0.008400840159287354
0.656484375,-0.2275620963942162
0.65650390625,-0.3502188026284768
0.6565234375,-0.08860969642405361
0.65654296875,-0.23048145084226795
0.6565625,-0.5537270129205802
0.65658203125,-0.401824733167615
0.6566015625,-0.2013407451470096
0.65662109375,-0.13067261809801356
0.656640625,-0.15271489956102186
0.65666015625,-0.2112531693164136
0.6566796875,0.024384462053034198
0.65669921875,0.3474306810608682
0.65671875,0.30106124446486277
0.65673828125,-0.010874792987930374
0.6567578125,-0.0977343558910696
0.65677734375,0.06773137933309409
0.656796875,-0.013276318796022424
0.65681640625,-0.412097142314926
0.6568359375,-0.5952849368369094
0.65685546875,-0.46714217452718354
0.656875,-0.5408713422623679
0.65689453125,-0.8244332618865156
0.6569140625,-0.9701299541550622
0.65693359375,-0.9133859437478266
0.656953125,-0.8028492393026689
0.65697265625,-0.7979710976400085
0.6569921875,-0.806183356805997
0.65701171875,-0.7813451977657879
0.65703125,-0.8778787034706539
0.65705078125,-1.1008771569286513
0.6570703125,-1.1244590468981523
0.65708984375,-0.8377307566649791
0.657109375,-0.7540552629329325
0.65712890625,-0.8271619475734011
0.6571484375,-0.6025470010630195
0.65716796875,-0.5493827851104772
0.6571875,-0.6878875095591962
0.65720703125,-0.3928039402370115
0.6572265625,-0.17028642860538776
0.65724609375,-0.46173351613740676
0.657265625,-0.6401449436016038
0.65728515625,-0.45473704494918815
0.6573046875,-0.30601403155978396
0.65732421875,-0.3080880985726549
0.65734375,-0.2944937477735221
0.65736328125,-0.4337188005960574
0.6573828125,-0.7411806094339995
0.65740234375,-0.6701083295601715
0.657421875,-0.3104530738982673
0.65744140625,-0.28246847397529196
0.6574609375,-0.40138630454173324
0.65748046875,-0.2996895520399566
0.6575,-0.11303485064294422
0.65751953125,-0.17309748496256
0.6575390625,-0.5531099958167367
0.65755859375,-0.6775726908438643
0.657578125,-0.48842193135200535
0.65759765625,-0.5305764713577076
0.6576171875,-0.6212577555812967
0.65763671875,-0.5389680689995585
0.65765625,-0.39798524852317324
0.65767578125,-0.31037259188300265
0.6576953125,-0.37479703544175214
0.65771484375,-0.322831174790147
0.657734375,-0.3168277413782094
0.65775390625,-0.5198956787954371
0.6577734375,-0.33047345294659913
0.65779296875,-0.07741482898989517
0.6578125,-0.2986290720716004
0.65783203125,-0.3649075277665086
0.6578515625,-0.09568294780657548
0.65787109375,-0.01522130327892432
0.657890625,-0.09999633690091606
0.65791015625,-0.020600655442884978
0.6579296875,0.06687048912936969
0.65794921875,-0.022262914197918773
0.65796875,-0.010178658517511319
0.65798828125,0.30838190501548934
0.6580078125,0.41330142422953886
0.65802734375,0.06793876446754737
0.658046875,0.07987694399340738
0.65806640625,0.252556784471707
0.6580859375,0.03155464229280052
0.65810546875,-0.04750731337366393
0.658125,-0.08004492933554105
0.65814453125,-0.2372159347262474
0.6581640625,-0.2201772983612857
0.65818359375,-0.15643815784294335
0.658203125,-0.1138811052318113
0.65822265625,-0.13409599188908905
0.6582421875,-0.09173823607031678
0.65826171875,0.22879228714264677
0.65828125,0.3176299089673574
0.65830078125,0.05608095054761469
0.6583203125,-0.031509554609800226
0.65833984375,-0.1806739753654178
0.658359375,-0.32035393781299365
0.65837890625,-0.10696622042478221
0.6583984375,-0.06879844503018448
0.65841796875,-0.1501768645537831
0.6584375,-0.057999963364174095
0.65845703125,0.041411391800995415
0.6584765625,0.18703934763090058
0.65849609375,0.16894790733740994
0.658515625,0.20920721398795616
0.65853515625,0.6067767310542446
0.6585546875,0.7265635227144607
0.65857421875,0.473689355942602
0.65859375,0.4398868388476325
0.65861328125,0.5958716703006007
0.6586328125,0.5209222851832975
0.65865234375,0.3997742078165091
0.658671875,0.461605278003955
0.65869140625,0.4255214324435737
0.6587109375,0.5536877832682559
0.65873046875,0.9122669051700059
0.65875,0.8399418866710918
0.65876953125,0.46455307082351643
0.6587890625,0.34749493405539267
0.65880859375,0.4257253239863349
0.658828125,0.4713510741219609
0.65884765625,0.4921079598958369
0.6588671875,0.4093555862694144
0.65888671875,0.13530185478671955
0.65890625,-0.026979215192916798
0.65892578125,0.1494871848353207
0.6589453125,0.2537312543013147
0.65896484375,0.12567700154696518
0.658984375,0.2914535993348698
0.65900390625,0.4736169026914481
0.6590234375,0.19481163575272412
0.65904296875,0.059316209635826615
0.6590625,0.013075233558451388
0.65908203125,-0.4061291292971111
0.6591015625,-0.5746609182019647
0.65912109375,-0.22696221199978017
0.659140625,-0.13965427524450624
0.65916015625,-0.538871414341876
0.6591796875,-0.6156169397584494
0.65919921875,-0.12062584017808613
0.65921875,0.2791403068230262
0.65923828125,0.262978749490974
0.6592578125,0.15897224696219842
0.65927734375,0.4178042045318843
0.659296875,0.7287901873980123
0.65931640625,0.5027364666160051
0.6593359375,0.4768776703192862
0.65935546875,1.0011358308495795
0.659375,0.947776774896932
0.65939453125,0.5121061293609105
0.6594140625,0.5155123183029842
0.65943359375,0.6099303105512979
0.659453125,0.44577350065646704
0.65947265625,0.08368737602609902
0.6594921875,0.050519496766265756
0.65951171875,0.36408025822402734
0.65953125,0.36453327477382713
0.65955078125,0.15357566673732145
0.6595703125,-0.005949837411638934
0.65958984375,-0.07191864977889334
0.659609375,0.03214048766434636
0.65962890625,-0.034688722366928326
0.6596484375,-0.38139884332250384
0.65966796875,-0.5991488748570138
0.6596875,-0.5556278142778113
0.65970703125,-0.38284084130482554
0.6597265625,-0.3717660201264076
0.65974609375,-0.4717943771462619
0.659765625,-0.19897693379972936
0.65978515625,0.04111768226189879
0.6598046875,-0.0032123019652022244
0.65982421875,0.36398020010845455
0.65984375,0.8019004971660579
0.65986328125,0.6997988493357764
0.6598828125,0.4447898852671932
0.65990234375,0.17417177821624122
0.659921875,-0.09099327395129965
0.65994140625,-0.05958239260894287
0.6599609375,0.10933504670643977
0.65998046875,0.0030675354197042953
0.66,-0.30399225723717227
0.66001953125,-0.2563239505587235
0.6600390625,0.15421345230163286
0.66005859375,0.26061646956762585
0.660078125,-0.007478213829080975
0.66009765625,-0.050905831102667144
0.6601171875,0.18564506095951153
0.66013671875,0.15989234966827062
0.66015625,0.07897486176652911
0.66017578125,0.3548322553924237
0.6601953125,0.41966481022402397
0.66021484375,0.25608885237397383
0.660234375,0.39771644202204526
0.66025390625,0.512571655321118
0.6602734375,0.34938357143857385
0.66029296875,0.11151969782980319
0.6603125,0.0326134290934989
0.66033203125,0.1341372343735083
0.6603515625,0.018186511697332007
0.66037109375,-0.06759966498366234
0.660390625,0.2272144801337994
0.66041015625,0.32093441618965013
0.6604296875,0.1989029333191789
0.66044921875,0.36033618214735474
0.66046875,0.5272324465315698
0.66048828125,0.2691563365557321
0.6605078125,-0.08672325111782869
0.66052734375,-0.022072193609242317
0.660546875,0.14811364601403507
0.66056640625,0.1489639016290718
0.6605859375,0.2917403075786422
0.66060546875,0.5218749865129881
0.660625,0.7439610390660074
0.66064453125,0.9837644192740125
0.6606640625,1.0825184943169102
0.66068359375,1.0367681895341823
0.660703125,0.8996952415517121
0.66072265625,0.7395817739328686
0.6607421875,0.7093586311971471
0.66076171875,0.7487239668866127
0.66078125,0.5336634669001035
0.66080078125,0.23799168316234998
0.6608203125,0.38699116894731844
0.66083984375,0.6431127255630369
0.660859375,0.664985059821845
0.66087890625,0.6668950041359005
0.6608984375,0.5017943305293602
0.66091796875,0.27578018312210906
0.6609375,0.2843440068501144
0.66095703125,0.17749417367820713
0.6609765625,-0.12000460305437657
0.66099609375,0.022650521626764203
0.661015625,0.3260828701842107
0.66103515625,0.01268277859746813
0.6610546875,-0.20712823208783235
0.66107421875,0.12613241107984538
0.66109375,0.3049923759705997
0.66111328125,0.1319973568793933
0.6611328125,-0.0441447396516783
0.66115234375,0.28978047934454104
0.661171875,0.6552579162783827
0.66119140625,0.4576860670160262
0.6612109375,0.49813843662776347
0.66123046875,0.5543266538515592
0.66125,0.12275096987980914
0.66126953125,0.09115138347645796
0.6612890625,0.3207327542447684
0.66130859375,0.199284112570873
0.661328125,0.1218656597288313
0.66134765625,0.21128964943187684
0.6613671875,0.22272959984393143
0.66138671875,0.15552634058465306
0.66140625,0.24668721893536852
0.66142578125,0.44722348176366244
0.6614453125,0.3197697993980293
0.66146484375,0.22346246715104856
0.661484375,0.6483161727051032
0.66150390625,0.9337380402282892
0.6615234375,0.680164602819455
0.66154296875,0.5369980475762841
0.6615625,0.8138356596525396
0.66158203125,0.9268774991564636
0.6616015625,0.6406204517193601
0.66162109375,0.48319023382900816
0.661640625,0.5438846007937259
0.66166015625,0.4046154914024236
0.6616796875,0.18352588733372693
0.66169921875,0.17557099963627631
0.66171875,0.15776507480242713
0.66173828125,0.015395763601209558
0.6617578125,-0.08766401139886207
0.66177734375,-0.11956976033318392
0.661796875,-0.0957212052559926
0.66181640625,-0.043587892332226694
0.6618359375,0.024772315101983397
0.66185546875,0.15128479708565024
0.661875,0.1196434509855539
0.66189453125,-0.0685939921778908
0.6619140625,0.011801214649873043
0.66193359375,-0.08402298258646332
0.661953125,-0.6238260275073682
0.66197265625,-0.6931191149460719
0.6619921875,-0.2889885675590784
0.66201171875,-0.25379492891824806
0.66203125,-0.4018183532651684
0.66205078125,-0.05043400888328173
0.6620703125,0.321931456434982
0.66208984375,0.17173705151321614
0.662109375,0.1725644853823897
0.66212890625,0.389267133884099
0.6621484375,0.2848302795821268
0.66216796875,0.2213727223229698
0.6621875,0.36447546205551573
0.66220703125,0.2391911728359654
0.6622265625,0.041301388348792295
0.66224609375,0.1673311842936377
0.662265625,0.3494515586719851
0.66228515625,0.4197130512796081
0.6623046875,0.4251570908398439
0.66232421875,0.32650743466842524
0.66234375,0.10331107735594555
0.66236328125,-0.08931553994604326
0.6623828125,-0.03803815958976088
0.66240234375,-0.05434468435832973
0.662421875,-0.22484757536914105
0.66244140625,-0.10119069531385583
0.6624609375,0.13511468893512776
0.66248046875,0.07933268408397547
0.6625,0.11754158457182035
0.66251953125,0.4445302800487772
0.6625390625,0.45234763409026746
0.66255859375,0.3582155274092583
0.662578125,0.6197257995347922
0.66259765625,0.6388419135967267
0.6626171875,0.3508675790826603
0.66263671875,0.28000766257534176
0.66265625,0.3922336602162013
0.66267578125,0.43519519625077574
0.6626953125,0.41296169511535474
0.66271484375,0.40703858904568035
0.662734375,0.33431951432286955
0.66275390625,0.25417978959750026
0.6627734375,0.31426509018851284
0.66279296875,0.41154013015488417
0.6628125,0.2602287114552203
0.66283203125,-0.007194608027539913
0.6628515625,0.01478273868216037
0.66287109375,0.13002429254677295
0.662890625,0.22928336130752525
0.66291015625,0.3348319669362708
0.6629296875,0.2333674973680856
0.66294921875,0.14977492451318286
0.66296875,-0.00977799105080418
0.66298828125,-0.3929498499194435
0.6630078125,-0.4720775117833076
0.66302734375,-0.3664473403202309
0.663046875,-0.4744888601932473
0.66306640625,-0.46403521862441566
0.6630859375,-0.17075563420229814
0.66310546875,0.07411877987012662
0.663125,-0.04534367110342978
0.66314453125,-0.3071521557517397
0.6631640625,-0.11347721974533508
0.66318359375,0.12383539231148424
0.663203125,-0.206870373065208
0.66322265625,-0.24290085608838796
0.6632421875,0.2388104424865325
0.66326171875,0.23003511117680436
0.66328125,-0.022839845631961123
0.66330078125,0.10531659640743388
0.6633203125,0.3046870807724132
0.66333984375,0.3117645908207511
0.663359375,0.1420953497777104
0.66337890625,0.044583456828801576
0.6633984375,0.13198065829879096
0.66341796875,0.21021556615403836
0.6634375,0.30344517799399706
0.66345703125,0.4128302505819246
0.6634765625,0.363456520528335
0.66349609375,0.10862127400797254
0.663515625,0.012600155869340074
0.66353515625,0.20554135511143765
0.6635546875,0.012560620560068944
0.66357421875,-0.450634324702072
0.66359375,-0.4551127131643164
0.66361328125,-0.27475451173420573
0.6636328125,-0.28535065087135214
0.66365234375,-0.5493658672147494
0.663671875,-0.8002409465288196
0.66369140625,-0.5478736328720515
0.6637109375,-0.3230747151079571
0.66373046875,-0.5218028575165944
0.66375,-0.6540973656591776
0.66376953125,-0.7213916634812367
0.6637890625,-0.7273265735282554
0.66380859375,-0.644347276990753
0.663828125,-0.6425837706107422
0.66384765625,-0.3671860358551108
0.6638671875,-0.07293832567204028
0.66388671875,-0.21547341437780804
0.66390625,-0.3654422235939624
0.66392578125,-0.562105237321251
0.6639453125,-0.7635420674185277
0.66396484375,-0.5293204765397416
0.663984375,-0.2598629041544639
0.66400390625,-0.25968262236023654
0.6640234375,-0.2396070225641313
0.66404296875,0.004831729341791574
0.6640625,0.2988976598393632
0.66408203125,0.18703648951553267
0.6641015625,-0.07076338405214232
0.66412109375,0.0816804567091667
0.664140625,0.2770729815100701
0.66416015625,0.21333184448580989
0.6641796875,0.2558462077221557
0.66419921875,0.30848621952941613
0.66421875,-0.08270176944101232
0.66423828125,-0.6621991651289058
0.6642578125,-0.9817207201605898
0.66427734375,-1.020652035860422
0.664296875,-0.7186888956646962
0.66431640625,-0.3826478025820413
0.6643359375,-0.49159922608835893
0.66435546875,-0.6372605431936165
0.664375,-0.3321982731930455
0.66439453125,0.1759239947462476
0.6644140625,0.45156041409576897
0.66443359375,0.3323736365463513
0.664453125,0.07254807206221618
0.66447265625,0.0012713520733668507
0.6644921875,0.1262415164284328
0.66451171875,0.13016267994974048
0.66453125,-0.08376815228964093
0.66455078125,-0.12564794464681903
0.6645703125,0.062024719870349805
0.66458984375,0.09858057266525105
0.664609375,-0.10495350794850616
0.66462890625,-0.14214336003378883
0.6646484375,0.12541753670666334
0.66466796875,0.21189236627166036
0.6646875,0.08359721388190869
0.66470703125,0.04440029225530016
0.6647265625,0.04106443875423535
0.66474609375,-0.04249044431531997
0.664765625,-0.2951998035945642
0.66478515625,-0.42949819003218925
0.6648046875,-0.45775150401013315
0.66482421875,-0.8911545181304888
0.66484375,-1.1812426234375721
0.66486328125,-0.8566847370525861
0.6648828125,-0.4865144252794919
0.66490234375,-0.34241215021438365
0.664921875,-0.3589364133913112
0.66494140625,-0.39835672720515536
0.6649609375,-0.43787336218691886
0.66498046875,-0.5153566717403354
0.665,-0.4655354565112117
0.66501953125,-0.4110110266419513
0.6650390625,-0.5012808940583954
0.66505859375,-0.5216085994897484
0.665078125,-0.5699052329558392
0.66509765625,-0.6698159770551897
0.6651171875,-0.5076369944781935
0.66513671875,-0.5191622991219575
0.66515625,-0.7799877419527177
0.66517578125,-0.7699793845343592
0.6651953125,-0.6862822779397607
0.66521484375,-0.6299274037780596
0.665234375,-0.7900360705625783
0.66525390625,-0.9897156659177897
0.6652734375,-0.7588372558704803
0.66529296875,-0.7305509322385113
0.6653125,-0.7699421498344291
0.66533203125,-0.4457221166479546
0.6653515625,-0.3072972223977796
0.66537109375,-0.26453494624119095
0.665390625,-0.16310164948240882
0.66541015625,-0.05431194258899434
0.6654296875,0.013306600700152563
0.66544921875,-0.23906159772302848
0.66546875,-0.3083103319007629
0.66548828125,-0.05913777536073093
0.6655078125,-0.09969713449737874
0.66552734375,-0.06916069459763866
0.665546875,0.21626605669337717
0.66556640625,0.0964419762721949
0.6655859375,-0.3577311474292819
0.66560546875,-0.4776549382765621
0.665625,-0.2563575422137273
0.66564453125,-0.30350318710042323
0.6656640625,-0.5435328288018102
0.66568359375,-0.3689606870911819
0.665703125,-0.15096115905838592
0.66572265625,-0.3155320829179413
0.6657421875,-0.2554486529762679
0.66576171875,0.06231123874127922
0.66578125,0.01337184198836365
0.66580078125,-0.10481722858024829
0.6658203125,0.06251387914825524
0.66583984375,0.12563553311905742
0.665859375,0.07381784512328265
0.66587890625,0.04181690971097936
0.6658984375,0.026816383922980986
0.66591796875,0.08973196757373864
0.6659375,0.07576602860897222
0.66595703125,0.06864216105477991
0.6659765625,-0.12200911898569583
0.66599609375,-0.4307008699894766
0.666015625,-0.10930048230890202
0.66603515625,0.265768156805651
0.6660546875,0.13865499026459388
0.66607421875,0.2720510878064081
0.66609375,0.5780038728742533
0.66611328125,0.4727777710133097
0.6661328125,0.16522924235442957
0.66615234375,-0.004599063596974706
0.666171875,0.08662654731351843
0.66619140625,0.29723403678998217
0.6662109375,0.29724855866137906
0.66623046875,0.08806921448049256
0.66625,-0.1083160638129843
0.66626953125,-0.08155795069626964
0.6662890625,0.21808337983715897
0.66630859375,0.3319493517931634
0.666328125,0.1542415707218143
0.66634765625,0.14548320094505274
0.6663671875,0.211884579158507
0.66638671875,0.12406081048067953
0.66640625,-0.007128963307647434
0.66642578125,-0.15899877950103602
0.6664453125,-0.2994508808974786
0.66646484375,-0.28872120077336916
0.666484375,-0.09172801951019513
0.66650390625,0.04672845291711154
0.6665234375,0.05093002745712874
0.66654296875,0.12674231214795426
0.6665625,0.25623600922061596
0.66658203125,0.41190465866311615
0.6666015625,0.6153419131777234
0.66662109375,0.6996201531258681
0.666640625,0.46542543621065646
0.66666015625,0.2384813933072023
0.6666796875,0.5580477708597483
0.66669921875,0.8319410622697618
0.66671875,0.3382251453956383
0.66673828125,-0.14310131644031757
0.6667578125,0.14983254427817583
0.66677734375,0.5535639347484858
0.666796875,0.37478304208324553
0.66681640625,-0.06274905949597978
0.6668359375,-0.18436721479279844
0.66685546875,0.02916827860134743
0.666875,0.1710890527631077
0.66689453125,0.26819051764283164
0.6669140625,0.29738917614918287
0.66693359375,-0.11537192229290276
0.666953125,-0.43639581001480027
0.66697265625,-0.23030240515337877
0.6669921875,-0.15665500847612224
0.66701171875,-0.3841283521073249
0.66703125,-0.4139457742579655
0.66705078125,-0.1335350602471661
0.6670703125,0.19451160720763344
0.66708984375,0.18355720331222428
0.667109375,-0.17041190180041083
0.66712890625,-0.2323959561343731
0.6671484375,0.10437105013993594
0.66716796875,0.29488702569641384
0.6671875,0.2625757689628492
0.66720703125,0.030698673617397934
0.6672265625,-0.18629648598868428
0.66724609375,0.07123914717904323
0.667265625,0.29305421627557
0.66728515625,0.13501566528827458
0.6673046875,0.15942581385797533
0.66732421875,0.5249123061647144
0.66734375,0.862092108886266
0.66736328125,0.7823529744692755
0.6673828125,0.7012079224514689
0.66740234375,0.7733682197126708
0.667421875,0.25776078992844437
0.66744140625,-0.3121220208430753
0.6674609375,-0.22104374476025734
0.66748046875,-0.025159424654049026
0.6675,-0.01203950552852407
0.66751953125,-0.03680999374223532
0.6675390625,0.2132665856026818
0.66755859375,0.5757302011405292
0.667578125,0.3816085982370181
0.66759765625,0.0851699824788275
0.6676171875,0.15594999053829298
0.66763671875,0.37388197466713047
0.66765625,0.6012802806150177
0.66767578125,0.31941596926028915
0.6676953125,-0.12007918023515464
0.66771484375,0.0113567168536199
0.667734375,0.09710420298793261
0.66775390625,-0.10849444325171152
0.6677734375,-0.12662338374080506
0.66779296875,-0.045239400317941186
0.6678125,-0.06648566303716613
0.66783203125,-0.15058389953688328
0.6678515625,-0.057733967566534435
0.66787109375,0.2729591388998069
0.667890625,0.3584803095835273
0.66791015625,0.15521813808656876
0.6679296875,-0.017785219401620207
0.66794921875,-0.061719518201678626
0.66796875,0.1323288312632237
0.66798828125,0.20702750962747063
0.6680078125,0.052553037594057696
0.66802734375,-0.0005388235140106543
0.668046875,-0.13976333456417447
0.66806640625,-0.24699476845518112
0.6680859375,-0.13602985685978666
0.66810546875,-0.2373788997025086
0.668125,-0.4675789811465549
0.66814453125,-0.32018810181037305
0.6681640625,-0.022895940713515146
0.66818359375,0.04195206781171358
0.668203125,0.01342058307519612
0.66822265625,-0.11838958182452701
0.6682421875,-0.3405810832792069
0.66826171875,-0.28661699100236443
0.66828125,0.10135449822143541
0.66830078125,0.22477080731969945
0.6683203125,-0.10938848824494235
0.66833984375,-0.09370720264322326
0.668359375,0.2680994002917294
0.66837890625,0.2063173348993024
0.6683984375,0.12233313092282574
0.66841796875,0.513458397121501
0.6684375,0.6271322993016771
0.66845703125,0.20452653358317263
0.6684765625,0.18876960100415072
0.66849609375,0.5828423584263044
0.668515625,0.5804286467023896
0.66853515625,0.41449186647273417
0.6685546875,0.4095363601611766
0.66857421875,0.3027778064503609
0.66859375,0.24538867459600097
0.66861328125,0.40064191936417554
0.6686328125,0.4316620245342889
0.66865234375,0.180735968651078
0.668671875,0.10357781380982674
0.66869140625,0.4742094957644385
0.6687109375,0.6420598092269714
0.66873046875,0.32683213999631855
0.66875,0.2426962307703529
0.66876953125,0.6799456681626318
0.6687890625,1.0149484798597894
0.66880859375,0.6836169236369694
0.668828125,0.3070576871827433
0.66884765625,0.5918960181575779
0.6688671875,0.7282199128079712
0.66888671875,0.29088923796334265
0.66890625,0.02796974114359121
0.66892578125,0.0023830097712983275
0.6689453125,-0.11323768347042343
0.66896484375,-0.23506066096306497
0.668984375,-0.17681083451129873
0.66900390625,-0.19364866491274138
0.6690234375,-0.47558340942021937
0.66904296875,-0.4173230941400586
0.6690625,-0.07615012935207896
0.66908203125,-0.06502028152230584
0.6691015625,-0.24172262183097554
0.66912109375,-0.1165866260414159
0.669140625,0.30540355023251287
0.66916015625,0.38826431849968945
0.6691796875,0.2871982800544608
0.66919921875,0.44300725580498523
0.66921875,0.39119749346849286
0.66923828125,0.01826367812730926
0.6692578125,-0.13518792253893397
0.66927734375,0.11292524140326721
0.669296875,0.1781659767475189
0.66931640625,-0.025944742762545367
0.6693359375,-0.014135600647696943
0.66935546875,-0.021539436683180938
0.669375,-0.12085443904420284
0.66939453125,-0.019576955691763542
0.6694140625,0.1241415176094969
0.66943359375,0.07297559729094272
0.669453125,-0.04386744450126636
0.66947265625,-0.13054568035231368
0.6694921875,-0.1737483164353869
0.66951171875,0.08613302020592138
0.66953125,0.3856900718624431
0.66955078125,0.4414388925161672
0.6695703125,0.5328043999089348
0.66958984375,0.5642234998327484
0.669609375,0.49248958398365594
0.66962890625,0.42813671520607416
0.6696484375,0.29732772486692083
0.66966796875,0.26658157438512087
0.6696875,0.13308330410145255
0.66970703125,-0.288698631193092
0.6697265625,-0.4827376809927688
0.66974609375,-0.4177855496161868
0.669765625,-0.34508151940728715
0.66978515625,-0.3109800608736003
0.6698046875,-0.36003502298679413
0.66982421875,-0.15142422196465305
0.66984375,0.047649900916058564
0.66986328125,-0.12559929188051516
0.6698828125,-0.14994844041599825
0.66990234375,-0.2183060752226858
0.669921875,-0.4429380933937938
0.66994140625,-0.3986175854656776
0.6699609375,-0.4386949916560287
0.66998046875,-0.47261766676175737
0.67,-0.23546448622236776
0.67001953125,-0.0467149722000949
0.6700390625,0.03036843056230782
0.67005859375,0.031848148172276186
0.670078125,0.17278148306880048
0.67009765625,0.3048326325588634
0.6701171875,0.14560284860097286
0.67013671875,0.0986821774865954
0.67015625,0.016360450067715443
0.67017578125,-0.2292928700884878
0.6701953125,-0.2623551494073271
0.67021484375,-0.4327236465929031
0.670234375,-0.6333906003714437
0.67025390625,-0.44196280522246834
0.6702734375,-0.33421103525209
0.67029296875,-0.29605725628082014
0.6703125,-0.1340118567309011
0.67033203125,-0.10819036133809841
0.6703515625,-0.14227447564693713
0.67037109375,-0.31535256420488067
0.670390625,-0.45262939519529377
0.67041015625,-0.2699902288693863
0.6704296875,-0.215219303224788
0.67044921875,-0.36982697906223855
0.67046875,-0.4221322316459287
0.67048828125,-0.1873998212866645
0.6705078125,0.2593241415139962
0.67052734375,0.37329834985735444
0.670546875,0.28531741782415126
0.67056640625,0.45895171687453284
0.6705859375,0.5624205449229537
0.67060546875,0.5488979989964957
0.670625,0.5685007645778712
0.67064453125,0.4871714213855087
0.6706640625,0.5010196364974566
0.67068359375,0.5101558834463907
0.670703125,0.4888707653637688
0.67072265625,0.5503316954972952
0.6707421875,0.29502438410975673
0.67076171875,0.0715797422394962
0.67078125,0.1291789721254269
0.67080078125,0.15371742381056325
0.6708203125,0.36032273656100255
0.67083984375,0.2501532275074728
0.670859375,-0.21744002413321906
0.67087890625,-0.1967563265590323
0.6708984375,-0.208498230649168
0.67091796875,-0.4558611998093382
0.6709375,-0.4185462441997626
0.67095703125,-0.3415993267948625
0.6709765625,-0.4425245489384957
0.67099609375,-0.7209361178928843
0.671015625,-0.7556986375617559
0.67103515625,-0.42108763839383495
0.6710546875,-0.3067335950673397
0.67107421875,-0.41954451105283913
0.67109375,-0.4707548449446751
0.67111328125,-0.4405816871213186
0.6711328125,-0.5074709374625512
0.67115234375,-0.542040042009846
0.671171875,-0.2750953049941358
0.67119140625,-0.024179529801175926
0.6712109375,0.019648276550604686
0.67123046875,0.03880559780549512
0.67125,0.27345937595237146
0.67126953125,0.565997477195302
0.6712890625,0.3634986964624503
0.67130859375,-0.13389923478177757
0.671328125,-0.29365295874540187
0.67134765625,-0.07524263717971251
0.6713671875,0.038432233315573494
0.67138671875,-0.2124733098931528
0.67140625,-0.282181889326008
0.67142578125,-0.053655631908451226
0.6714453125,-0.03335238245788112
0.67146484375,0.08050117072653458
0.671484375,0.33156287603503265
0.67150390625,0.20965578357544462
0.6715234375,0.001651261467884215
0.67154296875,-0.06935667657973589
0.6715625,-0.24413815090971258
0.67158203125,-0.46939991533446046
0.6716015625,-0.5526628085614667
0.67162109375,-0.5153306251523081
0.671640625,-0.6769653158385431
0.67166015625,-0.9805473075922201
0.6716796875,-1.1378880996423448
0.67169921875,-1.2365457272877522
0.67171875,-1.0318065115703563
0.67173828125,-0.5958296346628837
0.6717578125,-0.5799104200844375
0.67177734375,-0.8167322404049825
0.671796875,-0.7200344011965042
0.67181640625,-0.43638255013684735
0.6718359375,-0.45608090028553083
0.67185546875,-0.4680496479895458
0.671875,-0.17951890023492204
0.67189453125,-0.1208515356220883
0.6719140625,-0.2830638482151468
0.67193359375,-0.3622731761017322
0.671953125,-0.5037157930958599
0.67197265625,-0.6512939776859186
0.6719921875,-0.5176437603457639
0.67201171875,-0.24430430748294682
0.67203125,-0.44976336228647174
0.67205078125,-0.6388634577929014
0.6720703125,-0.179666643079834
0.67208984375,-0.16172928424118665
0.672109375,-0.4938428266765224
0.67212890625,-0.3432447408706656
0.6721484375,-0.36093196501493474
0.67216796875,-0.48009671550012734
0.6721875,-0.3911336538916089
0.67220703125,-0.24600088549280355
0.6722265625,0.00678264433367933
0.67224609375,0.0028320038663918953
0.672265625,-0.1688578307093227
0.67228515625,-0.27758704012504454
0.6723046875,-0.41813837403782467
0.67232421875,-0.3043475035233792
0.67234375,-0.14288826533986576
0.67236328125,-0.36466617409111657
0.6723828125,-0.6797699887849885
0.67240234375,-0.6835482514525543
0.672421875,-0.37794255606847144
0.67244140625,-0.3159709489943988
0.6724609375,-0.6306897456486995
0.67248046875,-0.6209487990205246
0.6725,-0.4300634548623354
0.67251953125,-0.5879699295854297
0.6725390625,-0.5980560995330777
0.67255859375,-0.1952164443847699
0.672578125,0.051380447830805503
0.67259765625,0.019238327421440993
0.6726171875,0.08245372249993604
0.67263671875,0.21190781927209978
0.67265625,0.20920294866852557
0.67267578125,0.18537846983854633
0.6726953125,0.3130775387658551
0.67271484375,0.3283507144725212
0.672734375,0.02668126755753297
0.67275390625,-0.10639612726127005
0.6727734375,-0.05806172422332575
0.67279296875,-0.24188822520622766
0.6728125,-0.4263236319992938
0.67283203125,-0.4784805543343057
0.6728515625,-0.5696719627506774
0.67287109375,-0.6748045640517979
0.672890625,-0.653921529604435
0.67291015625,-0.6433937114174892
0.6729296875,-0.8164419057131637
0.67294921875,-0.863302206336316
0.67296875,-0.8717070430130407
0.67298828125,-1.0540522181649075
0.6730078125,-1.1276192396592086
0.67302734375,-1.0111596362402704
0.673046875,-0.772342212265619
0.67306640625,-0.8134690384558917
0.6730859375,-1.1969960612790662
0.67310546875,-1.1612193034923481
0.673125,-0.6820914042744125
0.67314453125,-0.4671897313860718
0.6731640625,-0.5100755910957718
0.67318359375,-0.41038948223755056
0.673203125,-0.41393048273553357
0.67322265625,-0.562599189186673
0.6732421875,-0.510446308664678
0.67326171875,-0.4270795829053925
0.67328125,-0.5180095228165739
0.67330078125,-0.6163150409271715
0.6733203125,-0.39747169892748563
0.67333984375,-0.1398179054902639
0.673359375,-0.22575855173340081
0.67337890625,-0.3344859257849523
0.6733984375,-0.4346603290050701
0.67341796875,-0.6071703908583744
0.6734375,-0.7933784625208471
0.67345703125,-0.8309880891115602
0.6734765625,-0.5913459313513844
0.67349609375,-0.5514764523316654
0.673515625,-0.4369685178952751
0.67353515625,0.04401980526801334
0.6735546875,0.15519802234783595
0.67357421875,0.14412043048372536
0.67359375,0.39071325388325606
0.67361328125,0.44583501938394754
0.6736328125,0.35744443324662406
0.67365234375,0.2498751492502659
0.673671875,-0.053327983562535555
0.67369140625,-0.3995560439589222
0.6737109375,-0.4026651695582148
0.67373046875,-0.19833284352143915
0.67375,-0.22324589518689258
0.67376953125,-0.3628119298396128
0.6737890625,-0.3596204798421942
0.67380859375,-0.23855961092492967
0.673828125,-0.11876275801747102
0.67384765625,-0.05502189956599869
0.6738671875,0.11600188373140075
0.67388671875,0.27086870959206044
0.67390625,0.04496966810735576
0.67392578125,-0.11064967303967646
0.6739453125,0.2252959046363628
0.67396484375,0.3442123649216595
0.673984375,0.08446551665104818
0.67400390625,0.11854867399540966
0.6740234375,0.30621156745972117
0.67404296875,0.24939725111171968
0.6740625,0.16540473109667622
0.67408203125,0.2707028433313651
0.6741015625,0.34522079133678796
0.67412109375,0.14772983582181726
0.674140625,-0.04159039829103525
0.67416015625,-0.02274953856025967
0.6741796875,-0.14951632532110767
0.67419921875,-0.1895236307031642
0.67421875,0.11995691331608116
0.67423828125,0.06734607037061618
0.6742578125,-0.1877699698458465
0.67427734375,-0.11059503724557398
0.674296875,-0.10211874336407072
0.67431640625,-0.08200025355424087
0.6743359375,0.07450337201854859
0.67435546875,0.08102552243445554
0.674375,0.09135408066851418
0.67439453125,0.05235087814956458
0.6744140625,-0.17857406021633032
0.67443359375,-0.21068142319153488
0.674453125,0.027389144255486816
0.67447265625,0.280731361333425
0.6744921875,0.31606131723524966
0.67451171875,0.14526820252969658
0.67453125,0.4163393114733279
0.67455078125,0.8280516291643542
0.6745703125,0.6390336372525313
0.67458984375,0.3797118263472068
0.674609375,0.4409500600358197
0.67462890625,0.7415733389187605
0.6746484375,0.7926889180446377
0.67466796875,0.3940111960369667
0.6746875,0.45924780273198473
0.67470703125,0.8209193750344629
0.6747265625,0.745199323079959
0.67474609375,0.42379519653569997
0.674765625,0.1402063618877799
0.67478515625,0.2891617101035829
0.6748046875,0.5577311485372977
0.67482421875,0.32677590493305253
0.67484375,0.04922579113553009
0.67486328125,0.02548394861361536
0.6748828125,0.17321562405800978
0.67490234375,0.15395488067163693
0.674921875,-0.25458088359249825
0.67494140625,-0.1814290581808598
0.6749609375,0.007185737352316424
0.67498046875,-0.4881165476337537
0.675,-0.5797926648958269
0.67501953125,-0.27803140420653194
0.6750390625,-0.37812819187898883
0.67505859375,-0.3702145815449775
0.675078125,-0.1692423542113427
0.67509765625,-0.17734423607901695
0.6751171875,-0.2290408317562567
0.67513671875,-0.14763237947663702
0.67515625,-0.1277150967746593
0.67517578125,-0.23997023575255008
0.6751953125,-0.13803974862915552
0.67521484375,0.37114305980767126
0.675234375,0.7371216994004951
0.67525390625,0.5141413108593448
0.6752734375,0.3204948974166715
0.67529296875,0.44471761061786586
0.6753125,0.35375456288593776
0.67533203125,0.23311625672525121
0.6753515625,0.4253201140064496
0.67537109375,0.5160240076823501
0.675390625,0.5329532129928743
0.67541015625,0.7179671419707581
0.6754296875,0.6323240491283624
0.67544921875,0.5215888858695726
0.67546875,0.5774644356324152
0.67548828125,0.26133016531294295
0.6755078125,0.15648727585413483
0.67552734375,0.3596034099692454
0.675546875,0.2704699458354981
0.67556640625,0.3775935101459283
0.6755859375,0.5288040567750508
0.67560546875,0.24460719016075272
0.675625,-0.01949001818871004
0.67564453125,0.08881121820476635
0.6756640625,0.36046582202228084
0.67568359375,0.2658021663551306
0.675703125,-0.06166199804436986
0.67572265625,-0.1885818196890398
0.6757421875,-0.32220669088154136
0.67576171875,-0.17266447052041367
0.67578125,0.28133197729163256
0.67580078125,0.08732261599957282
0.6758203125,-0.45507742536187834
0.67583984375,-0.31067025539183635
0.675859375,0.28227786467274907
0.67587890625,0.34414850212911624
0.6758984375,-0.18967816270745352
0.67591796875,-0.12982168162768143
0.6759375,0.4429570831674665
0.67595703125,0.4264290333272937
0.6759765625,0.41336810713580485
0.67599609375,0.7508646332628455
0.676015625,0.6435894771865877
0.67603515625,0.30190255067724653
0.6760546875,0.19561552905375382
0.67607421875,0.08432073455551964
0.67609375,-0.0401274204343518
0.67611328125,0.18343909179931261
0.6761328125,0.5520797371176425
0.67615234375,0.5342413636236796
0.676171875,0.38111773745857885
0.67619140625,0.46537816767670903
0.6762109375,0.4309322411489248
0.67623046875,0.21482680094246398
0.67625,0.2400202256311108
0.67626953125,0.3408329222232418
0.6762890625,0.13274959105144177
0.67630859375,-0.07571243640506575
0.676328125,-0.02033724658033461
0.67634765625,0.04669516052092783
0.6763671875,0.08741401782588025
0.67638671875,0.19326236926592105
0.67640625,0.36871560999548875
0.67642578125,0.5668856768278544
0.6764453125,0.517967797031635
0.67646484375,0.29691143140894327
0.676484375,0.2853736944919946
0.67650390625,0.4165443660409889
0.6765234375,0.5729524954059666
0.67654296875,0.7073334554320265
0.6765625,0.6975383216430627
0.67658203125,0.7349697144447507
0.6766015625,0.8031245005729619
0.67662109375,0.6712362281563098
0.676640625,0.5401064481297421
0.67666015625,0.7264541569573364
0.6766796875,1.0880163221867207
0.67669921875,1.0785387704174279
0.67671875,0.91981719865582
0.67673828125,1.1449264282738714
0.6767578125,1.275663329729133
0.67677734375,1.1644926074797017
0.676796875,1.1008849168680264
0.67681640625,0.8776002068876458
0.6768359375,0.6300763095919614
0.67685546875,0.5346165701226895
0.676875,0.28188136895627125
0.67689453125,-0.05258172077478296
0.6769140625,-0.11501006788229091
0.67693359375,-0.1215409013443178
0.676953125,-0.30605399828878777
0.67697265625,-0.3791832182784839
0.6769921875,-0.17995923775954387
0.67701171875,-0.05878053407846701
0.67703125,-0.2305725062624478
0.67705078125,-0.21817447490871014
0.6770703125,0.1517059568520474
0.67708984375,0.4559682535096523
0.677109375,0.42347977834771167
0.67712890625,0.12675472272575886
0.6771484375,0.12610155851841315
0.67716796875,0.3505385018837237
0.6771875,0.25565879420990767
0.67720703125,0.16111910168950758
0.6772265625,0.15678048529988164
0.67724609375,0.19138886024139073
0.677265625,0.2833146618254373
0.67728515625,0.014347191306677134
0.6773046875,-0.07228679138596592
0.67732421875,0.24404446555896955
0.67734375,0.34316624856670136
0.67736328125,0.475184880600965
0.6773828125,0.5467130936839224
0.67740234375,0.5714274868680845
0.677421875,0.6256907786789743
0.67744140625,0.29382894830701367
0.6774609375,0.313581412619395
0.67748046875,0.5640973078728932
0.6775,0.3966627574873317
0.67751953125,0.4459935088157685
0.6775390625,0.4987188020268676
0.67755859375,0.4963654404365163
0.677578125,0.6938564884532505
0.67759765625,0.5063084491155712
0.6776171875,0.18876735905584058
0.67763671875,0.04182436020965055
0.67765625,-0.12325956202661419
0.67767578125,-0.30742521970177605
0.6776953125,-0.5790714401116779
0.67771484375,-0.6830479648111693
0.677734375,-0.6149106644927023
0.67775390625,-0.38962141365276265
0.6777734375,-0.03634083178595797
0.67779296875,-0.07658568328305453
0.6778125,-0.3051175693727872
0.67783203125,-0.3490350725745025
0.6778515625,-0.20568238225188626
0.67787109375,-0.026175155703339496
0.677890625,-0.1408750325005505
0.67791015625,-0.19186976851865634
0.6779296875,-0.06781910413696313
0.67794921875,-0.22053273418581498
0.67796875,-0.4079330923397063
0.67798828125,-0.3356411054953879
0.6780078125,-0.26205731643726077
0.67802734375,-0.2911096906470495
0.678046875,-0.19215849739085802
0.67806640625,-0.09783023137750219
0.6780859375,-0.07215050693086847
0.67810546875,0.3229394276565682
0.678125,0.8219312498682736
0.67814453125,0.6869562926865563
0.6781640625,0.2315033713505707
0.67818359375,0.3838972031859374
0.678203125,0.7838492170793584
0.67822265625,0.37685210853237666
0.6782421875,-0.33020478349829524
0.67826171875,-0.2617627591231917
0.67828125,0.1533670715796759
0.67830078125,0.0021622469875999806
0.6783203125,-0.2994976334694242
0.67833984375,-0.029869840443859763
0.678359375,0.29166762041696737
0.67837890625,0.16841696212152069
0.6783984375,0.08622137401650727
0.67841796875,0.2415466676792113
0.6784375,0.2641819008586288
0.67845703125,0.16606196440550988
0.6784765625,0.12702721382555526
0.67849609375,0.09232907738649743
0.678515625,0.11339083698763572
0.67853515625,0.25574618995020926
0.6785546875,0.3891379299212463
0.67857421875,0.35871765331765
0.67859375,0.2962151521471516
0.67861328125,0.4609057231141347
0.6786328125,0.7084973581178173
0.67865234375,0.7801832748977592
0.678671875,0.7800288014953627
0.67869140625,0.9184426014322128
0.6787109375,1.0919494870672746
0.67873046875,1.089900155532843
0.67875,0.9641211879792169
0.67876953125,0.6597657394832958
0.6787890625,0.19599300398245778
0.67880859375,0.11910423928926889
0.678828125,0.3299138996085484
0.67884765625,0.24239599216863397
0.6788671875,0.1296098344286038
0.67888671875,0.09044349682864346
0.67890625,-0.05592350612424545
0.67892578125,-0.004669691137881127
0.6789453125,0.1324208464953358
0.67896484375,-0.07677762957816965
0.678984375,-0.3538044446351745
0.67900390625,-0.268371923350265
0.6790234375,-0.1482049728896927
0.67904296875,-0.21917192790225076
0.6790625,-0.30605063719945685
0.67908203125,-0.16916340035042207
0.6791015625,0.14629214964487042
0.67912109375,0.02910535848106771
0.679140625,-0.21444341908098197
0.67916015625,-0.09719609912477112
0.6791796875,-0.11334630664438519
0.67919921875,-0.11965406005676588
0.67921875,0.09019783317554705
0.67923828125,0.030335034235440775
0.6792578125,-0.31180710415937696
0.67927734375,-0.3752193152940391
0.679296875,0.03142056548036399
0.67931640625,0.2764096428972718
0.6793359375,0.163963194161469
0.67935546875,0.12403509065180712
0.679375,0.20634665324311308
0.67939453125,0.32474362275234836
0.6794140625,0.30395451012533875
0.67943359375,0.21588258663830606
0.679453125,0.1744786049401007
0.67947265625,0.1722830916913334
0.6794921875,0.33836611280482237
0.67951171875,0.25296286320746875
0.67953125,0.01886748223707087
0.67955078125,0.1481229808556241
0.6795703125,0.25969702272082196
0.67958984375,0.11485005275716295
0.679609375,-0.004323961443629443
0.67962890625,0.05343604566800822
0.6796484375,0.05754556937951791
0.67966796875,-0.12794626823497018
0.6796875,-0.36343028376990927
0.67970703125,-0.5601766702473338
0.6797265625,-0.5323644944206793
0.67974609375,-0.28918816629110655
0.679765625,-0.18675759892559018
0.67978515625,-0.44793125328059913
0.6798046875,-0.7732131596592299
0.67982421875,-0.6965720450882815
0.67984375,-0.4039218776933307
0.67986328125,-0.21386437289901425
0.6798828125,-0.002274902438322528
0.67990234375,0.017464923678691006
0.679921875,-0.2949168467126201
0.67994140625,-0.4379531077318825
0.6799609375,-0.25820333211581176
0.67998046875,-0.05086507810865545
0.68,-0.13911990611647518
0.68001953125,-0.3698856737262987
0.6800390625,-0.282213316857722
0.68005859375,-0.21022505678007394
0.680078125,-0.37192836271732094
0.68009765625,-0.48217683651514487
0.6801171875,-0.3968603384009407
0.68013671875,-0.12748100089480857
0.68015625,-0.28038611400323954
0.68017578125,-0.7930681886611981
0.6801953125,-0.6854330594689761
0.68021484375,-0.2499661203747606
0.680234375,-0.3872121366625886
0.68025390625,-0.6345941801612881
0.6802734375,-0.5137159462338263
0.68029296875,-0.5642311874311011
0.6803125,-0.6956358475378585
0.68033203125,-0.3851358173657352
0.6803515625,-0.11887570883230672
0.68037109375,-0.46372821504968076
0.680390625,-0.705666362856372
0.68041015625,-0.4647598968439762
0.6804296875,-0.4861019392876703
0.68044921875,-0.5851680175226874
0.68046875,-0.3075666831435496
0.68048828125,-0.024853676856915224
0.6805078125,-0.058289450098032936
0.68052734375,-0.2691739808734815
0.680546875,-0.04260075771072591
0.68056640625,0.2739531128243574
0.6805859375,0.08416818664948508
0.68060546875,0.08266398709408024
0.680625,0.22019396843607966
0.68064453125,0.18873065038432177
0.6806640625,0.3349710171298033
0.68068359375,0.32700467402729605
0.680703125,0.18820567610363675
0.68072265625,0.18520877215861214
0.6807421875,0.08979443405263281
0.68076171875,-0.07598801496536502
0.68078125,-0.28279136992409065
0.68080078125,-0.17722632466316435
0.6808203125,0.23275325079607093
0.68083984375,0.02545432674371248
0.680859375,-0.5362164536198011
0.68087890625,-0.6305175137589956
0.6808984375,-0.5546723874686514
0.68091796875,-0.5874746486546923
0.6809375,-0.7388432644129703
0.68095703125,-0.8475807591352988
0.6809765625,-0.594265641129716
0.68099609375,-0.4505546478619016
0.681015625,-0.5675135476406779
0.68103515625,-0.4590612018483773
0.6810546875,-0.37613355142958116
0.68107421875,-0.443805318205164
0.68109375,-0.5659321204893482
0.68111328125,-0.6946295564471957
0.6811328125,-0.533754892871942
0.68115234375,-0.4989859514551118
0.681171875,-0.7353562251105099
0.68119140625,-0.6851613070094804
0.6812109375,-0.553131205517519
0.68123046875,-0.5540114295031416
0.68125,-0.5472191606706053
0.68126953125,-0.6263903991583288
0.6812890625,-0.641979097257205
0.68130859375,-0.5013011051228523
0.681328125,-0.3756581815908355
0.68134765625,-0.26061472157133897
0.6813671875,-0.25123192157399804
0.68138671875,-0.2488472210326816
0.68140625,-0.06351381114158702
0.68142578125,-0.06928510605661523
0.6814453125,-0.23371644034535807
0.68146484375,-0.21332352509459518
0.681484375,-0.2572000916293432
0.68150390625,-0.3662530606075875
0.6815234375,-0.2404579140884346
0.68154296875,-0.04600475738465576
0.6815625,0.016957572683553433
0.68158203125,0.06560491443949977
0.6816015625,0.10939355907835087
0.68162109375,0.054758640568339394
0.681640625,-0.09001796575462286
0.68166015625,-0.3202381921179785
0.6816796875,-0.445000730826475
0.68169921875,-0.13713838218319807
0.68171875,0.22525633131650855
0.68173828125,0.18050532977641273
0.6817578125,0.17128155475689258
0.68177734375,0.2190152830920721
0.681796875,0.10002315997436856
0.68181640625,0.09719061042761903
0.6818359375,0.039702171953288644
0.68185546875,-0.01804706618026658
0.681875,0.06290330975584932
0.68189453125,-0.058007437713841564
0.6819140625,-0.1451292142325767
0.68193359375,-0.06431997660329689
0.681953125,-0.0009754976395445064
0.68197265625,0.11731878433621809
0.6819921875,0.21351734172131787
0.68201171875,0.4237612941150401
0.68203125,0.6141978950875105
0.68205078125,0.3241051436269086
0.6820703125,0.031924510761226176
0.68208984375,0.16836216530168724
0.682109375,0.320411408832664
0.68212890625,0.26449513604376523
0.6821484375,0.024794600575148915
0.68216796875,-0.15130274020729104
0.6821875,-0.000599899778857587
0.68220703125,0.024256320504056315
0.6822265625,-0.11206518985981657
0.68224609375,0.014928500072326812
0.682265625,0.053458597778467926
0.68228515625,0.050542085941973805
0.6823046875,0.21587674977057358
0.68232421875,0.07318163437761846
0.68234375,-0.15039390482465792
0.68236328125,0.07035137588265067
0.6823828125,0.3541301336185476
0.68240234375,0.17396572810022712
0.682421875,-0.07107036950392218
0.68244140625,0.26543801300430475
0.6824609375,0.5695050375810258
0.68248046875,0.20191936429623858
0.6825,-0.09490081943279248
0.68251953125,0.023473337774841483
0.6825390625,0.07683811409037193
0.68255859375,0.18460705559541307
0.682578125,0.452444180216365
0.68259765625,0.2854444263722657
0.6826171875,0.0027475718523468917
0.68263671875,0.5096306109773253
0.68265625,0.8927034367377443
0.68267578125,0.42507144406655367
0.6826953125,0.13119183645011964
0.68271484375,0.20386119963437696
0.682734375,0.3044752888445488
0.68275390625,0.4621754029581093
0.6827734375,0.5095300954813925
0.68279296875,0.5737526984893491
0.6828125,0.6714278319558447
0.68283203125,0.6223156595981895
0.6828515625,0.48834711396244834
0.68287109375,0.46305429322422753
0.682890625,0.5569996980788334
0.68291015625,0.19399639730359092
0.6829296875,-0.4101733079085419
0.68294921875,-0.4641774203433946
0.68296875,-0.4994622510226716
0.68298828125,-0.7693689077854113
0.6830078125,-0.6234905813975038
0.68302734375,-0.22576645677085574
0.683046875,-0.05176174660725294
0.68306640625,-0.05678494627233585
0.6830859375,0.038528875697584
0.68310546875,0.16568362892524083
0.683125,0.0076815064136708106
0.68314453125,-0.04499736409350945
0.6831640625,0.3266341044398038
0.68318359375,0.5291315857970075
0.683203125,0.43640825068461975
0.68322265625,0.5140703620699876
0.6832421875,0.6264400707811664
0.68326171875,0.4576079942386169
0.68328125,0.33723756530038435
0.68330078125,0.5856113887161952
0.6833203125,0.7758213505865281
0.68333984375,0.678725207358199
0.683359375,0.6851545683399733
0.68337890625,0.8227974093429729
0.6833984375,0.8069654097933892
0.68341796875,0.6715829670088528
0.6834375,0.5377574847242006
0.68345703125,0.368783006784489
0.6834765625,0.296931925300271
0.68349609375,0.3685948526697256
0.683515625,0.3770267991717964
0.68353515625,0.27762318540797293
0.6835546875,0.17768983231824662
0.68357421875,0.2975268164415076
0.68359375,0.5828188743601392
0.68361328125,0.7580286279227898
0.6836328125,0.7566868008706946
0.68365234375,0.5129603570633843
0.683671875,0.22594208039022146
0.68369140625,0.231131142745429
0.6837109375,0.15336983667258275
0.68373046875,-0.28576439473528714
0.68375,-0.4229568893303044
0.68376953125,-0.22894013596720958
0.6837890625,-0.3128706171148633
0.68380859375,-0.5848184352834623
0.683828125,-0.6860668607955535
0.68384765625,-0.3070695173992035
0.6838671875,0.1416183892776528
0.68388671875,0.021180043933165596
0.68390625,-0.10605940015502544
0.68392578125,0.03975378825404138
0.6839453125,0.1775244332908955
0.68396484375,0.5454584808083061
0.683984375,0.7339916964861233
0.68400390625,0.49678638461063174
0.6840234375,0.42968010734640166
0.68404296875,0.31693545546874047
0.6840625,0.23467209694954025
0.68408203125,0.6194720808041441
0.6841015625,0.8220083818085376
0.68412109375,0.6353200160822692
0.684140625,0.4408275110790514
0.68416015625,0.31982848222424287
0.6841796875,0.2785235911033397
0.68419921875,0.1450438987954737
0.68421875,0.058115485844923154
0.68423828125,0.0413974616215701
0.6842578125,-0.1537693683175373
0.68427734375,-0.21309788403582622
0.684296875,-0.03477900699183331
0.68431640625,0.09186186018554357
0.6843359375,0.15498394587058245
0.68435546875,0.2258108035681123
0.684375,0.2931560678787849
0.68439453125,0.273882609811399
0.6844140625,0.14513144240148756
0.68443359375,0.06440875827806683
0.684453125,0.17958283267215241
0.68447265625,0.3141602995744411
0.6844921875,0.18922125750198399
0.68451171875,0.032904302201025484
0.68453125,0.2937749000025389
0.68455078125,0.7639717566108947
0.6845703125,1.0827421841176408
0.68458984375,1.306318193966394
0.684609375,1.1983900373883374
0.68462890625,0.9071909221849039
0.6846484375,0.9072060701128936
0.68466796875,0.9170635095603648
0.6846875,0.8488738617370333
0.68470703125,0.7757933838049084
0.6847265625,0.647405475619771
0.68474609375,0.630635484479524
0.684765625,0.5591238756778953
0.68478515625,0.52684740530331
0.6848046875,0.759603389610902
0.68482421875,0.835963702459781
0.68484375,0.7084912735619884
0.68486328125,0.5616645433939699
0.6848828125,0.2610061536425485
0.68490234375,0.021590273985497947
0.684921875,-0.011180530213077447
0.68494140625,0.016321266134713124
0.6849609375,-0.016380587590560727
0.68498046875,-0.2612733892481118
0.685,-0.40527121531854565
0.68501953125,-0.26918755394187854
0.6850390625,-0.25181582833710137
0.68505859375,-0.2558547981624122
0.685078125,-0.0797119725919331
0.68509765625,0.1634764427126378
0.6851171875,0.3202561651897448
0.68513671875,0.24253205816986723
0.68515625,0.22409114861350987
0.68517578125,0.343703651830275
0.6851953125,0.3006996881665886
0.68521484375,0.09395641864264988
0.685234375,0.013556814221768479
0.68525390625,0.30164632708006034
0.6852734375,0.47997781945856666
0.68529296875,0.4492333328324134
0.6853125,0.7980129827561968
0.68533203125,0.9008169877118636
0.6853515625,0.4063585800760384
0.68537109375,0.28147936935160583
0.685390625,0.4962753744473748
0.68541015625,0.606036543235301
0.6854296875,0.5977999850200207
0.68544921875,0.3463536365169788
0.68546875,0.26070401396417503
0.68548828125,0.33292248505467287
0.6855078125,0.22666929527231933
0.68552734375,0.32180103206526955
0.685546875,0.4625135244694607
0.68556640625,0.4262280251791424
0.6855859375,0.5014533239116901
0.68560546875,0.5383509366485992
0.685625,0.502690951525548
0.68564453125,0.3501938198869055
0.6856640625,0.09518296023527653
0.68568359375,0.16571436527182457
0.685703125,0.1653583684516562
0.68572265625,-0.11222623703719242
0.6857421875,-0.13512720695716252
0.68576171875,-0.048832293434983756
0.68578125,-0.05063744280755385
0.68580078125,-0.13214217367169273
0.6858203125,-0.23073987828610287
0.68583984375,-0.15862930457668972
0.685859375,-0.17816863149651618
0.68587890625,-0.29867561273995064
0.6858984375,-0.21122376452551345
0.68591796875,-0.18281836170988552
0.6859375,-0.3135215771381637
0.68595703125,-0.41841899607402433
0.6859765625,-0.44050937443014326
0.68599609375,-0.18991255020517903
0.686015625,0.010171025576718111
0.68603515625,-0.1491957366768582
0.6860546875,-0.24702437134083477
0.68607421875,-0.22815073791743745
0.68609375,-0.19695525883735265
0.68611328125,0.133589501818688
0.6861328125,0.47081241637295457
0.68615234375,0.21780703203803076
0.686171875,-0.2744682200540057
0.68619140625,-0.44916855696633284
0.6862109375,-0.4501484769460303
0.68623046875,-0.3744197086648734
0.68625,-0.1129463080775776
0.68626953125,0.01929330113626486
0.6862890625,-0.2686262525813867
0.68630859375,-0.3942072596194002
0.686328125,-0.03500629841556263
0.68634765625,0.1206356233525109
0.6863671875,0.026664350026258225
0.68638671875,0.08214314406437642
0.68640625,0.13991136184011277
0.68642578125,0.23653417374963293
0.6864453125,0.28187209828332094
0.68646484375,0.12507544021782813
0.686484375,0.11831759374759646
0.68650390625,0.3151361312357593
0.6865234375,0.5359081389953827
0.68654296875,0.5500044858510695
0.6865625,0.17269675683419447
0.68658203125,-0.09739480898660402
0.6866015625,0.04329657497877743
0.68662109375,0.20637060486801106
0.686640625,0.2982077505219891
0.68666015625,0.511344438985117
0.6866796875,0.594765068920102
0.68669921875,0.3728502361860961
0.68671875,0.23770921588861382
0.68673828125,0.3071766898728732
0.6867578125,0.3514877886696553
0.68677734375,0.21874734989803093
0.686796875,0.013553923097622211
0.68681640625,0.08637053425116899
0.6868359375,0.23995626429035136
0.68685546875,0.14249385983701707
0.686875,-0.05556526606053765
0.68689453125,-0.12799873097314474
0.6869140625,-0.08736662065762157
0.68693359375,-0.36597514969436873
0.686953125,-0.5982786589829656
0.68697265625,-0.30664181843667176
0.6869921875,-0.3522222500336488
0.68701171875,-0.7757135440351233
0.68703125,-0.8339302021429612
0.68705078125,-0.6928878750839432
0.6870703125,-0.6080433008562269
0.68708984375,-0.5055318081386447
0.687109375,-0.4444567201131411
0.68712890625,-0.5781484418123697
0.6871484375,-0.7078173372292802
0.68716796875,-0.6237717546138705
0.6871875,-0.4257284472869522
0.68720703125,-0.20528891089908385
0.6872265625,-0.05282522738339572
0.68724609375,0.03855818815523687
0.687265625,-0.0970410376642531
0.68728515625,-0.17794899559662503
0.6873046875,0.29254131480954276
0.68732421875,0.42910664236645607
0.68734375,0.13835206592442623
0.68736328125,0.3007142597382492
0.6873828125,0.35194317719969903
0.68740234375,0.08597999161378472
0.687421875,-0.10618445434139928
0.68744140625,-0.19068994309574522
0.6874609375,-0.0691576544630143
0.68748046875,-0.12055692914590338
0.6875,-0.18863233162937934
0.68751953125,0.06583224981714224
0.6875390625,0.18607527934278678
0.68755859375,0.13878185188567688
0.687578125,-0.13105643245922022
0.68759765625,-0.4057214190521477
0.6876171875,-0.16414408411336354
0.68763671875,-0.059613740419692474
0.68765625,-0.3965257727173831
0.68767578125,-0.5709753160913852
0.6876953125,-0.44845996408931144
0.68771484375,-0.426731311446664
0.687734375,-0.7156279845747395
0.68775390625,-0.8014385951447247
0.6877734375,-0.6068185330615151
0.68779296875,-0.5570779290487068
0.6878125,-0.4819517445810651
0.68783203125,-0.2548216173357547
0.6878515625,-0.05918752876945539
0.68787109375,-0.1043294067210427
0.687890625,-0.38707061068603077
0.68791015625,-0.417504252905964
0.6879296875,-0.2137890669313517
0.68794921875,-0.2719470456081687
0.68796875,-0.21830248503256228
0.68798828125,0.09652222254581087
0.6880078125,0.0889878554414429
0.68802734375,-0.04206562552792871
0.688046875,-0.08481166309933531
0.68806640625,-0.2479225002453309
0.6880859375,-0.2416498188072293
0.68810546875,-0.11518066593249036
0.688125,-0.17450556817713975
0.68814453125,-0.09581254612814125
0.6881640625,-0.06700988693425904
0.68818359375,-0.4873899618663863
0.688203125,-0.7406607355193048
0.68822265625,-0.6126199336439064
0.6882421875,-0.45492777148495994
0.68826171875,-0.28990984583015506
0.68828125,-0.33284359837680033
0.68830078125,-0.528319577355888
0.6883203125,-0.5184345422891212
0.68833984375,-0.35011411224954087
0.688359375,-0.21590711225832088
0.68837890625,-0.3304772189446859
0.6883984375,-0.514773936146502
0.68841796875,-0.344470319798014
0.6884375,-0.15916344501439683
0.68845703125,-0.31489688439150976
0.6884765625,-0.3452803160117575
0.68849609375,-0.08312616259739439
0.688515625,-0.05345639347916907
0.68853515625,-0.11732524861265428
0.6885546875,0.09670929024881389
0.68857421875,0.15918214379190052
0.68859375,0.03556336765246291
0.68861328125,-0.048939076237151484
0.6886328125,-0.051084373948032835
0.68865234375,-0.02274565021933128
0.688671875,-0.3731855544320871
0.68869140625,-0.5032334615580558
0.6887109375,-0.06845342455181634
0.68873046875,0.010745782168542453
0.68875,-0.029215575948783393
0.68876953125,0.060258069659155505
0.6887890625,-0.1401454318551536
0.68880859375,-0.23109655932511197
0.688828125,-0.07018374250476786
0.68884765625,0.06588883578108844
0.6888671875,-0.1530035736661399
0.68888671875,-0.4982112621714094
0.68890625,-0.3162599977406979
0.68892578125,-0.3064380562998575
0.6889453125,-0.6185086664854714
0.68896484375,-0.5046612598558617
0.688984375,-0.39679203786282957
0.68900390625,-0.4224048286443779
0.6890234375,-0.48859878292294084
0.68904296875,-0.6610597618194946
0.6890625,-0.5572313802258485
0.68908203125,-0.5843811413514266
0.6891015625,-0.7431310731444816
0.68912109375,-0.5589583078929562
0.689140625,-0.5999670835664521
0.68916015625,-0.7274545811236617
0.6891796875,-0.6715994505974561
0.68919921875,-0.8085290777702419
0.68921875,-0.7626468250444469
0.68923828125,-0.5538105442183139
0.6892578125,-0.5998370785619228
0.68927734375,-0.7315435309848595
0.689296875,-0.5090676691399956
0.68931640625,-0.13008734472354327
0.6893359375,-0.37174778758233085
0.68935546875,-0.43117743216026716
0.689375,0.06296472630502856
0.68939453125,-0.004135147532011642
0.6894140625,-0.19530123239357342
0.68943359375,-0.17635483034242605
0.689453125,-0.21475588194168746
0.68947265625,-0.09965498269802128
0.6894921875,-0.17922557413183876
0.68951171875,-0.24392595110164988
0.68953125,0.019778877562936704
0.68955078125,0.28113932501281436
0.6895703125,0.36779722433171885
0.68958984375,0.05466648201518337
0.689609375,-0.1313146403216895
0.68962890625,0.0950639579910632
0.6896484375,-0.1585235716793102
0.68966796875,-0.664262373621355
0.6896875,-0.7351115807373049
0.68970703125,-0.6174115161622572
0.6897265625,-0.43078089162230937
0.68974609375,-0.2795039330788539
0.689765625,-0.17088063508013043
0.68978515625,-0.03243253400552271
0.6898046875,-0.10800625470735456
0.68982421875,-0.23708541552634968
0.68984375,-0.08442934388345058
0.68986328125,0.1209688683591101
0.6898828125,0.021341357669399295
0.68990234375,0.0017793846270699465
0.689921875,0.22834156848366938
0.68994140625,0.10514155921151613
0.6899609375,-0.10094941529066198
0.68998046875,-0.016569556911340596
0.69,0.025568185244955924
0.69001953125,0.05689407795401086
0.6900390625,0.2009427137695859
0.69005859375,0.32093022918394387
0.690078125,0.28251362395565205
0.69009765625,0.30140167396402756
0.6901171875,0.5012427372819238
0.69013671875,0.39349551348513157
0.69015625,0.05653358369094806
0.69017578125,0.028170684099709974
0.6901953125,0.056049055108903234
0.69021484375,-0.16466196422370163
0.690234375,-0.4033930411933251
0.69025390625,-0.4045812949043464
0.6902734375,-0.176512262337737
0.69029296875,-0.032599168592968734
0.6903125,-0.0642345344335286
0.69033203125,-0.0532486040104153
0.6903515625,0.03330065080853212
0.69037109375,0.2725357423056109
0.690390625,0.5578985004314567
0.69041015625,0.3526872395328435
0.6904296875,0.009032167884999574
0.69044921875,0.157319242061267
0.69046875,0.23473353918874187
0.69048828125,-0.0034663246991423896
0.6905078125,-0.21707662756842994
0.69052734375,-0.2920894727817797
0.690546875,-0.08353644755261794
0.69056640625,0.17255551518632867
0.6905859375,0.3494220280928212
0.69060546875,0.5988803836647965
0.690625,0.6472320026273806
0.69064453125,0.4835712535554341
0.6906640625,0.4555507122020348
0.69068359375,0.4410372094117811
0.690703125,0.327235048371202
0.69072265625,0.3223341688123438
0.6907421875,0.4051092697064038
0.69076171875,0.5277354620990172
0.69078125,0.6033698246357816
0.69080078125,0.5512929385526112
0.6908203125,0.5838699423461815
0.69083984375,0.6148513357347913
0.690859375,0.5328522452977696
0.69087890625,0.4057734865442963
0.6908984375,0.1558003740566815
0.69091796875,0.033178193344212875
0.6909375,0.0012894708816651515
0.69095703125,-0.26192500478038594
0.6909765625,-0.5094617957615978
0.69099609375,-0.6196512457146391
0.691015625,-0.772789906672012
0.69103515625,-0.8617879552683585
0.6910546875,-0.6694425363123104
0.69107421875,-0.3892077894146642
0.69109375,-0.310569961566005
0.69111328125,-0.28922462795534193
0.6911328125,-0.11975740412057057
0.69115234375,-0.007548056147768163
0.691171875,-0.27305167550010623
0.69119140625,-0.5289145463809322
0.6912109375,-0.3413426166571729
0.69123046875,-0.14488353772824172
0.69125,-0.08756385969296258
0.69126953125,0.12372170864978654
0.6912890625,0.3063713525348867
0.69130859375,0.3538801782841438
0.691328125,0.47701424097270306
0.69134765625,0.6454426638161929
0.6913671875,0.6100069983196341
0.69138671875,0.3948154716024739
0.69140625,0.36207317971311126
0.69142578125,0.44788448075743853
0.6914453125,0.2975127527339584
0.69146484375,0.196186095762526
0.691484375,0.26483260715225765
0.69150390625,0.10223633327694094
0.6915234375,-0.06028387334321392
0.69154296875,-0.06467725366973862
0.6915625,-0.12119271711132647
0.69158203125,-0.14940221630606637
0.6916015625,-0.24000592798011186
0.69162109375,-0.2410831739211738
0.691640625,-0.21967834091584124
0.69166015625,-0.509003629834195
0.6916796875,-0.39331418573770005
0.69169921875,0.12252939135359249
0.69171875,0.16669282033581478
0.69173828125,0.16756572380115276
0.6917578125,0.3455096200106783
0.69177734375,0.2732739394961216
0.691796875,0.08548753040224269
0.69181640625,-0.1922452255292722
0.6918359375,-0.38267923607968757
0.69185546875,-0.3887390194569391
0.691875,-0.36346936070314423
0.69189453125,-0.12616161545713178
0.6919140625,-0.06021497224076415
0.69193359375,-0.27136012758959793
0.691953125,-0.17994453078440484
0.69197265625,0.08011048016864407
0.6919921875,0.20061145810834524
0.69201171875,0.20451996758730234
0.69203125,0.3094655852835083
0.69205078125,0.4553338886815528
0.6920703125,0.3631367704565224
0.69208984375,0.46840883809932277
0.692109375,0.8539403011467915
0.69212890625,0.8835811430372146
0.6921484375,0.5801624246633973
0.69216796875,0.4204273701805839
0.6921875,0.41887488066426937
0.69220703125,0.22989787672823772
0.6922265625,-0.13458249521533439
0.69224609375,-0.20866149897768418
0.692265625,0.13871764826493765
0.69228515625,0.1668467647823575
0.6923046875,-0.3979090900536042
0.69232421875,-0.4242714200172424
0.69234375,0.22275000681538165
0.69236328125,0.2934675386062578
0.6923828125,-0.07063074690980264
0.69240234375,-0.10173259396258644
0.692421875,-0.054070342598428245
0.69244140625,0.02521152618695742
0.6924609375,0.310417251724284
0.69248046875,0.49480253379260253
0.6925,0.4563341313499376
0.69251953125,0.2859710359172776
0.6925390625,0.13344750952594248
0.69255859375,0.17256261320343766
0.692578125,0.2397712996269759
0.69259765625,0.36676282057317355
0.6926171875,0.6352897354315157
0.69263671875,0.7374881772266432
0.69265625,0.6873397625476384
0.69267578125,0.7422714191839903
0.6926953125,0.900332994632827
0.69271484375,0.932390356752682
0.692734375,0.6809151406854974
0.69275390625,0.3759192664247615
0.6927734375,0.4205845634212041
0.69279296875,0.6095681503908786
0.6928125,0.47872640379320847
0.69283203125,0.4049864171632661
0.6928515625,0.5637819278513497
0.69287109375,0.6202248178445394
0.692890625,0.5399457819227512
0.69291015625,0.23890460664168933
0.6929296875,0.0875479668097309
0.69294921875,0.15817637116909233
0.69296875,0.012072406221876365
0.69298828125,0.07695067311614034
0.6930078125,0.1302943267794349
0.69302734375,-0.2737107707091767
0.693046875,-0.25410508737431536
0.69306640625,0.1463669044592487
0.6930859375,0.0765339313315408
0.69310546875,-0.15196253230429455
0.693125,-0.097660722521509
0.69314453125,0.11331509346368074
0.6931640625,0.2857885850066991
0.69318359375,0.271115160032154
0.693203125,0.30821207550875496
0.69322265625,0.36797348996671836
0.6932421875,0.10176441084866772
0.69326171875,-0.007758312378912412
0.69328125,0.24495545295012827
0.69330078125,0.2523102674884696
0.6933203125,0.05508237303341358
0.69333984375,0.0473380771248493
0.693359375,0.17901170140289752
0.69337890625,0.3527655441551685
0.6933984375,0.5301153264294252
0.69341796875,0.595487555072203
0.6934375,0.44682850126616774
0.69345703125,0.15066360561207068
0.6934765625,0.07829902687327916
0.69349609375,0.12903252967184198
0.693515625,-0.018020898498464603
0.69353515625,0.14597725972766468
0.6935546875,0.45736137920105535
0.69357421875,0.3553526779988325
0.69359375,0.3928821457993521
0.69361328125,0.5278232794135583
0.6936328125,0.46404462310251204
0.69365234375,0.4889853805741379
0.693671875,0.3094826136648363
0.69369140625,0.07530704802163299
0.6937109375,0.011119419493829899
0.69373046875,-0.249538546895096
0.69375,-0.27437928755020824
0.69376953125,-0.04262729280715539
0.6937890625,-0.2188495846572031
0.69380859375,-0.570597654047432
0.693828125,-0.5635535515051406
0.69384765625,-0.3275408229213287
0.6938671875,-0.3778997953660921
0.69388671875,-0.5451334371857789
0.69390625,-0.4598498259397576
0.69392578125,-0.41190883084838764
0.6939453125,-0.45738262462956036
0.69396484375,-0.4278952450488562
0.693984375,-0.2634336282547615
0.69400390625,-0.03463312987318041
0.6940234375,-0.1480908226428854
0.69404296875,-0.40664091607651554
0.6940625,-0.176785478505014
0.69408203125,0.28444574974782916
0.6941015625,0.47488262046723473
0.69412109375,0.49422897346227823
0.694140625,0.44929348598784996
0.69416015625,0.2533836071193277
0.6941796875,-0.012019543234666002
0.69419921875,-0.18000406267124247
0.69421875,-0.3057524364445675
0.69423828125,-0.5400304160064533
0.6942578125,-0.6473894658738262
0.69427734375,-0.424231291596355
0.694296875,-0.3010282983585607
0.69431640625,-0.4222992527702409
0.6943359375,-0.3534788374968096
0.69435546875,-0.15131715516008035
0.694375,-0.13138972904054352
0.69439453125,-0.16944419340723965
0.6944140625,-0.08570502362268462
0.69443359375,0.007788236145341236
0.694453125,-0.07028982484521365
0.69447265625,-0.17620912160653857
0.6944921875,-0.13901030489714852
0.69451171875,-0.1282727497580301
0.69453125,-0.25292172598211304
0.69455078125,-0.29904360036553307
0.6945703125,-0.09667449710434176
0.69458984375,0.11795797683887202
0.694609375,0.35472265407732073
0.69462890625,0.7232629162314743
0.6946484375,0.6913357069189188
0.69466796875,0.3569961233434411
0.6946875,0.33758759872855937
0.69470703125,0.3684631777881805
0.6947265625,0.24879910241023254
0.69474609375,0.10364989707812872
0.694765625,0.0576630171848387
0.69478515625,0.35004574849594483
0.6948046875,0.432181958078026
0.69482421875,0.07934665203363264
0.69484375,-0.0615720262022156
0.69486328125,-0.20831885889264287
0.6948828125,-0.3850947079218033
0.69490234375,-0.1974399678499939
0.694921875,-0.16604706941203135
0.69494140625,-0.22871510171297385
0.6949609375,-0.054757290920186816
0.69498046875,-0.007096312431303469
0.695,-0.08943947808791558
0.69501953125,-0.4783577967314993
0.6950390625,-0.8541134611461758
0.69505859375,-0.6588350043463383
0.695078125,-0.628308746168526
0.69509765625,-0.7716840930566841
0.6951171875,-0.76944301790201
0.69513671875,-0.8458422398122437
0.69515625,-0.4991833540274903
0.69517578125,-0.14757472871079247
0.6951953125,-0.26298481340210034
0.69521484375,-0.07010726848316788
0.695234375,0.1416331367683504
0.69525390625,-0.17887058274243375
0.6952734375,-0.5374271674381133
0.69529296875,-0.4744551346228917
0.6953125,-0.16370027827461708
0.69533203125,-0.20430644541337734
0.6953515625,-0.35937822979602396
0.69537109375,-0.15105153796675497
0.695390625,-0.07608660669584463
0.69541015625,-0.24961663925970812
0.6954296875,-0.30669012842878074
0.69544921875,-0.2373025566667277
0.69546875,-0.20076010697095809
0.69548828125,-0.2618894626006682
0.6955078125,-0.3692990123450908
0.69552734375,-0.5593440005784346
0.695546875,-0.48681783828414676
0.69556640625,-0.20643980939356377
0.6955859375,-0.31096962641153236
0.69560546875,-0.47779448817360926
0.695625,-0.4445133479637964
0.69564453125,-0.44034746254738943
0.6956640625,-0.48209252489728327
0.69568359375,-0.6282399588621194
0.695703125,-0.8260799101471247
0.69572265625,-0.9615561407692458
0.6957421875,-0.9028931251312687
0.69576171875,-0.7113076064440134
0.69578125,-0.8371930016761486
0.69580078125,-1.095908661443065
0.6958203125,-0.9325513882840062
0.69583984375,-0.7932535344534567
0.695859375,-0.9930416064968446
0.69587890625,-0.9220029443284399
0.6958984375,-0.6807792888326752
0.69591796875,-0.5663688439860227
0.6959375,-0.2677173581157143
0.69595703125,-0.1281394370338837
0.6959765625,-0.31350873354346115
0.69599609375,-0.36006879671329944
0.696015625,-0.4057830904524403
0.69603515625,-0.45850175779022595
0.6960546875,-0.2591740626926687
0.69607421875,-0.1545971030733435
0.69609375,-0.31663792353601106
0.69611328125,-0.31831244777515294
0.6961328125,-0.04307448529905378
0.69615234375,0.03525069520997341
0.696171875,-0.14963927013576306
0.69619140625,-0.22275372758612458
0.6962109375,-0.319841336947215
0.69623046875,-0.45771014837265533
0.69625,-0.48027957157622947
0.69626953125,-0.6972961632033154
0.6962890625,-1.008261167095116
0.69630859375,-0.9683500672696188
0.696328125,-0.6547869953350444
0.69634765625,-0.3808118358628904
0.6963671875,-0.38293295658007453
0.69638671875,-0.5749642212997931
0.69640625,-0.513683886406338
0.69642578125,-0.3350426827012736
0.6964453125,-0.3173189218171591
0.69646484375,-0.1655839741101215
0.696484375,-0.08203620012227619
0.69650390625,-0.186123785941555
0.6965234375,-0.15439630174133967
0.69654296875,-0.28762520634107774
0.6965625,-0.4586409044466332
0.69658203125,-0.3012364431071054
0.6966015625,-0.28659969536083507
0.69662109375,-0.4232899031508392
0.696640625,-0.22411730616539693
0.69666015625,0.20106939264031184
0.6966796875,0.3249516815856368
0.69669921875,0.04447359868925362
0.69671875,0.06657453999474534
0.69673828125,0.41975933687975764
0.6967578125,0.2537289638210071
0.69677734375,-0.08704179921842678
0.696796875,-0.06471833273302864
0.69681640625,-0.13182158295595298
0.6968359375,-0.32655343581034624
0.69685546875,-0.40119400519410187
0.696875,-0.3163371456288172
0.69689453125,-0.3187817472346256
0.6969140625,-0.6184839597940994
0.69693359375,-0.8862109302890298
0.696953125,-1.03498741731388
0.69697265625,-0.9648958783130993
0.6969921875,-0.5895540708465828
0.69701171875,-0.44613063599308994
0.69703125,-0.5245484338811299
0.69705078125,-0.5430149277129126
0.6970703125,-0.6813092581292326
0.69708984375,-0.6582449414235276
0.697109375,-0.4615496930566262
0.69712890625,-0.5764171005969464
0.6971484375,-0.812017472321311
0.69716796875,-0.9281053075742847
0.6971875,-0.6505708766168654
0.69720703125,-0.012933331827940174
0.6972265625,-0.02557026260776943
0.69724609375,-0.40564625488118233
0.697265625,-0.1838197338336421
0.69728515625,0.05812326212124089
0.6973046875,0.04093024282044905
0.69732421875,0.04770210441518358
0.69734375,-0.03016573518814651
0.69736328125,-0.12590247195033402
0.6973828125,-0.2409263041296541
0.69740234375,-0.138063518735283
0.697421875,0.029625862652274494
0.69744140625,-0.2777591976705024
0.6974609375,-0.46868978853417537
0.69748046875,-0.266447679759243
0.6975,-0.29546295666478284
0.69751953125,-0.6644116559075419
0.6975390625,-0.9129626058437261
0.69755859375,-0.7525016488096463
0.697578125,-0.546377154994477
0.69759765625,-0.3878416093361572
0.6976171875,-0.1779631876625135
0.69763671875,-0.2332067185463801
0.69765625,-0.289600342260882
0.69767578125,-0.16982218156648232
0.6976953125,-0.15520370486793722
0.69771484375,-0.07450326763849643
0.697734375,-0.10535166176435219
0.69775390625,-0.324863202035007
0.6977734375,-0.2739115716790631
0.69779296875,-0.12493107574964275
0.6978125,-0.0611998371723769
0.69783203125,-0.0011343736466959305
0.6978515625,-0.005378459572417893
0.69787109375,0.11118537938757013
0.697890625,0.14276653624188404
0.69791015625,-0.08868471671638997
0.6979296875,-0.0822791997414833
0.69794921875,0.07552136729113607
0.69796875,0.1860439378959466
0.69798828125,0.17764787930936035
0.6980078125,-0.15902874080997856
0.69802734375,-0.180336586599406
0.698046875,0.04527179854981402
0.69806640625,-0.13335474901810168
0.6980859375,-0.3564937013260342
0.69810546875,-0.34922004629153874
0.698125,-0.06732117726606204
0.69814453125,-0.014585579719252464
0.6981640625,-0.3635422588116174
0.69818359375,-0.30908313269886944
0.698203125,-0.290488742400577
0.69822265625,-0.5668821471185164
0.6982421875,-0.44174330188367245
0.69826171875,-0.23993481854360127
0.69828125,-0.15820481760904187
0.69830078125,-0.06932063670297905
0.6983203125,0.03667793545600605
0.69833984375,0.2177251813008695
0.698359375,0.08634020215619391
0.69837890625,0.058490932218739786
0.6983984375,0.27866839024360257
0.69841796875,0.031195306092907854
0.6984375,-0.20345139161429288
0.69845703125,-0.26343362010508886
0.6984765625,-0.39113632349897237
0.69849609375,-0.25540482560878613
0.698515625,-0.1389838771432272
0.69853515625,-0.0877359183644424
0.6985546875,0.12340871415050106
0.69857421875,0.33722736452540064
0.69859375,0.5988140550210415
0.69861328125,0.7199490473888531
0.6986328125,0.6179489657851801
0.69865234375,0.557021418849687
0.698671875,0.36135957303997823
0.69869140625,0.17301155043272515
0.6987109375,0.21830148663885848
0.69873046875,0.24818441963980542
0.69875,0.4133660818860625
0.69876953125,0.46917409885752387
0.6987890625,0.21314032481294876
0.69880859375,0.28222200693702404
0.698828125,0.4677061907057921
0.69884765625,0.32826585520715623
0.6988671875,0.11221952097648179
0.69888671875,-0.02896544351178513
0.69890625,-0.006005383121273773
0.69892578125,0.021969472947130517
0.6989453125,-0.0542602302623168
0.69896484375,-0.019529229236393608
0.698984375,0.13275047513034305
0.69900390625,0.2722817517231146
0.6990234375,0.12600483448153435
0.69904296875,-0.28429719512824203
0.6990625,-0.3138360063725922
0.69908203125,-0.08044599844632239
0.6991015625,-0.17873751607134147
0.69912109375,-0.22004405064848517
0.699140625,-0.14454793966065935
0.69916015625,-0.2173684007085938
0.6991796875,-0.009475046510701593
0.69919921875,0.2539995218753961
0.69921875,0.1824887825043797
0.69923828125,-0.014291330237874267
0.6992578125,-0.2271467932091399
0.69927734375,-0.15822937406061394
0.699296875,0.1748860756788784
0.69931640625,0.36626886089886884
0.6993359375,0.4726058777224357
0.69935546875,0.5804101905157603
0.699375,0.5044352203663915
0.69939453125,0.19054678956015425
0.6994140625,0.028311372229539868
0.69943359375,0.2586414785423632
0.699453125,0.3582578770094009
0.69947265625,0.04474184162982203
0.6994921875,-0.09684064482574203
0.69951171875,0.19691096547583203
0.69953125,0.3928398196793857
0.69955078125,0.4559461182221578
0.6995703125,0.5914739681001874
0.69958984375,0.45922040391758856
0.699609375,0.2588188628080331
0.69962890625,0.25294165734620505
0.6996484375,0.10205708717972223
0.69966796875,-0.1321072690117231
0.6996875,-0.13559756408368556
0.69970703125,0.07737337264730146
0.6997265625,0.12532127721352646
0.69974609375,-0.01190620052214879
0.699765625,-0.00819561038234147
0.69978515625,-0.12645468489265327
0.6998046875,-0.36133708898166506
0.69982421875,-0.42811479049477463
0.69984375,-0.3708320430774047
0.69986328125,-0.08732325463400367
0.6998828125,0.1557677754172906
0.69990234375,-0.07326129607567826
0.699921875,-0.42907262783818256
0.69994140625,-0.24519592481817223
0.6999609375,0.3805080351565078
0.69998046875,0.7342614206836724
0.7,0.6157442010515585
0.70001953125,0.3849116880860267
0.7000390625,0.36721281656479243
0.70005859375,0.599923017131213
0.700078125,0.5957888162848768
0.70009765625,0.1199710153595443
0.7001171875,-0.00983407214071065
0.70013671875,0.45261431996986956
0.70015625,0.7311586939313627
0.70017578125,0.6487834764438227
0.7001953125,0.46316201935022544
0.70021484375,0.3075616610061803
0.700234375,0.21157016046074872
0.70025390625,0.19829319153341524
0.7002734375,0.2857302341995096
0.70029296875,0.34401978151426943
0.7003125,0.3524783979872743
0.70033203125,0.3054074515133167
0.7003515625,0.25043770142612676
0.70037109375,0.21598354734755815
0.700390625,0.23924115558571363
0.70041015625,0.44411767955915965
0.7004296875,0.4557194801622628
0.70044921875,0.23035642099500092
0.70046875,0.2082742777959115
0.70048828125,0.27593369119534583
0.7005078125,0.2609202784823133
0.70052734375,0.1599862013931701
0.700546875,0.23452444658116547
0.70056640625,0.5177026899717785
0.7005859375,0.5018590489265582
0.70060546875,0.5788220198240281
0.700625,0.9191949611808325
0.70064453125,0.8854404932250307
0.7006640625,0.8452864357968176
0.70068359375,1.02740891098418
0.700703125,1.0163055782635295
0.70072265625,0.8667077277104711
0.7007421875,0.7519002029625663
0.70076171875,0.6296305645693625
0.70078125,0.3433889302293669
0.70080078125,0.20059435914689197
0.7008203125,0.34143461883998627
0.70083984375,0.17054012721799644
0.700859375,-0.05813538999059532
0.70087890625,0.10130924362318879
0.7008984375,0.14831787319740958
0.70091796875,0.22699308085603062
0.7009375,0.5725039008411552
0.70095703125,0.559666441743796
0.7009765625,0.27401388899841184
0.70099609375,0.18548706748145755
0.701015625,0.18358208437881207
0.70103515625,0.09858572148120849
0.7010546875,-0.03435374541058338
0.70107421875,0.05498991633734989
0.70109375,0.1251428989881949
0.70111328125,0.026410206835500064
0.7011328125,0.3508915353817784
0.70115234375,0.6236523402668418
0.701171875,0.3154043850627258
0.70119140625,-0.1265812239740315
0.7012109375,-0.5209441972941588
0.70123046875,-0.4274457085165018
0.70125,-0.015516652825424877
0.70126953125,-0.012641261530915718
0.7012890625,-0.019731769751445437
0.70130859375,0.23441129148950382
0.701328125,0.5205314585365002
0.70134765625,0.6939979049248107
0.7013671875,0.6189436271238202
0.70138671875,0.6561523811977124
0.70140625,0.7678509767836489
0.70142578125,0.604963799229933
0.7014453125,0.5333227637586413
0.70146484375,0.5319234437792845
0.701484375,0.4086469677439015
0.70150390625,0.43488747385460697
0.7015234375,0.45603907967546364
0.70154296875,0.31514689432424786
0.7015625,0.22805541259404313
0.70158203125,0.40347278795347574
0.7016015625,0.5837258531654032
0.70162109375,0.32334930391125183
0.701640625,0.23866360967437225
0.70166015625,0.5712214564795515
0.7016796875,0.4210858449531916
0.70169921875,-0.08709880712814007
0.70171875,-0.11679388087628269
0.70173828125,0.3476647226514371
0.7017578125,0.41597561680286954
0.70177734375,-0.23818880480347887
0.701796875,-0.5425784868261578
0.70181640625,-0.3901625265897398
0.7018359375,-0.5859256369045227
0.70185546875,-0.7380227614360616
0.701875,-0.5699241426868167
0.70189453125,-0.37882275165901713
0.7019140625,-0.30500573177375195
0.70193359375,-0.4245457947449868
0.701953125,-0.43645769553522573
0.70197265625,-0.3829199331585231
0.7019921875,-0.346896975848838
0.70201171875,-0.05709175769100765
0.70203125,0.18294248055624932
0.70205078125,0.27360064327225514
0.7020703125,0.4552744506245074
0.70208984375,0.5947345238290129
0.702109375,0.6407572772141272
0.70212890625,0.6081819186237067
0.7021484375,0.4503280118471495
0.70216796875,0.18915462086628756
0.7021875,-0.02530151123607133
0.70220703125,-0.09371820789243268
0.7022265625,-0.2548842505381826
0.70224609375,-0.36528554276259395
0.702265625,-0.1651265451644852
0.70228515625,-0.004510257299123735
0.7023046875,0.00013074929001399144
0.70232421875,-0.05132842564907909
0.70234375,0.06166943241252694
0.70236328125,0.4192124068609857
0.7023828125,0.52584418417076
0.70240234375,0.40984172921419604
0.702421875,0.1520673850632086
0.70244140625,-0.2904016792033527
0.7024609375,-0.4366022277505322
0.70248046875,-0.3960082894817377
0.7025,-0.3754292820570476
0.70251953125,-0.23066611222324845
0.7025390625,-0.12176784915295401
0.70255859375,-0.04746923370470461
0.702578125,0.00870491534561146
0.70259765625,0.017344850204399673
0.7026171875,0.12798580914899893
0.70263671875,0.2698419558087454
0.70265625,0.23830313705228273
0.70267578125,0.07430531597741893
0.7026953125,0.06742944578598065
0.70271484375,0.19388257493384276
0.702734375,0.26824150822624976
0.70275390625,0.3896036898061016
0.7027734375,0.3330395852180621
0.70279296875,0.2128218519975733
0.7028125,0.37870058329110423
0.70283203125,0.30417532484737014
0.7028515625,0.04583320595268766
0.70287109375,0.11181940074074356
0.702890625,0.2814089742991689
0.70291015625,0.3568350466012166
0.7029296875,0.31144718996668547
0.70294921875,0.15180206524570128
0.70296875,-0.11569238268747531
0.70298828125,-0.3427656736168202
0.7030078125,-0.4014038667750286
0.70302734375,-0.40700983630367293
0.703046875,-0.3792858942760653
0.70306640625,-0.48305791719633784
0.7030859375,-0.652370039723922
0.70310546875,-0.5644592331215085
0.703125,-0.33170389903889475
0.70314453125,-0.2782160101420176
0.7031640625,-0.4721475581665688
0.70318359375,-0.443561816027756
0.703203125,-0.2444807672323334
0.70322265625,-0.3676396488047283
0.7032421875,-0.4702572509950073
0.70326171875,-0.45183433510937404
0.70328125,-0.37483885073920853
0.70330078125,0.0038084221021142325
0.7033203125,0.23342548549292025
0.70333984375,0.14326206325228932
0.703359375,0.17903445981673927
0.70337890625,0.29738281109728004
0.7033984375,0.2568367888684497
0.70341796875,0.012360468609750722
0.7034375,-0.30469474923018713
0.70345703125,-0.38992323156685044
0.7034765625,-0.14608998346756974
0.70349609375,-0.08200708877723925
0.703515625,-0.47233562950083363
0.70353515625,-0.7036709861628458
0.7035546875,-0.7085209616941388
0.70357421875,-0.6597865008348118
0.70359375,-0.32008743110180604
0.70361328125,-0.2216859609633102
0.7036328125,-0.4405620436152344
0.70365234375,-0.33088523383812696
0.703671875,-0.07091395538913996
0.70369140625,-0.18384695251173808
0.7037109375,-0.7024679525288477
0.70373046875,-1.0690158534846914
0.70375,-1.0057968647780062
0.70376953125,-0.7473024612378113
0.7037890625,-0.5059197857474014
0.70380859375,-0.454408756786322
0.703828125,-0.5457960336751632
0.70384765625,-0.6652935016326453
0.7038671875,-0.48454782346681324
0.70388671875,-0.0909211580368083
0.70390625,-0.0862473550874299
0.70392578125,-0.1830058748062064
0.7039453125,-0.31485267905337766
0.70396484375,-0.5605266745212596
0.703984375,-0.4413275063680584
0.70400390625,-0.35551574162825567
0.7040234375,-0.37945146526511586
0.70404296875,-0.25357984239822823
0.7040625,-0.35171930062214907
0.70408203125,-0.3549345529216966
0.7041015625,-0.2087288799849163
0.70412109375,-0.35027230169512014
0.704140625,-0.3116744675732876
0.70416015625,-0.03297650101597982
0.7041796875,-0.05444177320864434
0.70419921875,-0.1689093819794909
0.70421875,-0.2538379197540445
0.70423828125,-0.40295654686947807
0.7042578125,-0.34920200458338474
0.70427734375,-0.22633692298064073
0.704296875,-0.13910114992923853
0.70431640625,-0.06950128040107112
0.7043359375,-0.3099025180015832
0.70435546875,-0.551923254712582
0.704375,-0.60068827090764
0.70439453125,-0.6688308866311394
0.7044140625,-0.5288395662892362
0.70443359375,-0.4029515352041305
0.704453125,-0.37730175534396715
0.70447265625,-0.13799201354548413
0.7044921875,-0.18918704364700442
0.70451171875,-0.44835784752528063
0.70453125,-0.34320460327498137
0.70455078125,-0.2414211672886512
0.7045703125,-0.17384096558441914
0.70458984375,0.04520417817643793
0.704609375,0.23092288935587976
0.70462890625,0.4391935337163013
0.7046484375,0.37386119708434334
0.70466796875,0.04859377130675714
0.7046875,-0.05836259923679363
0.70470703125,-0.09934562336598216
0.7047265625,0.04809888113069383
0.70474609375,0.19111731026620482
0.704765625,-0.11934961226237153
0.70478515625,-0.1982301364918232
0.7048046875,-0.0274575529200667
0.70482421875,-0.04190435439699645
0.70484375,-0.01623939814961032
0.70486328125,-0.0507546800553361
0.7048828125,-0.1558244321019914
0.70490234375,-0.22666195684887125
0.704921875,-0.26536410433649726
0.70494140625,-0.35938427459324074
0.7049609375,-0.6433849209724198
0.70498046875,-0.8514353629968172
0.705,-0.9330359769030135
0.70501953125,-0.9965214036122999
0.7050390625,-0.8940775579541854
0.70505859375,-0.6694049101404556
0.705078125,-0.5352966355591631
0.70509765625,-0.5690151144083957
0.7051171875,-0.6193456407268824
0.70513671875,-0.6716735547213468
0.70515625,-0.8025777320579521
0.70517578125,-0.7732253908025142
0.7051953125,-0.4672743891761155
0.70521484375,-0.2285795742764004
0.705234375,-0.30632746727852844
0.70525390625,-0.29183457704158855
0.7052734375,-0.06628227009819902
0.70529296875,-0.14034765484323714
0.7053125,-0.23282574596788705
0.70533203125,-0.022527298904763376
0.7053515625,0.19182409271936024
0.70537109375,0.31539722025828576
0.705390625,0.29425244791399474
0.70541015625,0.3238604549395929
0.7054296875,0.07236915062249041
0.70544921875,-0.5868000798634223
0.70546875,-0.5996564508199186
0.70548828125,-0.2905759102243344
0.7055078125,-0.2846834124478423
0.70552734375,-0.2799137207920407
0.705546875,-0.41027093701425504
0.70556640625,-0.3378156382947183
0.7055859375,-0.15925196002748226
0.70560546875,-0.2528999277173296
0.705625,-0.12930926298611378
0.70564453125,0.03578905933134412
0.7056640625,0.056347888231585944
0.70568359375,-0.0005109201699242116
0.705703125,-0.18767316821529118
0.70572265625,0.11602360958703528
0.7057421875,0.5911540755390243
0.70576171875,0.45279388187425307
0.70578125,0.23273743160266588
0.70580078125,0.16322897709320622
0.7058203125,-0.014699044883906491
0.70583984375,-0.16304112396879483
0.705859375,-0.1829615699334933
0.70587890625,-0.03511794766314086
0.7058984375,0.028814860686718943
0.70591796875,-0.0490938026952215
0.7059375,0.04695741206260718
0.70595703125,-0.010696544593703075
0.7059765625,-0.1849188451089738
0.70599609375,0.035123552454523324
0.706015625,0.22666831828269934
0.70603515625,0.12196462977073923
0.7060546875,-0.01398142917056977
0.70607421875,-0.07719084615392827
0.70609375,0.01752871215504969
0.70611328125,0.034904027708789066
0.7061328125,0.0011815218323168713
0.70615234375,0.09456227671627697
0.706171875,0.06846901071400946
0.70619140625,-0.010639909034908343
0.7062109375,-0.1276671339594396
0.70623046875,-0.16806494978837996
0.70625,0.24416500183186993
0.70626953125,0.6642168123461187
0.7062890625,0.4629908825818649
0.70630859375,0.00844583544693904
0.706328125,-0.020841219520165134
0.70634765625,0.04137199272094353
0.7063671875,-0.15822215913750864
0.70638671875,-0.2050691746406143
0.70640625,-0.15530549287155354
0.70642578125,-0.08982267928018695
0.7064453125,0.03287597505407915
0.70646484375,0.024766070507120617
0.706484375,0.16112267787764917
0.70650390625,0.37012984512921093
0.7065234375,0.30031764094174007
0.70654296875,0.14007962123295933
0.7065625,0.2518276171619237
0.70658203125,0.812302016521328
0.7066015625,1.0809830819205135
0.70662109375,0.7930506852848939
0.706640625,0.7885663181965188
0.70666015625,0.7837135797645737
0.7066796875,0.39290454597308916
0.70669921875,0.14601717107513693
0.70671875,0.2879074092058743
0.70673828125,0.5618429250493996
0.7067578125,0.30233004817941744
0.70677734375,-0.15589671862910395
0.706796875,0.14763713554042276
0.70681640625,0.6290212239511547
0.7068359375,0.4900372145474984
0.70685546875,-0.029651638063550964
0.706875,-0.4058417506645388
0.70689453125,-0.2475662714085831
0.7069140625,0.04958376528690596
0.70693359375,-0.05307781930716132
0.706953125,-0.2827328161579086
0.70697265625,-0.28952081518234263
0.7069921875,-0.06653069048178387
0.70701171875,0.06322776734998972
0.70703125,-0.13815352007404924
0.70705078125,-0.28854558872305053
0.7070703125,-0.1990374727967029
0.70708984375,-0.1073729616217691
0.707109375,0.03825156497995211
0.70712890625,0.10856125111018591
0.7071484375,-0.1118861401117387
0.70716796875,-0.009477667486648439
0.7071875,0.516930178025182
0.70720703125,0.4850034926107892
0.7072265625,0.04000502103401889
0.70724609375,-0.09640341215357402
0.707265625,-0.04052360354314087
0.70728515625,0.17355215629072696
0.7073046875,0.2672347052400596
0.70732421875,0.048021167275519444
0.70734375,-0.03450090710908209
0.70736328125,0.14804124681213565
0.7073828125,0.43447718186759277
0.70740234375,0.3704384750406901
0.707421875,0.013044530738455205
0.70744140625,0.10660103032724097
0.7074609375,0.4187726056650867
0.70748046875,0.4543421012584362
0.7075,0.15984701855359962
0.70751953125,-0.3248453047114467
0.7075390625,-0.32313458836664133
0.70755859375,-0.07550730988082746
0.707578125,-0.086567638311349
0.70759765625,0.2967805582208164
0.7076171875,0.6061228228553739
0.70763671875,0.20361843119212453
0.70765625,-0.034915543486837175
0.70767578125,0.134911115446949
0.7076953125,0.30678501888295046
0.70771484375,0.16179161598384706
0.707734375,-0.2838133447349049
0.70775390625,-0.4408290328457106
0.7077734375,-0.3519881969782798
0.70779296875,-0.32477430215758796
0.7078125,-0.304486107213949
0.70783203125,-0.49322218455770417
0.7078515625,-0.5733353500187207
0.70787109375,-0.16351890983788767
0.707890625,-0.13667287584606194
0.70791015625,-0.6567275028121229
0.7079296875,-0.6807968993962958
0.70794921875,-0.06385629620457078
0.70796875,0.547723172558968
0.70798828125,0.46817623999697455
0.7080078125,0.004561843090506473
0.70802734375,0.10495982134696966
0.708046875,0.35481042035816035
0.70806640625,0.31566090584114437
0.7080859375,0.32391891244093646
0.70810546875,0.4543992664635793
0.708125,0.6229406624895474
0.70814453125,0.447451639827818
0.7081640625,0.1969983643769359
0.70818359375,0.32164862423419327
0.708203125,0.3025253060203412
0.70822265625,0.12651099654985332
0.7082421875,0.3266891597191881
0.70826171875,0.6300765881191942
0.70828125,0.36735568166291727
0.70830078125,0.022450984598766474
0.7083203125,0.12441349217177121
0.70833984375,-0.07682719320981045
0.708359375,-0.3057560985030692
0.70837890625,0.006605495691211605
0.7083984375,0.07094810358128087
0.70841796875,0.04547191558652497
0.7084375,0.3977914986107589
0.70845703125,0.6027048611256229
0.7084765625,0.6049811539671558
0.70849609375,0.5727469441216031
0.708515625,0.6301732865268859
0.70853515625,0.9103620633486882
0.7085546875,1.0972291724662995
0.70857421875,1.0299483193085281
0.70859375,0.7917633761623837
0.70861328125,0.6234938948963287
0.7086328125,0.7249354062126514
0.70865234375,0.6708280207087712
0.708671875,0.4719863317781645
0.70869140625,0.6872677025110456
0.7087109375,0.977634337233765
0.70873046875,0.9788556896211389
0.70875,0.9828098031345849
0.70876953125,0.9619596697145711
0.7087890625,0.8393042330729172
0.70880859375,0.6914900010730295
0.708828125,0.5930388285651356
0.70884765625,0.6692008155581546
0.7088671875,0.6559219673738366
0.70888671875,0.4277131167135319
0.70890625,0.3394284325504514
0.70892578125,0.45219236665306717
0.7089453125,0.4229260265472212
0.70896484375,0.1419218842070861
0.708984375,0.02140815309834642
0.70900390625,0.037715525904962355
0.7090234375,-0.1963383189122062
0.70904296875,-0.31084477257874105
0.7090625,-0.1696921518555492
0.70908203125,-0.20458496878568166
0.7091015625,-0.29670358524578705
0.70912109375,-0.1787555516252461
0.709140625,0.06968818850351244
0.70916015625,0.10768879093296889
0.7091796875,-0.08135082875528388
0.70919921875,-0.08877060432167293
0.70921875,0.010461372203855634
0.70923828125,0.023545275900342617
0.7092578125,-0.022704045893211962
0.70927734375,0.2045364631752583
0.709296875,0.7392091680989539
0.70931640625,0.7779419335917458
0.7093359375,0.538956624210402
0.70935546875,0.5961897290793647
0.709375,0.6457680216639412
0.70939453125,0.6585799535584987
0.7094140625,0.516741313820505
0.70943359375,0.2707123292818866
0.709453125,0.22524985203306058
0.70947265625,0.3961104435467352
0.7094921875,0.7401158546014639
0.70951171875,0.6636956632844303
0.70953125,0.2860549805463305
0.70955078125,0.30949096835150286
0.7095703125,0.3559688219567656
0.70958984375,0.24647843844487405
0.709609375,0.22806693868854594
0.70962890625,0.2797864512722116
0.7096484375,0.1775570106939484
0.70966796875,-0.11319959358360317
0.7096875,-0.12265983867666598
0.70970703125,-0.12524301774060886
0.7097265625,-0.37607128909479837
0.70974609375,-0.2042106740358172
0.709765625,0.0841737593102271
0.70978515625,-0.005336315045599645
0.7098046875,0.008976690671287908
0.70982421875,0.15658567164397208
0.70984375,0.24805850092108006
0.70986328125,0.18460481086773037
0.7098828125,-0.0611685166522076
0.70990234375,-0.0733212110643488
0.709921875,-0.09924520216534977
0.70994140625,-0.3115889080167926
0.7099609375,-0.17393967857245443
0.70998046875,0.10690399315147406
0.71,0.3012322947776521
0.71001953125,0.3572627794191572
0.7100390625,0.25708601384035645
0.71005859375,0.4509707442453021
0.710078125,0.532968656493684
0.71009765625,0.27313443284106387
0.7101171875,0.29721362940211193
0.71013671875,0.2950961421677176
0.71015625,-0.03505993012370906
0.71017578125,-0.3858086803748173
0.7101953125,-0.6269112846222015
0.71021484375,-0.6118792174418192
0.710234375,-0.4146488597285759
0.71025390625,-0.15953575230973674
0.7102734375,0.03392390478605157
0.71029296875,-0.016350826207332338
0.7103125,-0.04619008467018389
0.71033203125,0.18312570105120585
0.7103515625,0.42075837103987146
0.71037109375,0.27765062273864366
0.710390625,0.1286042611831018
0.71041015625,0.437657447081637
0.7104296875,0.38350662633467275
0.71044921875,-0.11111219704688645
0.71046875,-0.17514391171613639
0.71048828125,-0.03505542664497529
0.7105078125,-0.03204254114369299
0.71052734375,-0.10449035324133728
0.710546875,-0.08700868313415719
0.71056640625,0.05319343775338926
0.7105859375,0.012980332760471575
0.71060546875,0.014629130299874147
0.710625,0.18666394746669163
0.71064453125,0.22772611137461318
0.7106640625,0.22396203829899702
0.71068359375,0.24132815895394383
0.710703125,0.22176128472386997
0.71072265625,0.2242080698588418
0.7107421875,0.14232910319874634
0.71076171875,-0.014635506971978924
0.71078125,0.10401716242606374
0.71080078125,0.3218218332848397
0.7108203125,0.21559087066657306
0.71083984375,0.21152789430219057
0.710859375,0.41999716312902546
0.71087890625,0.3616839314943322
0.7108984375,0.34828987144635143
0.71091796875,0.29662038991087153
0.7109375,-0.26009935013718666
0.71095703125,-0.48225291172268603
0.7109765625,-0.26357333083775764
0.71099609375,-0.5149961257236375
0.711015625,-0.8798697593345755
0.71103515625,-0.9701540763406721
0.7110546875,-0.8465056654839769
0.71107421875,-0.5755994029326637
0.71109375,-0.6653751778278358
0.71111328125,-0.7131162978524923
0.7111328125,-0.42098485911574857
0.71115234375,-0.3493868547854303
0.711171875,-0.21942534867855445
0.71119140625,-0.14141116372846368
0.7112109375,-0.1866781178184067
0.71123046875,0.06988969758153443
0.71125,0.02827671526245236
0.71126953125,-0.16407944731316476
0.7112890625,-0.047265526553151235
0.71130859375,-0.06909789428815971
0.711328125,-0.07517614723954323
0.71134765625,0.09912488268879509
0.7113671875,0.2707408995054138
0.71138671875,0.3935798862686833
0.71140625,0.19628239829153135
0.71142578125,-0.151794879461726
0.7114453125,-0.11696954213924413
0.71146484375,-0.01863016416697723
0.711484375,-0.23709827715131299
0.71150390625,-0.5144405704649213
0.7115234375,-0.76974048330552
0.71154296875,-0.8415279936218245
0.7115625,-0.7166565573788775
0.71158203125,-0.7832059367092614
0.7116015625,-0.8622749462993207
0.71162109375,-0.806019667593579
0.711640625,-0.9652985809346746
0.71166015625,-1.105632592630572
0.7116796875,-0.925871214738561
0.71169921875,-0.8506267392348463
0.71171875,-0.8132162969409946
0.71173828125,-0.5190209966780235
0.7117578125,-0.5130280810462572
0.71177734375,-0.8119569618990187
0.711796875,-0.7582966703899153
0.71181640625,-0.4366793065783926
0.7118359375,-0.3483122443569458
0.71185546875,-0.4593176848683259
0.711875,-0.4413203177672482
0.71189453125,-0.32754720474218013
0.7119140625,-0.25849279728747876
0.71193359375,-0.2296079217947108
0.711953125,-0.12031666488693532
0.71197265625,-0.07545683350854329
0.7119921875,-0.3174954005283165
0.71201171875,-0.49920268054059014
0.71203125,-0.5262831347173083
0.71205078125,-0.42170186838902085
0.7120703125,-0.17227635364912408
0.71208984375,-0.16733387488027188
0.712109375,-0.15048340492989906
0.71212890625,0.1255674109205353
0.7121484375,0.15349541482790408
0.71216796875,-0.0984817769497234
0.7121875,-0.19352666950091993
0.71220703125,-0.15953916191972373
0.7122265625,-0.3144480175591742
0.71224609375,-0.49156051797928363
0.712265625,-0.5971764179182334
0.71228515625,-0.6679378817193009
0.7123046875,-0.43978803662751087
0.71232421875,-0.2823733094701873
0.71234375,-0.35023555403234885
0.71236328125,-0.19907965553104628
0.7123828125,0.0045285463953245175
0.71240234375,0.014992441594307244
0.712421875,-0.20043101672522518
0.71244140625,-0.3346895307940225
0.7124609375,-0.2683550701328884
0.71248046875,-0.38265742983636974
0.7125,-0.26322350105486786
0.71251953125,-0.018570530822004834
0.7125390625,-0.15918015579874256
0.71255859375,0.0031326014344420366
0.712578125,0.2686428401293219
0.71259765625,0.06512620156451482
0.7126171875,-0.14765961096613617
0.71263671875,-0.18306033513036954
0.71265625,-0.02064770287066351
0.71267578125,0.1315711734762825
0.7126953125,0.1164444895637886
0.71271484375,0.2622423857778061
0.712734375,0.5004743740480806
0.71275390625,0.5426101285703848
0.7127734375,0.2657520756314372
0.71279296875,-0.005178371648939225
0.7128125,0.004814415578453296
0.71283203125,-0.06441515967750092
0.7128515625,-0.11828991438019668
0.71287109375,-0.19095869512730812
0.712890625,-0.693878364554706
0.71291015625,-1.0155128842585104
0.7129296875,-0.8137194666243016
0.71294921875,-0.594232880936691
0.71296875,-0.45372625205197137
0.71298828125,-0.6205862225500738
0.7130078125,-0.9920232048503587
0.71302734375,-0.9049090165488025
0.713046875,-0.7282555539113253
0.71306640625,-0.8820203611666967
0.7130859375,-1.0022087254413292
0.71310546875,-1.0442573118227814
0.713125,-0.9145210280412491
0.71314453125,-0.5533047788119687
0.7131640625,-0.4622357587864774
0.71318359375,-0.4891798633049379
0.713203125,-0.19156792721579663
0.71322265625,-0.03351488892435578
0.7132421875,-0.09449908263701824
0.71326171875,0.016082080467627866
0.71328125,0.05578983056838975
0.71330078125,-0.05049623075052012
0.7133203125,-0.009256355354630399
0.71333984375,0.12851300630976392
0.713359375,0.09829765190116245
0.71337890625,-0.13355479682457072
0.7133984375,-0.1972831210341961
0.71341796875,-0.04943215471370537
0.7134375,-0.08652183152521498
0.71345703125,-0.17099846320215334
0.7134765625,-0.13503848673458116
0.71349609375,-0.2569679233164988
0.713515625,-0.4654911358520448
0.71353515625,-0.42910636967556737
0.7135546875,-0.28337154280756066
0.71357421875,-0.5298008356948507
0.71359375,-0.9050575322231894
0.71361328125,-0.6046913454263106
0.7136328125,-0.07516644921071378
0.71365234375,-0.1288413868596332
0.713671875,-0.359742721582037
0.71369140625,-0.4255405960374906
0.7137109375,-0.40945194644186045
0.71373046875,-0.2248134759938232
0.71375,-0.08912225132850289
0.71376953125,0.006839358566820414
0.7137890625,0.2792117969494139
0.71380859375,0.33635372886450077
0.713828125,0.03651229818922921
0.71384765625,-0.1710243920495929
0.7138671875,-0.07043668899738084
0.71388671875,0.1714299630494793
0.71390625,0.19387103101885833
0.71392578125,-0.051615393404249026
0.7139453125,-0.21027413515290744
0.71396484375,-0.08131714728857906
0.713984375,0.19108144993964543
0.71400390625,0.16364685439897994
0.7140234375,0.02978997324057421
0.71404296875,0.198342193488031
0.7140625,0.15854517287315187
0.71408203125,0.018386956352791962
0.7141015625,0.19385601918305462
0.71412109375,0.33881404401985443
0.714140625,0.4420902676691531
0.71416015625,0.5256862076394871
0.7141796875,0.42749290514369376
0.71419921875,0.11916983061115263
0.71421875,-0.2063592853735248
0.71423828125,-0.11117636467423805
0.7142578125,0.09657334390511789
0.71427734375,-0.04490036304916724
0.714296875,-0.11787239229653822
0.71431640625,0.11392027779438803
0.7143359375,0.3301054129566533
0.71435546875,0.0566830172085577
0.714375,-0.523626827409633
0.71439453125,-0.32989709505242704
0.7144140625,0.17949616055338846
0.71443359375,-0.17944679544277226
0.714453125,-0.44446900911631965
0.71447265625,0.04157869918042709
0.7144921875,0.3825218677245944
0.71451171875,0.3583454811758403
0.71453125,0.46868629790751615
0.71455078125,0.7590570603180842
0.7145703125,0.680161754158767
0.71458984375,0.4513356513319867
0.714609375,0.6134909371813253
0.71462890625,0.6368459799211388
0.7146484375,0.4791827671267429
0.71466796875,0.6307939448878034
0.7146875,0.7002255750477796
0.71470703125,0.49424183064056226
0.7147265625,0.4956688428073027
0.71474609375,0.7678156435635768
0.714765625,0.9010892551183548
0.71478515625,0.7178034252151376
0.7148046875,0.4979578533800315
0.71482421875,0.4123562933705715
0.71484375,0.3376909770948078
0.71486328125,0.365146188186585
0.7148828125,0.36069608263608477
0.71490234375,0.1448099946386031
0.714921875,0.03024810113797338
0.71494140625,-0.03171882496987085
0.7149609375,-0.05230602912678015
0.71498046875,0.10587585703322895
0.715,0.009724045794126349
0.71501953125,-0.17472921984411466
0.7150390625,-0.22949586847524298
0.71505859375,-0.5852046619183291
0.715078125,-0.7247506037926996
0.71509765625,-0.35525158447607125
0.7151171875,-0.08803048500092919
0.71513671875,0.00827079581594406
0.71515625,-0.13300190070389742
0.71517578125,-0.23711023775005124
0.7151953125,0.09165790538805212
0.71521484375,0.286881351445581
0.715234375,0.24829387641135392
0.71525390625,0.34813161416686794
0.7152734375,0.4439698660086535
0.71529296875,0.44516915081545244
0.7153125,0.42632273339678295
0.71533203125,0.4703055579170584
0.7153515625,0.6158563856605336
0.71537109375,0.6341871984114142
0.715390625,0.463253920160821
0.71541015625,0.45736036902774635
0.7154296875,0.5232536382300276
0.71544921875,0.4027177314881375
0.71546875,0.3306684423040349
0.71548828125,0.28618474225479384
0.7155078125,0.18421050077716666
0.71552734375,0.2177876901057878
0.715546875,0.3968815427613246
0.71556640625,0.46615174895686673
0.7155859375,0.23294139616763265
0.71560546875,0.2288573654465839
0.715625,0.4431668570727156
0.71564453125,0.048607798563402776
0.7156640625,-0.2737882025368993
0.71568359375,0.0005794075022112232
0.715703125,0.05271055680934637
0.71572265625,0.022810080701441405
0.7157421875,0.14229828383277437
0.71576171875,0.06199878697824216
0.71578125,-0.10809245917652884
0.71580078125,-0.0847048094921719
0.7158203125,0.04964384073538658
0.71583984375,-0.13631199315265397
0.715859375,-0.19050225967528558
0.71587890625,0.12284905133227234
0.7158984375,-0.09972024318789803
0.71591796875,-0.36682138257789343
0.7159375,-0.018767621867528568
0.71595703125,0.13059546233868588
0.7159765625,-0.190938322097227
0.71599609375,-0.4923826747815704
0.716015625,-0.38804571923851255
0.71603515625,-0.02667354869953327
0.7160546875,0.07466560677227874
0.71607421875,0.02561357489954018
0.71609375,0.22178420810168403
0.71611328125,0.42598084157042226
0.7161328125,0.4556050757578338
0.71615234375,0.6102114879684666
0.716171875,0.7470092515869857
0.71619140625,0.5119130753522407
0.7162109375,0.24404378086259532
0.71623046875,0.29123052767318536
0.71625,0.2588913185249273
0.71626953125,0.08076768323237071
0.7162890625,0.25306513788858426
0.71630859375,0.3922078106049537
0.716328125,0.1306738838198035
0.71634765625,0.1410660249263791
0.7163671875,0.4005530257980403
0.71638671875,0.4081229899038143
0.71640625,0.428013873888504
0.71642578125,0.4996475177583529
0.7164453125,0.38040472303825285
0.71646484375,0.16706012543564122
0.716484375,0.16063619407650107
0.71650390625,0.3730997462826895
0.7165234375,0.29353759930438716
0.71654296875,0.2002560089426303
0.7165625,0.42808529358937386
0.71658203125,0.5064073881885502
0.7166015625,0.6449053067774583
0.71662109375,0.8385168768419675
0.716640625,0.869423978143191
0.71666015625,0.9098208682206363
0.7166796875,0.7621027855474041
0.71669921875,0.8734551610014554
0.71671875,1.1642859718874012
0.71673828125,0.7621161152729155
0.7167578125,0.4930302210004229
0.71677734375,0.810822647089636
0.716796875,0.7155339598653021
0.71681640625,0.4801873577630726
0.7168359375,0.5667713219884298
0.71685546875,0.6153070667778936
0.716875,0.6777958652030872
0.71689453125,0.5273879888891955
0.7169140625,0.32097073913768326
0.71693359375,0.28237905923257
0.716953125,0.026825785346618017
0.71697265625,0.3105345065435491
0.7169921875,0.7296530013558826
0.71701171875,0.20911595223608437
0.71703125,-0.13090628616420225
0.71705078125,-0.03476711294628276
0.7170703125,-0.033073354928810625
0.71708984375,-0.012972184685531914
0.717109375,-0.05164172158827563
0.71712890625,0.14864854903570968
0.7171484375,0.28581731589803105
0.71716796875,-0.0046050108019971
0.7171875,-0.03633316487929775
0.71720703125,0.2046358846736563
0.7172265625,0.17009905448920193
0.71724609375,0.0996795077450024
0.717265625,0.2341374220349114
0.71728515625,0.340188693537282
0.7173046875,0.566268887410136
0.71732421875,0.8436560437322027
0.71734375,0.8302719775698291
0.71736328125,0.6990884143371251
0.7173828125,0.597040442357427
0.71740234375,0.5546435258417938
0.717421875,0.34229321169538474
0.71744140625,0.09771768759407873
0.7174609375,0.4769002152204167
0.71748046875,0.7682716855246595
0.7175,0.4221401654250132
0.71751953125,0.3609496609876933
0.7175390625,0.5989736664536428
0.71755859375,0.7629957952700921
0.717578125,0.8592906762583556
0.71759765625,0.6811598661556206
0.7176171875,0.6374483106221663
0.71763671875,0.6868118456221819
0.71765625,0.43648302012156437
0.71767578125,0.45278976378192487
0.7176953125,0.5317514763537876
0.71771484375,0.14716669961243786
0.717734375,-0.03205230090724061
0.71775390625,0.17484635342661642
0.7177734375,0.25163136804217184
0.71779296875,0.04826853734458933
0.7178125,-0.23288383113114056
0.71783203125,-0.18009406307121475
0.7178515625,-0.11653668634052411
0.71787109375,-0.23754880012956706
0.717890625,0.007520075588897373
0.71791015625,-0.014995443062080865
0.7179296875,-0.5658361397004843
0.71794921875,-0.5516565767577646
0.71796875,-0.0702814673491311
0.71798828125,0.10603350636811859
0.7180078125,-0.041023904396587915
0.71802734375,-0.09847780224994733
0.718046875,-0.007396122835334685
0.71806640625,-0.05778063547870105
0.7180859375,-0.010503050808057475
0.71810546875,0.07745853637364661
0.718125,-0.08634391626108254
0.71814453125,-0.031866554254027804
0.7181640625,0.2475121298055093
0.71818359375,0.17880092558155025
0.718203125,-0.13669820299519042
0.71822265625,-0.20428488880271414
0.7182421875,-0.020190815189529487
0.71826171875,-0.030269314492120725
0.71828125,-0.32426713941630414
0.71830078125,-0.49779804684771467
0.7183203125,-0.23902771951853563
0.71833984375,0.3050066172562026
0.718359375,0.51039886727685
0.71837890625,0.1293537921138801
0.7183984375,-0.18210074101199814
0.71841796875,-0.03384890697989766
0.7184375,0.16172594015354674
0.71845703125,0.18720895300593707
0.7184765625,0.1478053411619825
0.71849609375,-0.014948285956396086
0.718515625,-0.1037198506070629
0.71853515625,0.12963057273990927
0.7185546875,0.37199969370545527
0.71857421875,0.3532858082639827
0.71859375,0.20303943750196624
0.71861328125,0.26672601090962145
0.7186328125,0.6767058825811104
0.71865234375,0.8171800651466137
0.718671875,0.4746539768825935
0.71869140625,0.2863728930727966
0.7187109375,0.35282947142103793
0.71873046875,0.3783646099149634
0.71875,0.24194772390417568
0.71876953125,0.18199298226941796
0.7187890625,0.36648551809414653
0.71880859375,0.16743311521536278
0.718828125,-0.2813560358630704
0.71884765625,-0.29317586790033795
0.7188671875,-0.23787360193106016
0.71888671875,-0.19425975297827053
0.71890625,0.043467942766042565
0.71892578125,0.03294810454560734
0.7189453125,-0.13612932619116325
0.71896484375,-0.08104641488912157
0.718984375,-0.12702121572480285
0.71900390625,-0.32211802403185263
0.7190234375,-0.3164958617954791
0.71904296875,-0.26996403542590564
0.7190625,-0.3201582087800376
0.71908203125,-0.32644527805994616
0.7191015625,-0.4106940691396984
0.71912109375,-0.7060978814844694
0.719140625,-0.785555625998789
0.71916015625,-0.4651952210819401
0.7191796875,-0.3214403283979678
0.71919921875,-0.34566288563262415
0.71921875,-0.32056365483730587
0.71923828125,-0.31672939993960036
0.7192578125,-0.05250835484869988
0.71927734375,0.2116399283132039
0.719296875,0.3061609162660732
0.71931640625,0.519785384775994
0.7193359375,0.4722891287092545
0.71935546875,0.12820908990285537
0.719375,-0.13375783142243086
0.71939453125,-0.3498048766373111
0.7194140625,-0.43067567312567256
0.71943359375,-0.4053394684785876
0.719453125,-0.3766378905609331
0.71947265625,-0.1735064079581853
0.7194921875,-0.010911349848912594
0.71951171875,0.08986013823484594
0.71953125,0.3537321121251149
0.71955078125,0.1686250701418893
0.7195703125,-0.30359638094883157
0.71958984375,-0.05362547469272255
0.719609375,0.23487061598472075
0.71962890625,-0.15743906042855743
0.7196484375,-0.4550049524637484
0.71966796875,-0.5006673328900999
0.7196875,-0.6561795263762312
0.71970703125,-0.8537615616443208
0.7197265625,-0.9733325116540694
0.71974609375,-0.7499659178989069
0.719765625,-0.26148474919750875
0.71978515625,-0.03273664465406663
0.7198046875,-0.1618082270269135
0.71982421875,-0.3379867981161418
0.71984375,-0.23155145875994415
0.71986328125,-0.06510854777538078
0.7198828125,-0.3489981489689186
0.71990234375,-0.5441865269901366
0.719921875,-0.3288170598189368
0.71994140625,-0.40718834030732776
0.7199609375,-0.4798510608942691
0.71998046875,-0.30666850623448505
0.72,-0.381182903955724
0.72001953125,-0.3266837568757097
0.7200390625,-0.2940204889107184
0.72005859375,-0.5042302798553395
0.720078125,-0.30212472612363883
0.72009765625,-0.19148990630805696
0.7201171875,-0.4090931850700259
0.72013671875,-0.22343366344460977
0.72015625,-0.1268369107445304
0.72017578125,-0.31050260411126973
0.7201953125,-0.14540865117208426
0.72021484375,0.014258477355396634
0.720234375,-0.23566209544352695
0.72025390625,-0.5223468889281643
0.7202734375,-0.32558697070376247
0.72029296875,0.04817042643415565
0.7203125,-0.20837277618464328
0.72033203125,-0.6128893438641589
0.7203515625,-0.38392710175112377
0.72037109375,-0.14783550324041037
0.720390625,-0.4022072156090551
0.72041015625,-0.5203528091316277
0.7204296875,-0.350900687895677
0.72044921875,-0.3773886337581486
0.72046875,-0.3800534909268115
0.72048828125,-0.09801483812511727
0.7205078125,-0.15788530729023367
0.72052734375,-0.5443771280299757
0.720546875,-0.36544621423118484
0.72056640625,0.07882750060927413
0.7205859375,0.12158036650930065
0.72060546875,-0.01739814222559173
0.720625,0.03210100395292188
0.72064453125,0.32558645814113457
0.7206640625,0.3950737914588537
0.72068359375,0.3063730173591059
0.720703125,0.32225364444439925
0.72072265625,0.09588350848156266
0.7207421875,-0.13529797858720083
0.72076171875,-0.08635966437880795
0.72078125,-0.009383411556977864
0.72080078125,-0.0034343186279533894
0.7208203125,-0.14286308540988515
0.72083984375,-0.4693911000576667
0.720859375,-0.7375826788482349
0.72087890625,-0.7340694709684725
0.7208984375,-0.5834430078123908
0.72091796875,-0.5930417277357725
0.7209375,-0.8469023815407124
0.72095703125,-0.8532561151678113
0.7209765625,-0.46615276188879595
0.72099609375,-0.6087073904602303
0.721015625,-1.2703713778390942
0.72103515625,-1.2402017667103218
0.7210546875,-0.7875083976876657
0.72107421875,-0.7283097293113023
0.72109375,-0.6752614360630455
0.72111328125,-0.5100714191012508
0.7211328125,-0.4581625625830914
0.72115234375,-0.44426704917464954
0.721171875,-0.33238482435576033
0.72119140625,-0.04933748886829061
0.7212109375,-0.02431719411487003
0.72123046875,-0.2641198395014173
0.72125,-0.21708613521088346
0.72126953125,-0.08113628095035129
0.7212890625,-0.028526276233146772
0.72130859375,0.08211489588479949
0.721328125,0.24532051541288705
0.72134765625,0.3580220597780782
0.7213671875,-0.00986697370746964
0.72138671875,-0.418770828289884
0.72140625,-0.23593606855196078
0.72142578125,-0.19853887915218457
0.7214453125,-0.5338471125479851
0.72146484375,-0.6054749825410334
0.721484375,-0.443770969442993
0.72150390625,-0.45145116180908834
0.7215234375,-0.5804071961101915
0.72154296875,-0.4225897683743169
0.7215625,-0.20469197218235463
0.72158203125,-0.19983465546423002
0.7216015625,-0.018309946892416357
0.72162109375,0.08265891896894492
0.721640625,-0.09682483196665101
0.72166015625,-0.13880329191152893
0.7216796875,-0.17362665785894912
0.72169921875,-0.27913676236706597
0.72171875,-0.2659370141432223
0.72173828125,-0.0953116851466079
0.7217578125,0.18641668753593307
0.72177734375,0.20659102228780143
0.721796875,-0.02007009834284841
0.72181640625,0.028134576191360068
0.7218359375,0.18968941539788048
0.72185546875,0.16148556245534523
0.721875,0.12740388239558334
0.72189453125,0.14490883488873674
0.7219140625,0.09837631585626219
0.72193359375,-0.12457482329709764
0.721953125,-0.29016588638254015
0.72197265625,-0.2206502415223398
0.7219921875,-0.04495866531042696
0.72201171875,0.19284272124525975
0.72203125,0.27151544383231685
0.72205078125,0.31145254222806384
0.7220703125,0.5329074036464313
0.72208984375,0.6355570720629488
0.722109375,0.5638825943809016
0.72212890625,0.42295939466716637
0.7221484375,0.196429746329573
0.72216796875,-0.03351063742500724
0.7221875,-0.16963190856034868
0.72220703125,-0.16428805737266053
0.7222265625,-0.11271589357267724
0.72224609375,-0.08189314795841246
0.722265625,-0.004239313208044359
0.72228515625,0.06130776760618991
0.7223046875,0.0636629945372206
0.72232421875,-0.0137194315022615
0.72234375,-0.160843518667065
0.72236328125,-0.17847987983300062
0.7223828125,-0.06734950540061328
0.72240234375,0.020217349419925274
0.722421875,0.027755944278738936
0.72244140625,0.04857501787412559
0.7224609375,0.20391497803944272
0.72248046875,0.22013248605774768
0.7225,0.2005328106467086
0.72251953125,0.42612967420007775
0.7225390625,0.44840556702005163
0.72255859375,0.30120230502485484
0.722578125,0.40057449416514157
0.72259765625,0.5427109656612905
0.7226171875,0.5106594983970055
0.72263671875,0.35511600132068566
0.72265625,0.34710587853410535
0.72267578125,0.6308455496742956
0.7226953125,0.8552065363178298
0.72271484375,0.8027963491477365
0.722734375,0.7095547913587119
0.72275390625,0.693493694736488
0.7227734375,0.5728476522158594
0.72279296875,0.44922808278057835
0.7228125,0.49296603797753435
0.72283203125,0.425801145436499
0.7228515625,0.16692535916243703
0.72287109375,-0.13675976151255598
0.722890625,-0.325721299012771
0.72291015625,-0.1100483971360181
0.7229296875,0.24221510854953093
0.72294921875,0.2806477866778664
0.72296875,-0.04397799248585291
0.72298828125,-0.34405325504911005
0.7230078125,-0.06304056166128474
0.72302734375,0.02876948321406933
0.723046875,-0.5033044017897415
0.72306640625,-0.43897625983595884
0.7230859375,-0.14503431445555381
0.72310546875,-0.33921373951141104
0.723125,-0.11149208563547566
0.72314453125,0.27699368347671227
0.7231640625,0.19521642004132464
0.72318359375,-0.005304342845359886
0.723203125,0.0015354386715134144
0.72322265625,0.36312882366841615
0.7232421875,0.34258405910961726
0.72326171875,-0.09808815200336767
0.72328125,0.12296732563122817
0.72330078125,0.5379404586335862
0.7233203125,0.40383494004382836
0.72333984375,0.25930576241687686
0.723359375,0.32687198707180687
0.72337890625,0.4614905406523413
0.7233984375,0.693771726402905
0.72341796875,0.6870610302809201
0.7234375,0.444303989671456
0.72345703125,0.33242762248816854
0.7234765625,0.386691125488913
0.72349609375,0.6150065083834586
0.723515625,0.6347277401108911
0.72353515625,0.328755293573165
0.7235546875,0.0876592214636303
0.72357421875,0.11182564314561833
0.72359375,0.35388893471193855
0.72361328125,0.16849836605704896
0.7236328125,-0.11048935787979156
0.72365234375,0.1283729231142853
0.723671875,0.09684403794699273
0.72369140625,-0.14229492789663054
0.7237109375,-0.15005218482270397
0.72373046875,-0.019281292892966165
0.72375,0.12458934733820093
0.72376953125,-0.045491990939547845
0.7237890625,0.16170616347261155
0.72380859375,0.6071685704026141
0.723828125,0.3344376900869556
0.72384765625,0.24540438619281593
0.7238671875,0.5349420339110398
0.72388671875,0.5115959833334192
0.72390625,0.43794714588107375
0.72392578125,0.3093582041509969
0.7239453125,0.21127036295740773
0.72396484375,0.18686511870066982
0.723984375,0.030235362081035118
0.72400390625,0.07121615293124102
0.7240234375,0.05231157379604887
0.72404296875,-0.2591406384963425
0.7240625,-0.3021864211598296
0.72408203125,-0.14722334086244246
0.7241015625,-0.06889383170278546
0.72412109375,0.08377948307380542
0.724140625,0.28108452646488896
0.72416015625,0.2645022116139046
0.7241796875,0.11840250296303363
0.72419921875,0.13636273744961086
0.72421875,0.22275438504257733
0.72423828125,0.35329196417813535
0.7242578125,0.5106087878479595
0.72427734375,0.46823782266831915
0.724296875,0.3485001580138408
0.72431640625,0.28603180991855687
0.7243359375,0.3153530099076534
0.72435546875,0.4876843344327384
0.724375,0.5890320644010637
0.72439453125,0.6856675210656402
0.7244140625,0.8461817159959214
0.72443359375,0.83227728667
0.724453125,0.8069993578378356
0.72447265625,0.8566232493694864
0.7244921875,0.8861796833542611
0.72451171875,0.8763926671418784
0.72453125,0.549770716284566
0.72455078125,0.13216319580940775
0.7245703125,0.3058162142339106
0.72458984375,0.7928246065427001
0.724609375,0.7726545785836382
0.72462890625,0.4724833254151131
0.7246484375,0.6095219575930453
0.72466796875,0.956133119176228
0.7246875,1.0869376655747602
0.72470703125,1.0090242444680915
0.7247265625,0.7752044289901996
0.72474609375,0.7793442213373831
0.724765625,1.0183638066821723
0.72478515625,0.9449391192476793
0.7248046875,0.7530943232986357
0.72482421875,0.8283470890064258
0.72484375,1.02973285734633
0.72486328125,1.0051072099621876
0.7248828125,0.6570077488188254
0.72490234375,0.4673706120067655
0.724921875,0.3885806271508092
0.72494140625,0.19324194063650496
0.7249609375,0.37234282003798064
0.72498046875,0.47484925866888517
0.725,-0.006599669487368474
0.72501953125,-0.25566611938492845
0.7250390625,-0.13841081486352963
0.72505859375,-0.08630881864293456
0.725078125,-0.05164656371948709
0.72509765625,-0.19323210011251402
0.7251171875,-0.24853815224013856
0.72513671875,0.018809583997739028
0.72515625,-0.02171034401426568
0.72517578125,-0.04392492218419595
0.7251953125,0.2615293622308083
0.72521484375,0.18277276616533766
0.725234375,0.11344123727190634
0.72525390625,0.4471337337587088
0.7252734375,0.6896306472003905
0.72529296875,0.6531748596485263
0.7253125,0.5104395985318195
0.72533203125,0.6847503710531075
0.7253515625,0.9359013581473821
0.72537109375,0.8023521970222547
0.725390625,0.6295915602489094
0.72541015625,0.5999680686896056
0.7254296875,0.6125555946290848
0.72544921875,0.6544426019241828
0.72546875,0.6893965897661662
0.72548828125,0.6436772114659046
0.7255078125,0.4472107277818527
0.72552734375,0.43485126240218086
0.725546875,0.644512886464857
0.72556640625,0.4858200301503013
0.7255859375,0.17572691513605465
0.72560546875,0.14223531852906537
0.725625,0.07121104171480198
0.72564453125,0.1465181917322466
0.7256640625,0.40161657197304834
0.72568359375,0.20998871753882176
0.725703125,-0.1457448970607448
0.72572265625,-0.10839640878353174
0.7257421875,0.19956100197269658
0.72576171875,0.4086691856715151
0.72578125,0.13329801817345643
0.72580078125,-0.2924058152802396
0.7258203125,-0.3434826988487604
0.72583984375,-0.34068586542919166
0.725859375,-0.23360123877971664
0.72587890625,0.029930642362186358
0.7258984375,-0.09939811958171496
0.72591796875,-0.2402160284960415
0.7259375,-0.19753308223349925
0.72595703125,-0.2161252241704651
0.7259765625,-0.09772383359976866
0.72599609375,-0.039535696398797004
0.726015625,0.056909171541693455
0.72603515625,0.17494682607077658
0.7260546875,0.13355214093161016
0.72607421875,0.25310302072400953
0.72609375,0.35984015886134796
0.72611328125,0.5585470420311145
0.7261328125,0.8759524280340838
0.72615234375,0.6606629658617345
0.726171875,0.2594712930733686
0.72619140625,0.12235054386466694
0.7262109375,-0.0033699054971008595
0.72623046875,-0.07419262630706049
0.72625,-0.19363198547619845
0.72626953125,-0.3586765536880716
0.7262890625,-0.2340539075436948
0.72630859375,0.01211613668871565
0.726328125,0.05081112767597749
0.72634765625,-0.12867040929889328
0.7263671875,-0.1823720986617893
0.72638671875,0.0230248748529688
0.72640625,0.034084615497982786
0.72642578125,-0.1726142983431525
0.7264453125,-0.26248237092710985
0.72646484375,-0.23802164306809093
0.726484375,-0.010839407813650392
0.72650390625,0.31069584094204217
0.7265234375,0.35583849953343943
0.72654296875,0.22058991665854388
0.7265625,0.0886403111096166
0.72658203125,0.05453975110119611
0.7266015625,0.20531441161449707
0.72662109375,0.4038616762685341
0.726640625,0.7318139977390054
0.72666015625,0.9583201746049186
0.7266796875,0.67245168932202
0.72669921875,0.48110937889474625
0.72671875,0.5509602374529358
0.72673828125,0.4851035548113408
0.7267578125,0.4951760688398621
0.72677734375,0.31568663452031825
0.726796875,0.05087417898490318
0.72681640625,0.1443788044586322
0.7268359375,0.17224694159201762
0.72685546875,0.1780658593838037
0.726875,0.10111202851675175
0.72689453125,-0.18569308650476318
0.7269140625,-0.1132617324386784
0.72693359375,-0.07426981795059717
0.726953125,-0.39437555330049356
0.72697265625,-0.5997861340905466
0.7269921875,-0.6514923225620142
0.72701171875,-0.5110505365035305
0.72703125,-0.3716896025544041
0.72705078125,-0.31386052036025525
0.7270703125,-0.2218010439063348
0.72708984375,-0.5118948316544525
0.727109375,-0.8064238640267024
0.72712890625,-0.6616316263102486
0.7271484375,-0.6109542336338504
0.72716796875,-0.5587142885754641
0.7271875,-0.37934739465112766
0.72720703125,-0.5062251028824627
0.7272265625,-0.5339495886502237
0.72724609375,-0.19945009714174822
0.727265625,-0.13103718645175302
0.72728515625,-0.19530805587257077
0.7273046875,0.07588865489515906
0.72732421875,0.4465210381469956
0.72734375,0.5751238535620855
0.72736328125,0.42627901178687744
0.7273828125,0.38711762199527744
0.72740234375,0.3880925506803958
0.727421875,0.1301267259708299
0.72744140625,0.15684631320942033
0.7274609375,0.19724762099609916
0.72748046875,-0.35565562255147587
0.7275,-0.44672202410275963
0.72751953125,0.03445799536770839
0.7275390625,-0.2072129678102489
0.72755859375,-0.7013706601270226
0.727578125,-0.6065919608373572
0.72759765625,-0.4714403821279558
0.7276171875,-0.46349047943102223
0.72763671875,-0.43300720855496533
0.72765625,-0.49196648850455116
0.72767578125,-0.5369398365825071
0.7276953125,-0.6917488840593197
0.72771484375,-0.7987936688215747
0.727734375,-0.6868368725985536
0.72775390625,-0.8675672542411589
0.7277734375,-1.0799599471444647
0.72779296875,-0.9400573371608452
0.7278125,-0.751366263804955
0.72783203125,-0.46126507531660876
0.7278515625,-0.2656627815346599
0.72787109375,-0.19389722467200868
0.727890625,0.05646741945928627
0.72791015625,-0.08027757921300793
0.7279296875,-0.5686772111102634
0.72794921875,-0.6564839226342707
0.72796875,-0.5136739450269245
0.72798828125,-0.3396881266232377
0.7280078125,-0.16718415473473652
0.72802734375,-0.2564989379407229
0.728046875,-0.3867847581193774
0.72806640625,-0.35028333998171735
0.7280859375,-0.2263437742602807
0.72810546875,-0.09117583922951458
0.728125,-0.12850187959657955
0.72814453125,-0.13011724975428396
0.7281640625,0.012810640971123069
0.72818359375,0.011315472950462396
0.728203125,-0.10736335800127665
0.72822265625,-0.31532800588436855
0.7282421875,-0.3723507089928729
0.72826171875,-0.18193663585093645
0.72828125,-0.2958944678131966
0.72830078125,-0.5875449828046037
0.7283203125,-0.5773919509748656
0.72833984375,-0.41388673548996274
0.728359375,-0.35526523467653204
0.72837890625,-0.4426826837546106
0.7283984375,-0.36817801274022044
0.72841796875,-0.19708831106931268
0.7284375,-0.3057021969973405
0.72845703125,-0.3167553379946449
0.7284765625,-0.13568582767491652
0.72849609375,-0.04583481374574333
0.728515625,-0.005378741631112072
0.72853515625,-0.17999642456355558
0.7285546875,-0.25169560068965985
0.72857421875,-0.05161910450144136
0.72859375,-0.15252286440314738
0.72861328125,-0.18077367518102924
0.7286328125,0.10446065377784283
0.72865234375,0.06605883236216498
0.728671875,-0.12706954564088518
0.72869140625,-0.1395808371338611
0.7287109375,0.012572777490573173
0.72873046875,0.2977636121443109
0.72875,0.38492421985272196
0.72876953125,0.13519229764341337
0.7287890625,-0.13183306669579736
0.72880859375,-0.10777220388938552
0.728828125,-0.03629527452711049
0.72884765625,-0.06393046773205116
0.7288671875,0.025260444305051324
0.72888671875,0.050840177176147194
0.72890625,0.011687102129514576
0.72892578125,-0.07644136122517581
0.7289453125,-0.31175903164300617
0.72896484375,-0.4514384877102593
0.728984375,-0.7286533874333545
0.72900390625,-1.2421827967667318
0.7290234375,-1.3387328223092094
0.72904296875,-1.0047293303199378
0.7290625,-1.0119253314073986
0.72908203125,-1.38828593773046
0.7291015625,-1.471351175956404
0.72912109375,-1.189290875396531
0.729140625,-0.989980817002037
0.72916015625,-1.2047807643397288
0.7291796875,-1.2867037633014846
0.72919921875,-0.7959775138204173
0.72921875,-0.6971006453103594
0.72923828125,-0.9215221541511167
0.7292578125,-0.6267271837982911
0.72927734375,-0.4798465059402038
0.729296875,-0.46346525202373423
0.72931640625,0.02983807028458202
0.7293359375,0.1647098522470951
0.72935546875,-0.27462811188692915
0.729375,-0.2264127981198277
0.72939453125,0.1892094811698459
0.7294140625,0.06798141961628482
0.72943359375,-0.09558970959893251
0.729453125,0.11319697177002219
0.72947265625,-0.10042503009382728
0.7294921875,-0.5878186846931661
0.72951171875,-0.5920813491903099
0.72953125,-0.26214783748203485
0.72955078125,-0.2145917743386866
0.7295703125,-0.5319672406837422
0.72958984375,-0.6387260679293241
0.729609375,-0.4826158702897498
0.72962890625,-0.30706215555289385
0.7296484375,-0.08341678968124641
0.72966796875,-0.015378335373290704
0.7296875,-0.19254345604192288
0.72970703125,-0.2633554993874739
0.7297265625,-0.06807163136095169
0.72974609375,-0.09210466335383231
0.729765625,-0.38557475261653046
0.72978515625,-0.30621636194034024
0.7298046875,-0.024142800554147942
0.72982421875,0.0016469724488405505
0.72984375,-0.03995935464896351
0.72986328125,0.020504724128907276
0.7298828125,0.25437437846463734
0.72990234375,0.438580443731279
0.729921875,0.3351037736299771
0.72994140625,0.24099711266001564
0.7299609375,0.17794294478258899
0.72998046875,0.18481885616347593
0.73,0.43405147967117286
0.73001953125,0.7473353660760342
0.7300390625,0.9248726740327807
0.73005859375,0.5171019515573743
0.730078125,-0.07135025022116868
0.73009765625,-0.007944979595853623
0.7301171875,0.09782496386246832
0.73013671875,-0.06596360039046434
0.73015625,-0.08972591814610528
0.73017578125,-0.11109752740058745
0.7301953125,-0.12584507813721546
0.73021484375,-0.0792626817604476
0.730234375,-0.2685486441598276
0.73025390625,-0.6472644426765917
0.7302734375,-0.7336777392486699
0.73029296875,-0.4226162745284883
0.7303125,-0.097446581915003
0.73033203125,-0.02672643515278313
0.7303515625,0.011858706324374677
0.73037109375,0.3692368295219529
0.730390625,0.6122187268719513
0.73041015625,0.3356907822195919
0.7304296875,0.09095414913897881
0.73044921875,0.08604614183080331
0.73046875,-0.0020018330242791912
0.73048828125,-0.05952584577173108
0.7305078125,0.13149246267258824
0.73052734375,0.31959118825847027
0.730546875,0.32462274223884796
0.73056640625,0.5901170278221786
0.7305859375,1.091124859635347
0.73060546875,1.2354904844235775
0.730625,1.1403236946013486
0.73064453125,1.0605318954768912
0.7306640625,0.8517389318614731
0.73068359375,0.6621186588397734
0.730703125,0.5884130968245359
0.73072265625,0.43683570620688494
0.7307421875,0.45107904116259323
0.73076171875,0.499408374301465
0.73078125,0.15374850281740166
0.73080078125,-0.023103864877688837
0.7308203125,0.12591215219583574
0.73083984375,0.16456734989425947
0.730859375,0.024793461274426776
0.73087890625,-0.22040671463419587
0.7308984375,-0.16031707769695427
0.73091796875,-0.024920572991551815
0.7309375,-0.23394483070176145
0.73095703125,-0.38244538738699896
0.7309765625,-0.46074034783586726
0.73099609375,-0.43920537885353916
0.731015625,-0.15759523520434904
0.73103515625,-0.11482582933032576
0.7310546875,-0.31033751444696916
0.73107421875,-0.23098512612735517
0.73109375,0.09520444487466656
0.73111328125,0.2321263545586782
0.7311328125,0.03297211075861548
0.73115234375,-0.024362047976605274
0.731171875,0.0868361742957074
0.73119140625,-0.04597918791179337
0.7312109375,-0.1961262073468985
0.73123046875,-0.12262029175193656
0.73125,0.02784981907843505
0.73126953125,-0.02231345649998214
0.7312890625,-0.19266513517759004
0.73130859375,-0.07222494436550535
0.731328125,0.11497075377847848
0.73134765625,0.15707154940287654
0.7313671875,0.32655659601917475
0.73138671875,0.4697533251826526
0.73140625,0.22280129053374867
0.73142578125,-0.2183587711544201
0.7314453125,-0.2549591399000167
0.73146484375,0.0892622607243861
0.731484375,0.23700871347192276
0.73150390625,0.18155873907996267
0.7315234375,0.23731890549484874
0.73154296875,0.4021900590447042
0.7315625,0.4404655182575861
0.73158203125,0.22957509080999103
0.7316015625,0.039246100531159775
0.73162109375,0.01795594714551488
0.731640625,0.06124088242578466
0.73166015625,0.09631729895735594
0.7316796875,-0.06736951154278517
0.73169921875,-0.2341049988573131
0.73171875,-0.16893762571372778
0.73173828125,-0.022362930115544043
0.7317578125,0.20143883108893526
0.73177734375,0.1747053477966733
0.731796875,-0.11653961495885476
0.73181640625,-0.16092325104746702
0.7318359375,-0.012404680725503062
0.73185546875,0.05009601594491364
0.731875,-0.13500420290030876
0.73189453125,-0.20041467754928227
0.7319140625,-0.05154566695436079
0.73193359375,-0.22837248576838592
0.731953125,-0.31478737377043164
0.73197265625,-0.03498838827910246
0.7319921875,0.1626679431385223
0.73201171875,0.19171310000381347
0.73203125,0.050757757756348276
0.73205078125,0.09784088658063939
0.7320703125,0.4191423845312599
0.73208984375,0.5345150975185978
0.732109375,0.4997690536272798
0.73212890625,0.19574372491347702
0.7321484375,-0.29862609900667975
0.73216796875,-0.1698045923922669
0.7321875,0.18004526898995407
0.73220703125,-0.03907688311016007
0.7322265625,-0.2459520593235736
0.73224609375,-0.09919500578600558
0.732265625,0.07403977038137369
0.73228515625,0.3632393270709263
0.7323046875,0.5699780950314866
0.73232421875,0.4461847386275126
0.73234375,0.5317744575818006
0.73236328125,0.7503007003437847
0.7323828125,0.6250976829118803
0.73240234375,0.44850809811550507
0.732421875,0.45051825484250074
0.73244140625,0.6211014984712091
0.7324609375,0.6678167809640341
0.73248046875,0.3963120833490218
0.7325,0.18940381629285086
0.73251953125,-0.005845432224728865
0.7325390625,-0.12895775413780944
0.73255859375,0.15788210878870562
0.732578125,0.3197953889088608
0.73259765625,0.17612264404609404
0.7326171875,0.01724999131735866
0.73263671875,-0.09920855041301967
0.73265625,0.27178947921765206
0.73267578125,0.6918760074324269
0.7326953125,0.6614498800910524
0.73271484375,0.7972100070973726
0.732734375,0.8118414587961515
0.73275390625,0.632245114583853
0.7327734375,0.8409843148704839
0.73279296875,1.0874845431866493
0.7328125,1.0349960143464525
0.73283203125,0.6282652919257591
0.7328515625,0.27244079200026033
0.73287109375,0.20305656998402644
0.732890625,0.0779470096361518
0.73291015625,0.12815306340759292
0.7329296875,-0.014683007692909894
0.73294921875,-0.47654708752218355
0.73296875,-0.5636176083631064
0.73298828125,-0.5675605580441747
0.7330078125,-0.42948757979652286
0.73302734375,-0.05697953167310395
0.733046875,0.18740726575976568
0.73306640625,0.38796122646578246
0.7330859375,0.23728652033732656
0.73310546875,0.12125349906568958
0.733125,0.4248568692158619
0.73314453125,0.4277360524202821
0.7331640625,0.1728581921258136
0.73318359375,-0.10566256828509946
0.733203125,-0.2969764732856077
0.73322265625,-0.14722824359869632
0.7332421875,-0.040308236502241135
0.73326171875,-0.15880938120471147
0.73328125,-0.3081522934821245
0.73330078125,-0.2320488261547259
0.7333203125,0.29324318160792484
0.73333984375,0.7650345269636936
0.733359375,0.6618915022731342
0.73337890625,0.4241948669808612
0.7333984375,0.39391712235888976
0.73341796875,0.3629025926505956
0.7334375,0.42182678065183
0.73345703125,0.445360835999017
0.7334765625,0.30898738406868964
0.73349609375,0.23533679311821057
0.733515625,0.24650526271575232
0.73353515625,0.5747926895956693
0.7335546875,0.7585994198986042
0.73357421875,0.21161507711294872
0.73359375,-0.11450064867719105
0.73361328125,0.19728140317908413
0.7336328125,0.4526693084068347
0.73365234375,0.3774893892742668
0.733671875,-0.08215526755984665
0.73369140625,-0.477448784403822
0.7337109375,-0.33885858313234185
0.73373046875,-0.22501683869500322
0.73375,-0.4843422190107811
0.73376953125,-0.7192310616496588
0.7337890625,-0.5598134181970488
0.73380859375,-0.23644995520960077
0.733828125,-0.39021172686962746
0.73384765625,-0.6609381062854837
0.7338671875,-0.4987317017153688
0.73388671875,-0.23401195189854568
0.73390625,-0.07867985276060747
0.73392578125,-0.31726224750312515
0.7339453125,-0.6263022144985207
0.73396484375,-0.24427025049897627
0.733984375,0.12906875715699034
0.73400390625,-0.008844810150992373
0.7340234375,-0.12347115898946394
0.73404296875,-0.13827438510219264
0.7340625,-0.10489514144484158
0.73408203125,-0.07874745254264932
0.7341015625,0.09540079325589118
0.73412109375,0.46553853158944153
0.734140625,0.28233341597967176
0.73416015625,-0.17461327308275928
0.7341796875,-0.04664108334908288
0.73419921875,0.06502104245365298
0.73421875,-0.3758387133850602
0.73423828125,-0.738028194422867
0.7342578125,-0.487495047035001
0.73427734375,-0.21706840822965873
0.734296875,-0.5152417462579693
0.73431640625,-0.6964167435500931
0.7343359375,-0.466829165264687
0.73435546875,-0.3994725659686955
0.734375,-0.4628155044434985
0.73439453125,-0.32501944057655663
0.7344140625,0.02539300609646067
0.73443359375,0.2741923162741514
0.734453125,0.25739262526382206
0.73447265625,0.35261308924237106
0.7344921875,0.48906937612410173
0.73451171875,0.33333086094736425
0.73453125,0.2273092509695629
0.73455078125,0.23259346390091098
0.7345703125,0.19059847529501722
0.73458984375,0.2776527974051688
0.734609375,0.3091400545563052
0.73462890625,0.2893905632119647
0.7346484375,0.3745305460288762
0.73466796875,0.37026152207816865
0.7346875,0.4033214892197484
0.73470703125,0.40068226873489915
0.7347265625,0.27305503637914974
0.73474609375,0.2664377375399868
0.734765625,0.12288249751278135
0.73478515625,-0.015418159419224212
0.7348046875,0.07783761488733044
0.73482421875,-0.0007001897095605279
0.73484375,-0.05759184020013211
0.73486328125,-0.0691575975021097
0.7348828125,-0.15452593635163103
0.73490234375,-0.04738779183875526
0.734921875,-0.15263977362158748
0.73494140625,-0.4388658459341277
0.7349609375,-0.4290939479149427
0.73498046875,-0.39301381837656607
0.735,-0.5502253068764915
0.73501953125,-0.8150129667108301
0.7350390625,-0.7949731810357533
0.73505859375,-0.24364608053870962
0.735078125,0.1417090218597611
0.73509765625,-0.03744526182532071
0.7351171875,-0.3019504419606873
0.73513671875,-0.4103849036364044
0.73515625,-0.43600538043908044
0.73517578125,-0.44230838235088044
0.7351953125,-0.40390012872921
0.73521484375,-0.26671501376008755
0.735234375,-0.14530175252453753
0.73525390625,-0.09325284049241975
0.7352734375,-0.09541203559222411
0.73529296875,-0.13964940503274925
0.7353125,-0.1768449825296906
0.73533203125,-0.19883237385416602
0.7353515625,-0.10206100980879766
0.73537109375,0.027058720521647997
0.735390625,-0.14264608318307634
0.73541015625,-0.42389240323866967
0.7354296875,-0.404217087664808
0.73544921875,-0.2912932373616882
0.73546875,-0.32840761320137907
0.73548828125,-0.4377367223907348
0.7355078125,-0.5313638091959172
0.73552734375,-0.39663509951797193
0.735546875,-0.3124113677447726
0.73556640625,-0.4423031228682049
0.7355859375,-0.3014236164361161
0.73560546875,-0.22178729225233101
0.735625,-0.3598463965631232
0.73564453125,-0.30243262855420633
0.7356640625,-0.3934919292717548
0.73568359375,-0.7470938094303454
0.735703125,-0.9190452537554269
0.73572265625,-0.7192406512751018
0.7357421875,-0.679595989908167
0.73576171875,-1.0634978401675297
0.73578125,-1.0513051626618668
0.73580078125,-0.6757640714971718
0.7358203125,-0.5439038487258532
0.73583984375,-0.4877367518354895
0.735859375,-0.4523937390242704
0.73587890625,-0.5233291532605328
0.7358984375,-0.582877937310959
0.73591796875,-0.39299165886412624
0.7359375,-0.16691069635930386
0.73595703125,-0.22001367850670264
0.7359765625,-0.24254115797017675
0.73599609375,-0.45079698227331655
0.736015625,-0.8816894163617313
0.73603515625,-0.8824880414721538
0.7360546875,-0.8101637707274065
0.73607421875,-0.9035544728064488
0.73609375,-0.5979163820527076
0.73611328125,-0.2977846975165357
0.7361328125,-0.32582561427896833
0.73615234375,-0.145903590778126
0.736171875,-0.0872896681460432
0.73619140625,-0.32060404349078425
0.7362109375,-0.19623355862756028
0.73623046875,0.04713472054753499
0.73625,-0.09562195950301261
0.73626953125,-0.3284296634686493
0.7362890625,-0.2433486240828997
0.73630859375,-0.14658271285316768
0.736328125,-0.4457233540805503
0.73634765625,-0.7285852173079141
0.7363671875,-0.750632817321286
0.73638671875,-0.7681465104912831
0.73640625,-0.6353563999738246
0.73642578125,-0.2964325422644179
0.7364453125,-0.18725289147729202
0.73646484375,-0.41299674336449566
0.736484375,-0.6264220183929934
0.73650390625,-0.6389303490461126
0.7365234375,-0.5686701428719791
0.73654296875,-0.49783555109632605
0.7365625,-0.3184194472269427
0.73658203125,-0.052763291989471654
0.7366015625,0.13615610975059853
0.73662109375,0.19970953634201805
0.736640625,0.26954929888292367
0.73666015625,0.3332146146302864
0.7366796875,0.2595995548765011
0.73669921875,0.2620346248673512
0.73671875,0.22843459311757286
0.73673828125,-0.07135729773225527
0.7367578125,-0.17262344596766574
0.73677734375,-0.08388570338344901
0.736796875,-0.2254025745793387
0.73681640625,-0.2974903463042085
0.7368359375,-0.19358404809178031
0.73685546875,-0.20582201987602552
0.736875,-0.2224003350487389
0.73689453125,-0.26880603049623664
0.7369140625,-0.35949207115144427
0.73693359375,-0.24809108012250636
0.736953125,-0.11470245047445597
0.73697265625,-0.3143241221105668
0.7369921875,-0.7632036886760272
0.73701171875,-0.8896552970978575
0.73703125,-0.7593393764598795
0.73705078125,-0.92726643261721
0.7370703125,-1.0627680819134349
0.73708984375,-1.0502357844711359
0.737109375,-1.211347463071605
0.73712890625,-1.365849131957075
0.7371484375,-1.2713804594961449
0.73716796875,-0.9548526665886661
0.7371875,-0.859639353502641
0.73720703125,-0.8535505829201896
0.7372265625,-0.46347440725104233
0.73724609375,-0.25464985940202745
0.737265625,-0.29786315058053386
0.73728515625,-0.10156660739252264
0.7373046875,0.03424415219042899
0.73732421875,0.07940822831412342
0.73734375,0.1941050080003987
0.73736328125,0.16241326144208143
0.7373828125,0.012559405301817657
0.73740234375,-0.04960447434737158
0.737421875,0.09276033881973378
0.73744140625,0.04114467235794547
0.7374609375,-0.44571673744485285
0.73748046875,-0.6413887056084209
0.7375,-0.43383194196409464
0.73751953125,-0.4728609192270399
0.7375390625,-0.652741975212845
0.73755859375,-0.5655615028008818
0.737578125,-0.4294399724959712
0.73759765625,-0.525166692369023
0.7376171875,-0.5849583384260999
0.73763671875,-0.41448446095123387
0.73765625,-0.16442701762681733
0.73767578125,-0.05040263315531037
0.7376953125,-0.23760216034642892
0.73771484375,-0.6104947872120232
0.737734375,-0.7574239882303471
0.73775390625,-0.44676795423483545
0.7377734375,-0.1664137862858034
0.73779296875,-0.1462553016641736
0.7378125,0.011090270288403481
0.73783203125,-0.004531780285688569
0.7378515625,-0.25778026327069953
0.73787109375,-0.13476308155120761
0.737890625,0.10590535179160472
0.73791015625,0.1275487390583717
0.7379296875,0.13620525755430796
0.73794921875,0.22428407796234073
0.73796875,0.32959117667952126
0.73798828125,0.3407581504900794
0.7380078125,0.42655909819730464
0.73802734375,0.5362783134881712
0.738046875,0.3688868538540244
0.73806640625,0.05730589969234153
0.7380859375,-0.13421948691041322
0.73810546875,0.08914339448765621
0.738125,0.433492641778491
0.73814453125,0.23769845032557393
0.7381640625,-0.05991197332203642
0.73818359375,-0.04615066368374609
0.738203125,-0.23163029830094778
0.73822265625,-0.4937944581613705
0.7382421875,-0.18765254713340024
0.73826171875,0.2181450861264442
0.73828125,0.04296343131469236
0.73830078125,-0.16024517314101136
0.7383203125,-0.10054478151068302
0.73833984375,-0.14852754653897027
0.738359375,-0.20271735246884132
0.73837890625,-0.2214555665008136
0.7383984375,-0.2560417191255237
0.73841796875,-0.1395610175038725
0.7384375,0.017323561976270323
0.73845703125,0.020436872012480838
0.7384765625,-0.13843862306430993
0.73849609375,-0.28329659219717773
0.738515625,-0.2089952273343429
0.73853515625,-0.03263228119915221
0.7385546875,0.2908700486887323
0.73857421875,0.6736443055080147
0.73859375,0.7789189419275953
0.73861328125,0.9717507119762634
0.7386328125,1.264962698329851
0.73865234375,1.3353668548127193
0.738671875,1.3018399336254265
0.73869140625,1.1020944380759914
0.7387109375,0.9642238462429611
0.73873046875,0.9924929863411742
0.73875,0.9041461214080116
0.73876953125,0.5857009056455216
0.7387890625,0.18549108632463568
0.73880859375,0.1909628507252139
0.738828125,0.17216409161661145
0.73884765625,-0.17226339809572766
0.7388671875,-0.05036633309497745
0.73888671875,0.035462592434959216
0.73890625,-0.30464932804936357
0.73892578125,-0.31287431205253335
0.7389453125,-0.2134390706700941
0.73896484375,-0.24818932964901314
0.738984375,-0.29654958783266316
0.73900390625,-0.3679180142342501
0.7390234375,-0.3357759795757158
0.73904296875,-0.3548430466852035
0.7390625,-0.41515279010491746
0.73908203125,-0.5672717283386132
0.7391015625,-0.748047464681935
0.73912109375,-0.4964595077570512
0.739140625,-0.11174447562568704
0.73916015625,0.060702676004172854
0.7391796875,0.0997846192664989
0.73919921875,-0.03146600891530471
0.73921875,0.0466520207203196
0.73923828125,0.3843642242553745
0.7392578125,0.3828428687679516
0.73927734375,0.14963270852531738
0.739296875,0.14638326958371
0.73931640625,0.21323266411982858
0.7393359375,0.23390278848243617
0.73935546875,0.2805161558037778
0.739375,0.2654651025740409
0.73939453125,0.3149217970481736
0.7394140625,0.48962124424989056
0.73943359375,0.5320622341944787
0.739453125,0.28340327510565483
0.73947265625,0.046390195395084786
0.7394921875,0.16614317150603372
0.73951171875,0.2564196386370352
0.73953125,-0.06884964507226936
0.73955078125,-0.26903169210413497
0.7395703125,0.04120298318222282
0.73958984375,0.2710808815844597
0.739609375,0.14240554610365036
0.73962890625,0.02793695330130716
0.7396484375,0.07593748605969938
0.73966796875,0.20732756497178156
0.7396875,0.17555041854401002
0.73970703125,-0.02793071011381311
0.7397265625,0.03902507045770855
0.73974609375,0.33694110448474435
0.739765625,0.3393571190471264
0.73978515625,0.10314726543965677
0.7398046875,0.044247999510987
0.73982421875,0.04919348575476094
0.73984375,-0.06311996327889258
0.73986328125,0.06293439636064876
0.7398828125,0.46537103711268735
0.73990234375,0.461490732220828
0.739921875,0.13023898442157658
0.73994140625,0.13472614509236863
0.7399609375,0.11605060936834397
0.73998046875,-0.17152988206147568
0.74,-0.21203986129230143
0.74001953125,0.0019473302366862094
0.7400390625,0.07623182977225873
0.74005859375,-0.017929072984021806
0.740078125,0.035007840713784606
0.74009765625,0.10423891321001695
0.7401171875,0.010034357839334266
0.74013671875,0.20402133360112215
0.74015625,0.6149764640155109
0.74017578125,0.5611846086414161
0.7401953125,0.2148348805543604
0.74021484375,0.2433685202743455
0.740234375,0.45721288127342835
0.74025390625,0.4527947223874063
0.7402734375,0.17324032619383184
0.74029296875,-0.12772061717444141
0.7403125,0.03786661278499137
0.74033203125,0.42022719513759915
0.7403515625,0.5756245643087207
0.74037109375,0.5019392191785338
0.740390625,0.41731356078231674
0.74041015625,0.6003461172874548
0.7404296875,0.646963157909459
0.74044921875,0.35696496579582593
0.74046875,0.12351871457046454
0.74048828125,0.05892833150517442
0.7405078125,0.3449842390629999
0.74052734375,0.5451669454820273
0.740546875,0.34480616764397254
0.74056640625,0.48669362326483556
0.7405859375,0.6563243287307999
0.74060546875,0.4658006141609145
0.740625,0.4669215715194064
0.74064453125,0.5401076977709828
0.7406640625,0.6414569193356259
0.74068359375,0.896916964899058
0.740703125,0.9993068211364093
0.74072265625,0.9297417082501079
0.7407421875,0.8303220536349989
0.74076171875,0.80859897883267
0.74078125,0.9274838803857637
0.74080078125,1.0072732473481054
0.7408203125,0.9816865650372399
0.74083984375,0.8430854793831066
0.740859375,0.6200380359466087
0.74087890625,0.5493094755779329
0.7408984375,0.5093396766424203
0.74091796875,0.3160656255656673
0.7409375,0.13621083853346203
0.74095703125,0.09103418526847595
0.7409765625,0.11549973516442082
0.74099609375,-0.15441305002091607
0.741015625,-0.5172091695472967
0.74103515625,-0.2525730046203283
0.7410546875,0.14507529438697248
0.74107421875,0.03353607790481792
0.74109375,-0.2120073258771569
0.74111328125,-0.38361968592903506
0.7411328125,-0.2249452380476278
0.74115234375,0.27769909687879457
0.741171875,0.42778866000584187
0.74119140625,0.07833799523490081
0.7412109375,-0.15264586587958798
0.74123046875,0.1434347391468038
0.74125,0.3926366395306414
0.74126953125,0.2108456261554973
0.7412890625,0.14916314808679165
0.74130859375,0.2950734088306365
0.741328125,0.3589507517258363
0.74134765625,0.27762331979649146
0.7413671875,0.19003405926658173
0.74138671875,0.22829054070224206
0.74140625,0.32003641007887873
0.74142578125,0.4199846333593965
0.7414453125,0.26988790691358294
0.74146484375,0.126506873768989
0.741484375,0.49532553078804514
0.74150390625,0.7639884929867427
0.7415234375,0.7982024773716787
0.74154296875,0.9349850946376341
0.7415625,0.82431714515719
0.74158203125,0.7028321833217576
0.7416015625,0.5291444561996576
0.74162109375,0.1365365121719309
0.741640625,0.13740132949800582
0.74166015625,0.18363654851428493
0.7416796875,-0.008308199689891452
0.74169921875,-0.12075047162471206
0.74171875,-0.13797400529924303
0.74173828125,0.027015005981702513
0.7417578125,-0.04061519224173195
0.74177734375,-0.11817371700566326
0.741796875,0.18140590132862408
0.74181640625,0.02073106318842849
0.7418359375,-0.43208302067954496
0.74185546875,-0.5292230094991794
0.741875,-0.43698401688654004
0.74189453125,-0.24389296813283323
0.7419140625,-0.21902499423611638
0.74193359375,-0.25212157516564276
0.741953125,-0.08797121538694039
0.74197265625,-0.12203199196243845
0.7419921875,-0.1072789684243955
0.74201171875,0.29910910804219865
0.74203125,0.5824641491320577
0.74205078125,0.5001757434412738
0.7420703125,0.2254961519731339
0.74208984375,0.09840975794034283
0.742109375,0.23037200987964773
0.74212890625,0.1778519230469264
0.7421484375,-0.08911930684811964
0.74216796875,-0.17014255201512452
0.7421875,-0.07077219922360245
0.74220703125,-0.10060065508335335
0.7422265625,-0.2571781797830379
0.74224609375,-0.17471850017064747
0.742265625,0.1689369783333801
0.74228515625,0.21629170964368613
0.7423046875,-0.24645928025735078
0.74232421875,-0.43223157679440427
0.74234375,-0.055507916195151184
0.74236328125,0.13346555535896268
0.7423828125,-0.036528980733366884
0.74240234375,-0.2936035459395716
0.742421875,-0.12917096354551239
0.74244140625,0.38702187178916697
0.7424609375,0.2964173478640859
0.74248046875,0.14782309243414032
0.7425,0.332754229081514
0.74251953125,0.24500099827272304
0.7425390625,0.3635680740740024
0.74255859375,0.567670649218433
0.742578125,0.46750966911255676
0.74259765625,0.41967191183840585
0.7426171875,0.42229042428079633
0.74263671875,0.487975706170964
0.74265625,0.4695291159612483
0.74267578125,0.32733718168050385
0.7426953125,0.43983122575250655
0.74271484375,0.6941328980279791
0.742734375,0.8756136419963797
0.74275390625,0.7817521249419245
0.7427734375,0.3021339802484564
0.74279296875,0.1042759367964651
0.7428125,0.177835103809768
0.74283203125,-0.0694088052996969
0.7428515625,-0.19476024606603637
0.74287109375,-0.13488316350469992
0.742890625,-0.16885148059281968
0.74291015625,0.04460664673188414
0.7429296875,0.18409770468224093
0.74294921875,-0.04102213012127319
0.74296875,-0.07676008536134908
0.74298828125,0.08194065136948116
0.7430078125,-0.13162130540343261
0.74302734375,-0.6355217839831544
0.743046875,-0.8235912635202789
0.74306640625,-0.6454521822572697
0.7430859375,-0.33260338886574253
0.74310546875,-0.006631710046948584
0.743125,0.035339269114365496
0.74314453125,-0.04689926194275354
0.7431640625,0.0018561900196684407
0.74318359375,-0.0076245148360481255
0.743203125,-0.18288270340237003
0.74322265625,-0.41895283369332437
0.7432421875,-0.4007523184380743
0.74326171875,-0.28476591287418873
0.74328125,-0.32522164463926584
0.74330078125,-0.2784259488642734
0.7433203125,-0.20868010289011357
0.74333984375,-0.11187718415319658
0.743359375,-0.01735551525470728
0.74337890625,0.019527736598278354
0.7433984375,0.1878627182068211
0.74341796875,0.12007065934032946
0.7434375,-0.1162802544045627
0.74345703125,-0.09709744184191951
0.7434765625,-0.1320259253048226
0.74349609375,-0.2118267300583243
0.743515625,-0.13796759630562527
0.74353515625,-0.17114446524768623
0.7435546875,-0.36301137104331027
0.74357421875,-0.5433328315676053
0.74359375,-0.5682237434228599
0.74361328125,-0.3968907431057769
0.7436328125,-0.3146815046197922
0.74365234375,-0.45049000942251716
0.743671875,-0.5748388265700113
0.74369140625,-0.7046267087120508
0.7437109375,-0.9204022034261163
0.74373046875,-0.9448845304663556
0.74375,-0.7203014395323176
0.74376953125,-0.6340808918081252
0.7437890625,-0.630283482640542
0.74380859375,-0.4539087527687885
0.743828125,-0.4828912685036678
0.74384765625,-0.7888598792546704
0.7438671875,-0.8781398513327529
0.74388671875,-0.7548576456513072
0.74390625,-0.6421664217096207
0.74392578125,-0.4562924997921174
0.7439453125,-0.2970579025487224
0.74396484375,-0.32032065145081884
0.743984375,-0.29787811209245846
0.74400390625,-0.293497697706384
0.7440234375,-0.5667040895266477
0.74404296875,-0.7038304843182135
0.7440625,-0.5720740921204631
0.74408203125,-0.6411568228773951
0.7441015625,-0.7809196665835912
0.74412109375,-0.6380313464348342
0.744140625,-0.3628097367212483
0.74416015625,-0.39750462192104574
0.7441796875,-0.6317498021416388
0.74419921875,-0.2987663619787709
0.74421875,0.16068555768341286
0.74423828125,-0.0854700061660587
0.7442578125,-0.24203815719486738
0.74427734375,-0.18805869071090914
0.744296875,-0.5354775315309068
0.74431640625,-0.5677327815748558
0.7443359375,-0.2668691341630496
0.74435546875,-0.4011779235770934
0.744375,-0.7455043641114996
0.74439453125,-0.7352438835202512
0.7444140625,-0.3649752926928309
0.74443359375,-0.26358201749283183
0.744453125,-0.5495046602386197
0.74447265625,-0.7297887627986935
0.7444921875,-0.5625932505821093
0.74451171875,-0.2204113885913449
0.74453125,-0.16574601356712157
0.74455078125,-0.3123116917943249
0.7445703125,-0.3816905369316296
0.74458984375,-0.39707449496500935
0.744609375,-0.3390823015944591
0.74462890625,-0.24592805073810214
0.7446484375,0.0061413316461909374
0.74466796875,0.1871902466432402
0.7446875,0.13758827547511632
0.74470703125,0.14435900245201733
0.7447265625,0.028883043514850187
0.74474609375,-0.011905334463743582
0.744765625,-0.06359612739245643
0.74478515625,-0.29727691765253433
0.7448046875,-0.06863979497395918
0.74482421875,-0.09382430714104806
0.74484375,-0.6701707775943896
0.74486328125,-0.7532960870061084
0.7448828125,-0.5669417905361718
0.74490234375,-0.5551454154632636
0.744921875,-0.7831572014482552
0.74494140625,-1.1103779575048083
0.7449609375,-1.097422953447956
0.74498046875,-0.9613667448078993
0.745,-0.9335410969243558
0.74501953125,-0.9758489497898599
0.7450390625,-1.0407641976684963
0.74505859375,-0.9601404633309341
0.745078125,-0.9332856867761247
0.74509765625,-0.9288881426462816
0.7451171875,-0.7570017179588937
0.74513671875,-0.6158279742016131
0.74515625,-0.40010504915147127
0.74517578125,-0.23361045765300384
0.7451953125,-0.41175196818842963
0.74521484375,-0.572213857367069
0.745234375,-0.5501157311620624
0.74525390625,-0.48362797143304326
0.7452734375,-0.45076536118514
0.74529296875,-0.5538365885954191
0.7453125,-0.40418761433129907
0.74533203125,-0.06497689577836598
0.7453515625,-0.2437147274396995
0.74537109375,-0.38651763661106453
0.745390625,0.07878290649552037
0.74541015625,0.1449216093270873
0.7454296875,-0.43112416263721953
0.74544921875,-0.619447378013776
0.74546875,-0.40608124235291576
0.74548828125,-0.387005515825324
0.7455078125,-0.5002490388663338
0.74552734375,-0.5382923955837688
0.745546875,-0.5091765693759556
0.74556640625,-0.4867242348537706
0.7455859375,-0.4627642530081489
0.74560546875,-0.47929013439060897
0.745625,-0.5545944965149269
0.74564453125,-0.4781551500325619
0.7456640625,-0.1546100687057872
0.74568359375,0.10627535740934321
0.745703125,-0.03486058162973075
0.74572265625,-0.32388572430318274
0.7457421875,-0.5201228501497721
0.74576171875,-0.5606876184220895
0.74578125,-0.24044181805626047
0.74580078125,-0.167196822521125
0.7458203125,-0.46553109512862434
0.74583984375,-0.3790318196240793
0.745859375,-0.1375511571771723
0.74587890625,0.06476784274858155
0.7458984375,0.16746235961525077
0.74591796875,-0.03513219168207794
0.7459375,-0.1421145388931435
0.74595703125,-0.14617941309909277
0.7459765625,-0.17469945812508286
0.74599609375,-0.24732321590661732
0.746015625,-0.4033693062530538
0.74603515625,-0.21821524365216463
0.7460546875,0.008213279240639658
0.74607421875,-0.1951887469760059
0.74609375,-0.29900675786357034
0.74611328125,-0.15771667784240714
0.7461328125,-0.02544545618540274
0.74615234375,0.09204630319661236
0.746171875,0.024798005961988216
0.74619140625,-0.1279195063761277
0.7462109375,-0.06644236378179927
0.74623046875,-0.01626464218426646
0.74625,-0.015274572302039775
0.74626953125,0.15133511929866247
0.7462890625,0.05143334974997657
0.74630859375,-0.25473185495673883
0.746328125,-0.102970359713786
0.74634765625,0.14595709266308746
0.7463671875,-0.03411839166145732
0.74638671875,-0.29494503622435053
0.74640625,-0.24401547198766324
0.74642578125,-0.10580982611849833
0.7464453125,-0.1367215662317577
0.74646484375,-0.09048065254902764
0.746484375,-0.08741407923479325
0.74650390625,-0.14940770200775214
0.7465234375,0.10718601469888994
0.74654296875,0.384873315350709
0.7465625,0.5598736956485497
0.74658203125,0.6990270582654217
0.7466015625,0.6548976478292327
0.74662109375,0.7384930734133885
0.746640625,0.9900997769014124
0.74666015625,1.1519660555712676
0.7466796875,1.0883258768658788
0.74669921875,0.7646871799710093
0.74671875,0.5598119044965821
0.74673828125,0.4706105828896464
0.7467578125,0.23676587487014777
0.74677734375,0.21387688645432423
0.746796875,0.354983505671464
0.74681640625,0.2349871791856143
0.7468359375,0.08323361672816743
0.74685546875,0.0969199739423167
0.746875,-0.06459177764766572
0.74689453125,-0.41609729295526277
0.7469140625,-0.5515247055858886
0.74693359375,-0.5366473493646106
0.746953125,-0.5787531378546635
0.74697265625,-0.5821641389192034
0.7469921875,-0.4982109099102144
0.74701171875,-0.4541976588294899
0.74703125,-0.5047972579209894
0.74705078125,-0.36101932257174907
0.7470703125,-0.17930754299470475
0.74708984375,-0.14201835004997088
0.747109375,0.13106060335350564
0.74712890625,0.3092659435822189
0.7471484375,0.18498756472107325
0.74716796875,0.26839336908228195
0.7471875,0.42576042175842554
0.74720703125,0.35814712687769623
0.7472265625,0.2112638382549039
0.74724609375,0.06988960927495189
0.747265625,0.00557531678596716
0.74728515625,0.03606802224471785
0.7473046875,0.05669432954625387
0.74732421875,0.14083938426358025
0.74734375,0.23268541853199537
0.74736328125,0.27731892267590696
0.7473828125,0.4039038117132161
0.74740234375,0.3970367982945628
0.747421875,0.26714142608847835
0.74744140625,0.2256364232755251
0.7474609375,0.06724371193537712
0.74748046875,-0.09033378214430098
0.7475,-0.060798914576157825
0.74751953125,-0.07220464708495063
0.7475390625,-0.07407861884954609
0.74755859375,0.0668422526346868
0.747578125,0.22023551464375488
0.74759765625,0.18494394844868497
0.7476171875,-0.037961495192416775
0.74763671875,-0.11965706001523174
0.74765625,-0.02760055562865468
0.74767578125,-0.01742933947259695
0.7476953125,-0.2218153631754416
0.74771484375,-0.4014953221221096
0.747734375,-0.19365290016847353
0.74775390625,-0.07817253428386049
0.7477734375,-0.1898049300187748
0.74779296875,0.11562047216517353
0.7478125,0.35387423098672754
0.74783203125,-0.07229101138662344
0.7478515625,-0.3695881583516313
0.74787109375,0.0031802069825343088
0.747890625,0.3487091923526349
0.74791015625,0.13793969636922185
0.7479296875,-0.14279977616840592
0.74794921875,0.05546654505351943
0.74796875,0.34682736284120236
0.74798828125,0.22368118302094242
0.7480078125,0.09581470632634051
0.74802734375,0.17714051636973538
0.748046875,0.19603417220490355
0.74806640625,0.17202418934664376
0.7480859375,-0.03823093911529375
0.74810546875,-0.2750810474980866
0.748125,-0.17446919002489597
0.74814453125,-0.03791971240030304
0.7481640625,0.0473523570179997
0.74818359375,0.119885776057468
0.748203125,0.027051758331950414
0.74822265625,0.0008154535046919053
0.7482421875,0.0243574358985956
0.74826171875,0.04817095934350446
0.74828125,0.2352074365848771
0.74830078125,0.1428291611879625
0.7483203125,-0.0017512987951725373
0.74833984375,0.3757324669680917
0.748359375,0.5292261875018434
0.74837890625,0.474397300487221
0.7483984375,0.6403207095499289
0.74841796875,0.4908233154152807
0.7484375,0.44895070214152477
0.74845703125,0.6896723471454917
0.7484765625,0.6966084404225789
0.74849609375,0.6855639574865989
0.748515625,0.5213063341660582
0.74853515625,0.4163154549768019
0.7485546875,0.6268252349490007
0.74857421875,0.5684444176382145
0.74859375,0.42692557457223546
0.74861328125,0.4155223810384203
0.7486328125,0.36930450846482277
0.74865234375,0.459354016908632
0.748671875,0.530256973551048
0.74869140625,0.5250965155929166
0.7487109375,0.5048307611527431
0.74873046875,0.48304010166914696
0.74875,0.8413903858430369
0.74876953125,1.2256962981915762
0.7487890625,0.9662210445426768
0.74880859375,0.6033495218116814
0.748828125,0.6202430800413101
0.74884765625,0.5956231899314696
0.7488671875,0.42971138922069485
0.74888671875,0.49056765380717393
0.74890625,0.6325207055505762
0.74892578125,0.41003143903228434
0.7489453125,0.10214324303622042
0.74896484375,0.2036044509556959
0.748984375,0.3891970851883384
0.74900390625,0.3022458301172059
0.7490234375,0.24658729488179698
0.74904296875,0.37254017752742263
0.7490625,0.48909164194508536
0.74908203125,0.3574264575297859
0.7491015625,0.06751287521158725
0.74912109375,0.13046052122281793
0.749140625,0.2911598190180336
0.74916015625,0.05859496279229055
0.7491796875,-0.15493067886433942
0.74919921875,-0.08527119197739794
0.74921875,0.15013132970835796
0.74923828125,0.2931909037275773
0.7492578125,0.2657370896265163
0.74927734375,0.4290575324458378
0.749296875,0.4645455381458782
0.74931640625,0.14560698325358382
0.7493359375,-0.043633045729817764
0.74935546875,0.05167439518202885
0.749375,0.31933480858381846
0.74939453125,0.40009498351044614
0.7494140625,0.3887090013829867
0.74943359375,0.5018590974917343
0.749453125,0.4205631783280688
0.74947265625,0.4470200363028235
0.7494921875,0.665414384678538
0.74951171875,0.7073930124675303
0.74953125,0.6009428715947168
0.74955078125,0.4313890016657234
0.7495703125,0.6352130287680091
0.74958984375,0.9036354800140968
0.749609375,0.5394795073568933
0.74962890625,0.13339986519766725
0.7496484375,-0.09799656353963782
0.74966796875,-0.2436960533751976
0.7496875,-0.16343027719525838
0.74970703125,-0.3639114570410597
0.7497265625,-0.5117066156451474
0.74974609375,-0.26324397477852923
0.749765625,-0.2079500369758587
0.74978515625,-0.17802398846967077
0.7498046875,-0.16215917722586515
0.74982421875,-0.40252408735341105
0.74984375,-0.4469805975578446
0.74986328125,-0.2850980539986545
0.7498828125,-0.1931602003094051
0.74990234375,-0.1367078305785296
0.749921875,-0.113872082547042
0.74994140625,0.04880023948319728
0.7499609375,0.43893228568192755
0.74998046875,0.5873481452028867
0.75,0.3775584435540129
0.75001953125,0.2972931006245586
0.7500390625,0.29096685641203507
0.75005859375,0.1066833815364656
0.750078125,-0.17266644505139386
0.75009765625,-0.4052012484169606
0.7501171875,-0.32524059172536246
0.75013671875,-0.07606664217980381
0.75015625,0.05752849329267945
0.75017578125,0.1732862352125747
0.7501953125,0.24177101519294894
0.75021484375,0.25795462718297685
0.750234375,0.28879858405563713
0.75025390625,0.36444999476795353
0.7502734375,0.538239445146763
0.75029296875,0.5115414938754237
0.7503125,0.22740240405533124
0.75033203125,0.15318768985236608
0.7503515625,0.21216120392597096
0.75037109375,0.13781773496160907
0.750390625,-0.029947220566554453
0.75041015625,-0.31014542534644884
0.7504296875,-0.3329455242220593
0.75044921875,-0.022193109920389233
0.75046875,0.09738540757956478
0.75048828125,-0.023784902031824123
0.7505078125,-0.10546229984443824
0.75052734375,0.10854353677607828
0.750546875,0.32351705048909873
0.75056640625,0.1369950713696913
0.7505859375,-0.013516958981188954
0.75060546875,0.09687729499581363
0.750625,0.2984652483003777
0.75064453125,0.49318915309897465
0.7506640625,0.5685610006170003
0.75068359375,0.590897497271198
0.750703125,0.6305315848611849
0.75072265625,0.7865424346348
0.7507421875,0.7147658187904167
0.75076171875,0.23818492181733733
0.75078125,0.2609010552720544
0.75080078125,0.6365036145286772
0.7508203125,0.484842884880619
0.75083984375,0.2940138784314917
0.750859375,0.24014478766275266
0.75087890625,0.015900418295783345
0.7508984375,-0.11218621027408279
0.75091796875,-0.2172698526606175
0.7509375,-0.21558426004030273
0.75095703125,-0.19399708519121459
0.7509765625,-0.5220523940729336
0.75099609375,-0.5667824169111291
0.751015625,-0.4011302609684722
0.75103515625,-0.6426609333285787
0.7510546875,-0.7071433960602624
0.75107421875,-0.39482696449297583
0.75109375,-0.11986065864510066
0.75111328125,-0.1837335703274972
0.7511328125,-0.4174101250780181
0.75115234375,-0.10304793420007487
0.751171875,0.20064320665162527
0.75119140625,-0.07859396718341737
0.7512109375,-0.23390830717873712
0.75123046875,-0.20381568933276417
0.75125,-0.09933705788046283
0.75126953125,0.02399945734788597
0.7512890625,-0.07944195047574915
0.75130859375,-0.05012421567300864
0.751328125,0.21723653276001198
0.75134765625,0.348961541756565
0.7513671875,0.26521905699091686
0.75138671875,0.12255515173183386
0.75140625,-0.05123491761812686
0.75142578125,-0.21462233099642655
0.7514453125,-0.10589270208671415
0.75146484375,0.10505933807806643
0.751484375,0.025716933822968205
0.75150390625,-0.18139031861912308
0.7515234375,-0.2477645924895746
0.75154296875,-0.13061549026818764
0.7515625,-0.1246461300803379
0.75158203125,-0.297277923139201
0.7516015625,-0.17561041861566204
0.75162109375,0.07055897023530422
0.751640625,0.008469780846140959
0.75166015625,-0.36792862156973144
0.7516796875,-0.7875193158072724
0.75169921875,-0.8103734024429033
0.75171875,-0.6884763582928372
0.75173828125,-0.9189752556213104
0.7517578125,-1.1738057454373905
0.75177734375,-0.9209401433377733
0.751796875,-0.5505591812227634
0.75181640625,-0.5509210056796937
0.7518359375,-0.5673249222453884
0.75185546875,-0.4865976501354372
0.751875,-0.445405138377026
0.75189453125,-0.5535956809841671
0.7519140625,-0.695210246762373
0.75193359375,-0.5975099557201402
0.751953125,-0.7505462908105884
0.75197265625,-0.9283377458159312
0.7519921875,-0.6798760568980386
0.75201171875,-0.6128105634260331
0.75203125,-0.473286588365604
0.75205078125,-0.16083296920097534
0.7520703125,-0.2399582080934985
0.75208984375,-0.2901250358882269
0.752109375,-0.06925226480853511
0.75212890625,0.1253210638072699
0.7521484375,-0.028657846781902266
0.75216796875,-0.3988055774434568
0.7521875,-0.27142388200454315
0.75220703125,-0.052144073852439646
0.7522265625,-0.1997225882775816
0.75224609375,-0.2820826055887908
0.752265625,-0.37725876080018284
0.75228515625,-0.4470599563770056
0.7523046875,-0.4909444907219796
0.75232421875,-0.5049327744437879
0.75234375,-0.14278502714697675
0.75236328125,0.01228021461300256
0.7523828125,-0.20382851732834184
0.75240234375,-0.25635930050661265
0.752421875,-0.29079455942085536
0.75244140625,-0.14905900863623525
0.7524609375,0.09271102905910308
0.75248046875,0.021290743553332353
0.7525,-0.14319798799566308
0.75251953125,-0.18048575535340522
0.7525390625,0.004103334695935957
0.75255859375,0.006020525755414077
0.752578125,-0.29741507312358856
0.75259765625,-0.2310631279957952
0.7526171875,0.02264987883504608
0.75263671875,0.06921433390586364
0.75265625,-0.009324124042892012
0.75267578125,-0.09699206887092571
0.7526953125,0.118353791393239
0.75271484375,0.23700864757892184
0.752734375,-0.05823100411329431
0.75275390625,-0.14698313221531709
0.7527734375,0.0025543576247080077
0.75279296875,-0.0005512224164526541
0.7528125,-0.22802700801653536
0.75283203125,-0.3481513612949868
0.7528515625,-0.20794423993422037
0.75287109375,-0.2335529947831425
0.752890625,-0.23632472825319067
0.75291015625,-0.19919843331695886
0.7529296875,-0.37439334247135786
0.75294921875,-0.39261050287082655
0.75296875,-0.5698135726257831
0.75298828125,-0.8885490444204607
0.7530078125,-0.8015328302215123
0.75302734375,-0.7949997111627609
0.753046875,-0.9931440763570398
0.75306640625,-1.0625875906443167
0.7530859375,-0.8949426267061358
0.75310546875,-0.4975407118051192
0.753125,-0.5964911824281693
0.75314453125,-0.9818888257497883
0.7531640625,-0.799292795745026
0.75318359375,-0.6869482657963346
0.753203125,-0.5540495077321433
0.75322265625,-0.04282049930491455
0.7532421875,-0.2714110373110276
0.75326171875,-0.7183134280337786
0.75328125,-0.39454968175678373
0.75330078125,-0.14702138162999123
0.7533203125,-0.21838776002179258
0.75333984375,-0.2338952463355801
0.753359375,-0.023000043463762138
0.75337890625,0.2677070738332256
0.7533984375,0.08824581994416392
0.75341796875,-0.22952938543245127
0.7534375,-0.29355056144752767
0.75345703125,-0.2321635933443916
0.7534765625,-0.08985952192877177
0.75349609375,-0.19039460199129
0.753515625,-0.24815225116618803
0.75353515625,-0.0038981172354267276
0.7535546875,-0.02759778162277991
0.75357421875,-0.32288348369193187
0.75359375,-0.5147466591178456
0.75361328125,-0.2756849412610615
0.7536328125,0.00984558081807596
0.75365234375,-0.29518693544843044
0.753671875,-0.3508817980319741
0.75369140625,-0.04504836306716251
0.7537109375,-0.2285806176233829
0.75373046875,-0.3559133896530847
0.75375,-0.14709653956824667
0.75376953125,-0.03485587216773793
0.7537890625,-0.010115844473898211
0.75380859375,-0.10693270206153449
0.753828125,-0.18445428255405721
0.75384765625,-0.14711540696922848
0.7538671875,-0.11000213654186049
0.75388671875,0.10482391228677074
0.75390625,0.2260217958859108
0.75392578125,0.009297409139073856
0.7539453125,-0.07734629295961108
0.75396484375,0.05602890322983793
0.753984375,0.27331949326343996
0.75400390625,0.43395736645384875
0.7540234375,0.30062188581260574
0.75404296875,0.22215087233326536
0.7540625,0.445546524033488
0.75408203125,0.5905984896839321
0.7541015625,0.6141421676195314
0.75412109375,0.6152127117476507
0.754140625,0.36312006996223517
0.75416015625,0.08867351237926
0.7541796875,0.04962128070146541
0.75419921875,-0.03373404739509588
0.75421875,-0.13086628187332228
0.75423828125,-0.0489300541538826
0.7542578125,0.1781506103858111
0.75427734375,0.3779382797291468
0.754296875,0.17201979331717013
0.75431640625,-0.20350501121597828
0.7543359375,-0.07105006341723374
0.75435546875,0.16630775535947068
0.754375,-0.0620701971625062
0.75439453125,-0.24202044616878804
0.7544140625,-0.15330157701544922
0.75443359375,-0.15553896000813017
0.754453125,-0.2093169152690512
0.75447265625,-0.16123888720032953
0.7544921875,0.04577876765202481
0.75451171875,0.28003253500825986
0.75453125,0.285486101201938
0.75455078125,0.3188128563889967
0.7545703125,0.5458859283442954
0.75458984375,0.5877127069862969
0.754609375,0.320576244591479
0.75462890625,0.02684941579973695
0.7546484375,0.14365383513068003
0.75466796875,0.38917260698972417
0.7546875,0.1096343902548637
0.75470703125,0.05405410191295851
0.7547265625,0.5425971765730635
0.75474609375,0.5660530527698635
0.754765625,0.30615656676452263
0.75478515625,0.18947275778195144
0.7548046875,0.10139554502525558
0.75482421875,0.19712396896958495
0.75484375,0.08924207680912834
0.75486328125,-0.17269491801533368
0.7548828125,-0.04873792086097072
0.75490234375,0.3168235064288616
0.754921875,0.6309538860088632
0.75494140625,0.483808793366067
0.7549609375,0.08489230988131749
0.75498046875,0.038631199808876734
0.755,0.04962665167152994
0.75501953125,0.009530467796676365
0.7550390625,0.1579910071424417
0.75505859375,0.20771013748302045
0.755078125,0.11349741087346515
0.75509765625,0.10758085759780417
0.7551171875,-0.03777009957002392
0.75513671875,-0.4007118622272251
0.75515625,-0.4398238431114196
0.75517578125,0.06021022366447354
0.7551953125,0.4003366876546208
0.75521484375,0.20032010528278912
0.755234375,0.054592296199896605
0.75525390625,0.20467260839790816
0.7552734375,0.25619936735263565
0.75529296875,0.20622395486427436
0.7553125,0.35398946947828114
0.75533203125,0.6013398685800786
0.7553515625,0.7403868561782212
0.75537109375,0.6739991778694443
0.755390625,0.46030458139738795
0.75541015625,0.4533620037412074
0.7554296875,0.5222185173914078
0.75544921875,0.5311740527804423
0.75546875,0.7819504485198632
0.75548828125,0.7823767028517886
0.7555078125,0.2602412205797549
0.75552734375,0.055934510119286435
0.755546875,0.37582323693121267
0.75556640625,0.5884937082149904
0.7555859375,0.5152197606985336
0.75560546875,0.5420007364824211
0.755625,0.6892916652343928
0.75564453125,0.4327095372194837
0.7556640625,0.11573833504021405
0.75568359375,0.41321849685547574
0.755703125,0.5293650414494273
0.75572265625,0.02763964094708936
0.7557421875,-0.251321856271276
0.75576171875,-0.007953654148888087
0.75578125,0.23310798917762204
0.75580078125,-0.13630276328169894
0.7558203125,-0.3463658345101523
0.75583984375,0.17015839495868817
0.755859375,0.28724299986265267
0.75587890625,0.12336772599931593
0.7558984375,0.19637925479777132
0.75591796875,0.10769289842804032
0.7559375,-0.07608224937656238
0.75595703125,-0.24647343912865938
0.7559765625,-0.16316448715466186
0.75599609375,-0.019980168968564103
0.756015625,-0.13959149164529766
0.75603515625,-0.04268504133495658
0.7560546875,0.161730621478972
0.75607421875,0.19496659975958303
0.75609375,0.35829238551282017
0.75611328125,0.6947554424075074
0.7561328125,0.6966220250224924
0.75615234375,0.3059679706184294
0.756171875,0.24759418211342746
0.75619140625,0.45075886169896595
0.7562109375,0.442273745048035
0.75623046875,0.2634944942221183
0.75625,0.09194898947434924
0.75626953125,0.1345008736517933
0.7562890625,0.1658439403889561
0.75630859375,0.07395244084908131
0.756328125,0.24346051002863497
0.75634765625,0.5732464438299527
0.7563671875,0.6135921356258417
0.75638671875,0.5826328621582242
0.75640625,0.6369128603744254
0.75642578125,0.2562814956874783
0.7564453125,-0.097650108806106
0.75646484375,0.22212066461967656
0.756484375,0.48478655442141516
0.75650390625,0.2786399284074953
0.7565234375,0.20517883197231426
0.75654296875,0.6312323179575425
0.7565625,0.9048036403187898
0.75658203125,0.6680809281836704
0.7566015625,0.5213786991672211
0.75662109375,0.47908082881914027
0.756640625,0.5179353959079738
0.75666015625,0.7621937458388177
0.7566796875,0.8958359193531173
0.75669921875,1.0662676768253354
0.75671875,1.1920788802332019
0.75673828125,1.0546673005563125
0.7567578125,0.7715901208178696
0.75677734375,0.42828513941583707
0.756796875,0.6358263229642245
0.75681640625,0.9911671651089926
0.7568359375,0.7230994250300737
0.75685546875,0.5140904079210042
0.756875,0.42524210109101235
0.75689453125,0.34280139492012
0.7569140625,0.36557265023713004
0.75693359375,0.11384899022314243
0.756953125,-0.0027833593518130327
0.75697265625,0.0032118235672769883
0.7569921875,-0.10520434895796055
0.75701171875,0.04546578438241224
0.75703125,0.14349443785568952
0.75705078125,0.16144074014799203
0.7570703125,0.37851693039462436
0.75708984375,0.33709865308404596
0.757109375,-0.03551854156530098
0.75712890625,-0.17649622293080985
0.7571484375,0.08461396229843493
0.75716796875,0.48886932250567294
0.7571875,0.4468804044692636
0.75720703125,-0.06917657299295343
0.7572265625,-0.13649972972500807
0.75724609375,0.18587989851040446
0.757265625,0.5089163037444614
0.75728515625,0.9184092687307837
0.7573046875,0.8812169038157589
0.75732421875,0.497161456168323
0.75734375,0.37198219676633126
0.75736328125,0.5313916421378142
0.7573828125,0.7993221798219268
0.75740234375,0.7840502686668893
0.757421875,0.5567340201556961
0.75744140625,0.4013074689216878
0.7574609375,0.3584623479765426
0.75748046875,0.6467582813397872
0.7575,0.954267440092444
0.75751953125,0.9673381203653677
0.7575390625,0.9643269839821884
0.75755859375,1.0447226911775802
0.757578125,1.0580177310392973
0.75759765625,0.8164652106171059
0.7576171875,0.47578789744734196
0.75763671875,0.2405418769496633
0.75765625,0.1523168001278971
0.75767578125,0.04804969648452043
0.7576953125,-0.39786572789264596
0.75771484375,-0.5624194440495123
0.757734375,-0.2942250515404749
0.75775390625,-0.296981222969286
0.7577734375,-0.2167378590215872
0.75779296875,-0.05301557616639178
0.7578125,-0.10417967222017081
0.75783203125,-0.050383684667030235
0.7578515625,-0.0847083252539807
0.75787109375,-0.18092414935364012
0.757890625,-0.1484191634551378
0.75791015625,-0.30526392846188277
0.7579296875,-0.5118287665862041
0.75794921875,-0.5596349299361243
0.75796875,-0.5821409127819823
0.75798828125,-0.3870827317835668
0.7580078125,-0.08355834182021082
0.75802734375,0.011944304150394044
0.758046875,0.1709903367020181
0.75806640625,0.38279833085706216
0.7580859375,0.32831399172683917
0.75810546875,0.21737893188393276
0.758125,0.2778133484688331
0.75814453125,0.23180983141536407
0.7581640625,0.03933348078655671
0.75818359375,0.014643873129477555
0.758203125,-0.10060137043750056
0.75822265625,-0.3602946034168478
0.7582421875,-0.2865194048975505
0.75826171875,-0.07194971705198275
0.75828125,-0.0011689598431709313
0.75830078125,-0.10130388614784333
0.7583203125,-0.28250915016229816
0.75833984375,-0.03958858497754661
0.758359375,0.2955632060419182
0.75837890625,0.17372752704178307
0.7583984375,0.15125936264900625
0.75841796875,0.18988735748075722
0.7584375,-0.052720403418113994
0.75845703125,-0.0938072846514695
0.7584765625,0.1111466359990821
0.75849609375,0.2565003804709567
0.758515625,0.2752309620637979
0.75853515625,0.25073387244293177
0.7585546875,0.32549500403910425
0.75857421875,0.3680649377135525
0.75859375,0.36692175359875845
0.75861328125,0.38522768975689237
0.7586328125,0.3677197016388385
0.75865234375,0.3526259320556821
0.758671875,0.41069620683191654
0.75869140625,0.5541873964448257
0.7587109375,0.3611951212728268
0.75873046875,0.0013203755033946649
0.75875,0.15150906826288313
0.75876953125,0.27107822755407823
0.7587890625,0.07765015362036982
0.75880859375,0.0831869014560036
0.758828125,0.23978802939289307
0.75884765625,0.32381684490559076
0.7588671875,0.247856213011306
0.75888671875,0.2379414575844953
0.75890625,0.3260835524202227
0.75892578125,0.06647062702018865
0.7589453125,-0.3836480438935166
0.75896484375,-0.4198566860570445
0.758984375,-0.25429598209529325
0.75900390625,-0.4160374732933703
0.7590234375,-0.5400925232155402
0.75904296875,-0.349670085696318
0.7590625,-0.04980921580981286
0.75908203125,0.1627444154473269
0.7591015625,-0.0014080402313642812
0.75912109375,-0.22041630863094996
0.759140625,-0.21844150448655908
0.75916015625,-0.30155833767474494
0.7591796875,-0.39522311086576506
0.75919921875,-0.41898151484443386
0.75921875,-0.24602603234757348
0.75923828125,0.15600983646638777
0.7592578125,0.11638616315760543
0.75927734375,-0.2403793859010902
0.759296875,-0.24652229199867942
0.75931640625,-0.06887218101235595
0.7593359375,0.06803731767625552
0.75935546875,0.07825083309111683
0.759375,-0.015091793351104891
0.75939453125,-0.10225797501967607
0.7594140625,-0.17387511950140955
0.75943359375,-0.19556515060120722
0.759453125,-0.36683307633317136
0.75947265625,-0.4184715999176219
0.7594921875,-0.006550253612099301
0.75951171875,0.21053585369623654
0.75953125,-0.022737728952024513
0.75955078125,-0.1752595789309362
0.7595703125,-0.20357102942432323
0.75958984375,-0.28155551625513503
0.759609375,-0.20196123115936068
0.75962890625,-0.07909243288428719
0.7596484375,-0.28568477586845364
0.75966796875,-0.4832796806297459
0.7596875,-0.3674509025374791
0.75970703125,-0.39188036761938366
0.7597265625,-0.6169320509881383
0.75974609375,-0.5612777932831955
0.759765625,-0.3949081168170804
0.75978515625,-0.5519048154742422
0.7598046875,-0.782429654023144
0.75982421875,-0.6714838559507769
0.75984375,-0.47595371936923236
0.75986328125,-0.5653982662233228
0.7598828125,-0.6371910715590084
0.75990234375,-0.5378943224073468
0.759921875,-0.3728547678076568
0.75994140625,-0.31189034662633286
0.7599609375,-0.5749294682645844
0.75998046875,-0.5109166736890336
0.76,0.05956033873928154
0.76001953125,0.3287665471813837
0.7600390625,0.18786675977574901
0.76005859375,-0.18398137060167413
0.760078125,-0.327550938946949
0.76009765625,-0.005101719360145349
0.7601171875,-0.08907553143304536
0.76013671875,-0.47100272375097807
0.76015625,-0.40821717092301246
0.76017578125,-0.2533142667738929
0.7601953125,-0.2784602425641397
0.76021484375,-0.46509320779051455
0.760234375,-0.703992440409873
0.76025390625,-0.7176416509434472
0.7602734375,-0.6331511639312062
0.76029296875,-0.5632486382367312
0.7603125,-0.45940610640973445
0.76033203125,-0.40716736549399135
0.7603515625,-0.3670254781522414
0.76037109375,-0.2745928611661098
0.760390625,-0.3411984111209383
0.76041015625,-0.5511097922093788
0.7604296875,-0.4488486234236291
0.76044921875,-0.10976453349765686
0.76046875,-0.02224780877603475
0.76048828125,-0.14818662313796954
0.7605078125,-0.07047934341078378
0.76052734375,0.2241279150949119
0.760546875,0.2550556749212524
0.76056640625,0.1185319445052693
0.7605859375,0.2536783974382375
0.76060546875,0.4564202793854768
0.760625,0.47902878118257053
0.76064453125,0.3515769317907864
0.7606640625,0.19186178593923386
0.76068359375,0.2142185111148346
0.760703125,0.351931744305818
0.76072265625,0.27204651264199375
0.7607421875,-0.11277763362710719
0.76076171875,-0.35780870063957754
0.76078125,-0.22939026042430027
0.76080078125,-0.14573028217676828
0.7608203125,-0.11802185749607125
0.76083984375,-0.12281563825100612
0.760859375,-0.42525911828936236
0.76087890625,-0.5678529390408706
0.7608984375,-0.356182219751798
0.76091796875,-0.3040472574829336
0.7609375,-0.46384357641774454
0.76095703125,-0.5026119961761284
0.7609765625,-0.3701149392816464
0.76099609375,-0.44783344427773764
0.761015625,-0.7917484414208596
0.76103515625,-0.8883270862897866
0.7610546875,-0.704319464659469
0.76107421875,-0.6284487862049026
0.76109375,-0.7093276640782487
0.76111328125,-0.7654627637114029
0.7611328125,-0.7118847648332483
0.76115234375,-0.8013076396321113
0.761171875,-0.9946418103762833
0.76119140625,-0.7100881724136291
0.7612109375,-0.2244464037551463
0.76123046875,-0.24980470920307898
0.76125,-0.42539625228381395
0.76126953125,-0.28506811103350227
0.7612890625,-0.1809100204771708
0.76130859375,-0.3743840791229727
0.761328125,-0.49715440429303864
0.76134765625,-0.3850774764635694
0.7613671875,-0.336833255301895
0.76138671875,-0.3762510301709081
0.76140625,-0.3723895687970503
0.76142578125,-0.3318626652014508
0.7614453125,-0.3104341673354794
0.76146484375,-0.3992121650710648
0.761484375,-0.4182983044124213
0.76150390625,-0.20774092087545354
0.7615234375,-0.16366595805719922
0.76154296875,-0.2073937870542107
0.7615625,-0.0022473536107665906
0.76158203125,-0.12191544758919887
0.7616015625,-0.5231854134410329
0.76162109375,-0.6433712570704313
0.761640625,-0.5180413436975615
0.76166015625,-0.27104875585329735
0.7616796875,-0.2626746440261981
0.76169921875,-0.2620946425535106
0.76171875,0.05332803683362965
0.76173828125,0.18202342800884563
0.7617578125,0.1601900426960739
0.76177734375,0.2385147525377599
0.761796875,0.20658068308212996
0.76181640625,-0.008763626536122275
0.7618359375,-0.11567359563006051
0.76185546875,0.023139345417646236
0.761875,0.16833366287090512
0.76189453125,0.26775835131458275
0.7619140625,0.3533173087554195
0.76193359375,0.5033126559952469
0.761953125,0.6553408374587675
0.76197265625,0.4557259005066402
0.7619921875,0.2563914918952561
0.76201171875,0.4444485051190411
0.76203125,0.5923647469502379
0.76205078125,0.5459909056590916
0.7620703125,0.3450660128489529
0.76208984375,0.10815940763417822
0.762109375,0.08139219093766253
0.76212890625,0.08144707718819037
0.7621484375,0.07950622459362361
0.76216796875,0.16784758339093792
0.7621875,0.14941664087170828
0.76220703125,-0.023211817231299572
0.7622265625,-0.014889104619147109
0.76224609375,0.21267938708915768
0.762265625,0.3008610108062576
0.76228515625,0.40304200618308916
0.7623046875,0.3439686809742534
0.76232421875,-0.10078756519589442
0.76234375,-0.12755368869543857
0.76236328125,0.17675722948377115
0.7623828125,0.13318308847429194
0.76240234375,-0.014746110031337308
0.762421875,-0.14797970877529382
0.76244140625,-0.11816946788119088
0.7624609375,0.05941545926193613
0.76248046875,0.05204634662561495
0.7625,0.1624224445070513
0.76251953125,0.24484643923040983
0.7625390625,0.13475463347486144
0.76255859375,0.15248622626448513
0.762578125,-0.039873383840953444
0.76259765625,-0.07065224277150677
0.7626171875,0.4348675686523218
0.76263671875,0.6360231675334465
0.76265625,0.6266060000190378
0.76267578125,0.5622423293889484
0.7626953125,0.22515787014545316
0.76271484375,0.33057085878749376
0.762734375,0.5516873975077853
0.76275390625,0.3107523625865944
0.7627734375,0.13533968487499035
0.76279296875,-0.1212808212981608
0.7628125,-0.34914594375811986
0.76283203125,0.06809899509284711
0.7628515625,0.5246121066081904
0.76287109375,0.25763578215889277
0.762890625,-0.19508675665688718
0.76291015625,-0.20689707932317064
0.7629296875,-0.10941315064985667
0.76294921875,-0.27561402395807927
0.76296875,-0.5621594188144443
0.76298828125,-0.5683704074026251
0.7630078125,-0.44799496504358005
0.76302734375,-0.47051293404249656
0.763046875,-0.3785190460486686
0.76306640625,-0.418646584740973
0.7630859375,-0.4411964860982645
0.76310546875,-0.15363900511691153
0.763125,-0.004449558290515354
0.76314453125,0.1481256769280771
0.7631640625,0.2523575980873817
0.76318359375,0.18657885476531932
0.763203125,0.2624364077879722
0.76322265625,0.2630904397797458
0.7632421875,0.24066874590995269
0.76326171875,0.26021949586927495
0.76328125,0.023141525196404365
0.76330078125,-0.0739643899974951
0.7633203125,0.30506714050210765
0.76333984375,0.6905609080450731
0.763359375,0.7372253675403271
0.76337890625,0.5724137025699592
0.7633984375,0.51408679618739
0.76341796875,0.6076455899134124
0.7634375,0.7062429509651118
0.76345703125,0.8792242953399856
0.7634765625,0.8280548575642483
0.76349609375,0.506526619107744
0.763515625,0.40858157251090377
0.76353515625,0.2639008496806278
0.7635546875,-0.046582905730547366
0.76357421875,6.958652859022363e-05
0.76359375,0.17216046248976638
0.76361328125,0.11281269181923732
0.7636328125,0.08061321104851192
0.76365234375,0.1324363771519917
0.763671875,0.2509559249789885
0.76369140625,0.41306442276564603
0.7637109375,0.42766148975175255
0.76373046875,0.42019031581466554
0.76375,0.3578456657222814
0.76376953125,0.18813883932852296
0.7637890625,-0.005334849219212692
0.76380859375,-0.3411840619300263
0.763828125,-0.42340443219676605
0.76384765625,-0.20607167837445242
0.7638671875,-0.13206436111093112
0.76388671875,-0.07230068759608513
0.76390625,0.029118604960556092
0.76392578125,0.19055989000850215
0.7639453125,0.29614280689714917
0.76396484375,0.2606866313399272
0.763984375,0.38808230377335123
0.76400390625,0.41101127066219156
0.7640234375,0.31170815164894977
0.76404296875,0.34988270072422994
0.7640625,0.2326624057938319
0.76408203125,0.30567510298272593
0.7641015625,0.5402520842752122
0.76412109375,0.30396217388868124
0.764140625,0.23911379014223164
0.76416015625,0.4292505809553987
0.7641796875,0.20805264007631932
0.76419921875,0.21191797110121136
0.76421875,0.5740494997883449
0.76423828125,0.7194493570872358
0.7642578125,0.5853938068525597
0.76427734375,0.11009102135384678
0.764296875,-0.021858469090880878
0.76431640625,0.2547403297593835
0.7643359375,-0.10095109084981303
0.76435546875,-0.42977413927743896
0.764375,-0.16215921415693285
0.76439453125,-0.23330034267092198
0.7644140625,-0.41004745140921045
0.76443359375,-0.08329512945005713
0.764453125,0.3015603514193833
0.76447265625,0.4829179765980691
0.7644921875,0.586366390415292
0.76451171875,0.7109311787770403
0.76453125,0.719398696839003
0.76455078125,0.5504866537927882
0.7645703125,0.7133657561737927
0.76458984375,0.9434028359161888
0.764609375,0.6811540672795677
0.76462890625,0.556579447427687
0.7646484375,0.5841821052590793
0.76466796875,0.3809052910626438
0.7646875,0.3858544960832912
0.76470703125,0.5173007930121435
0.7647265625,0.6651023857676017
0.76474609375,1.0125205323913307
0.764765625,1.1291121473483696
0.76478515625,0.9002642150420346
0.7648046875,0.6929708463871336
0.76482421875,0.6762838971653299
0.76484375,0.704827559728831
0.76486328125,0.41662380275418087
0.7648828125,0.026311918740752695
0.76490234375,-0.03383032134902858
0.764921875,0.14186162639447092
0.76494140625,0.2810853676097793
0.7649609375,0.155630286915496
0.76498046875,-0.09622291257297184
0.765,-0.12886676267021216
0.76501953125,-0.002433058172059387
0.7650390625,0.03765383065002165
0.76505859375,0.05622008191861382
0.765078125,-0.03035496282290817
0.76509765625,-0.36821550634647177
0.7651171875,-0.40851829145036656
0.76513671875,-0.15356151886760597
0.76515625,-0.18495235714770672
0.76517578125,-0.22798656926859115
0.7651953125,-0.12598435030506822
0.76521484375,-0.014429082152584274
0.765234375,0.1342028535182464
0.76525390625,0.11795344791935715
0.7652734375,0.18758461660599576
0.76529296875,0.6017709327092304
0.7653125,0.8407862909345872
0.76533203125,0.6972401178128733
0.7653515625,0.5926974054793928
0.76537109375,0.6009514686421262
0.765390625,0.6015644003433607
0.76541015625,0.695546163676074
0.7654296875,0.681157322839003
0.76544921875,0.482916277297705
0.76546875,0.5689312085199918
0.76548828125,0.9244075534876782
0.7655078125,0.9257253760181129
0.76552734375,0.5645444254455756
0.765546875,0.3883406088008292
0.76556640625,0.3626611180884463
0.7655859375,0.2425056380723377
0.76560546875,0.1209119888166199
0.765625,0.028569806984227654
0.76564453125,0.14870245894256484
0.7656640625,0.3718868507028703
0.76568359375,0.16497233295604347
0.765703125,-0.17970984238560453
0.76572265625,-0.2803672460807984
0.7657421875,-0.24490637049433955
0.76576171875,-0.017257514472480334
0.76578125,0.11181891715768436
0.76580078125,-0.05774954783827076
0.7658203125,-0.36400473462160426
0.76583984375,-0.7092792588433512
0.765859375,-0.8150181253354079
0.76587890625,-0.6839967160515336
0.7658984375,-0.5673722656139434
0.76591796875,-0.5488678698267009
0.7659375,-0.6019869235409554
0.76595703125,-0.5235175426366487
0.7659765625,-0.39497251257755206
0.76599609375,-0.32525767433305675
0.766015625,-0.08945623156420196
0.76603515625,0.08025281241637655
0.7660546875,0.07521081067624266
0.76607421875,0.1794517524077094
0.76609375,0.18789282860453493
0.76611328125,0.13244005025629368
0.7661328125,0.244946963295677
0.76615234375,0.30756887716371856
0.766171875,0.22738138974446906
0.76619140625,0.022415392609221235
0.7662109375,-0.14792914171898122
0.76623046875,-0.0064397195751916825
0.76625,0.26652440153556334
0.76626953125,0.47953888673523803
0.7662890625,0.5601592198810668
0.76630859375,0.39156182500293985
0.766328125,0.3366365727983488
0.76634765625,0.39320775129325447
0.7663671875,0.1934957048049281
0.76638671875,0.06964620787329381
0.76640625,0.06946867678100416
0.76642578125,-0.01262787040124984
0.7664453125,0.0793420578290067
0.76646484375,0.2113145598129148
0.766484375,0.031321225289171875
0.76650390625,-0.2781920186309214
0.7665234375,-0.3079113655199354
0.76654296875,-0.11405865507871105
0.7665625,-0.022239767683056064
0.76658203125,0.09292986951759008
0.7666015625,0.31075015425074903
0.76662109375,0.4678910677307282
0.766640625,0.630482862025638
0.76666015625,0.6890251324294808
0.7666796875,0.5038792641940105
0.76669921875,0.2370266282354968
0.76671875,0.18419805668131262
0.76673828125,0.45851162552642344
0.7667578125,0.5098290355496771
0.76677734375,0.16113313568707338
0.766796875,-0.0007366219070124719
0.76681640625,0.13344251242357713
0.7668359375,0.3000041101279747
0.76685546875,0.28539846934645563
0.766875,0.1399999191617264
0.76689453125,0.05317148961092216
0.7669140625,-0.09650312148980869
0.76693359375,-0.24384174731447522
0.766953125,-0.19476626464954377
0.76697265625,-0.06322463594383018
0.7669921875,-0.07600466795704033
0.76701171875,-0.14800081797441417
0.76703125,-0.07959525711818222
0.76705078125,-0.24674404041116269
0.7670703125,-0.6827437195670232
0.76708984375,-0.7337569957076518
0.767109375,-0.6342439076679147
0.76712890625,-0.8472448807567103
0.7671484375,-0.679012471529646
0.76716796875,-0.19124013807164197
0.7671875,-0.23667404179660312
0.76720703125,-0.2566464005866521
0.7672265625,0.03365977137033667
0.76724609375,-0.021870098789887382
0.767265625,-0.2028942138114489
0.76728515625,-0.009044536608173642
0.7673046875,0.35944769483296496
0.76732421875,0.3742752679489398
0.76734375,0.24839459808497724
0.76736328125,0.3777714567232303
0.7673828125,0.24173771580557327
0.76740234375,-0.15209327954120658
0.767421875,-0.09030993771957645
0.76744140625,0.3104777572296147
0.7674609375,0.3366900882220496
0.76748046875,-0.12417641645637556
0.7675,-0.3505092547008517
0.76751953125,-0.16418434496003403
0.7675390625,-0.1883276301032561
0.76755859375,-0.5076613548366026
0.767578125,-0.6745277295684573
0.76759765625,-0.5280610249589095
0.7676171875,-0.4153322960694381
0.76763671875,-0.4012822891566492
0.76765625,-0.39578570898736964
0.76767578125,-0.634395725486496
0.7676953125,-0.8191593021997414
0.76771484375,-0.8526666847912552
0.767734375,-0.9826434463938276
0.76775390625,-0.9400493821317994
0.7677734375,-0.6812110495144655
0.76779296875,-0.33751091962771224
0.7678125,-0.15507280256968892
0.76783203125,-0.4071513653057459
0.7678515625,-0.6736065282376051
0.76787109375,-0.5125271851907693
0.767890625,-0.2766847062803054
0.76791015625,-0.5070163147339035
0.7679296875,-0.8325826105882312
0.76794921875,-0.6610803492588304
0.76796875,-0.35445197517848404
0.76798828125,-0.23889834927694145
0.7680078125,-0.12425163652196043
0.76802734375,-0.06527548790711096
0.768046875,-0.09571068276728585
0.76806640625,-0.0031084705552423724
0.7680859375,0.04490018270094399
0.76810546875,-0.09862096852931908
0.768125,-0.21075443925879972
0.76814453125,-0.4189707479776029
0.7681640625,-0.6309246056215811
0.76818359375,-0.6280516205661557
0.768203125,-0.7031768232913619
0.76822265625,-0.8127438012230225
0.7682421875,-0.7409221916373789
0.76826171875,-0.434998902964434
0.76828125,-0.290970310855886
0.76830078125,-0.6742010872776388
0.7683203125,-0.802745485746369
0.76833984375,-0.6559628547309186
0.768359375,-0.8748837378390459
0.76837890625,-0.9405929738930892
0.7683984375,-0.6918408680916184
0.76841796875,-0.4686211964358408
0.7684375,-0.3927739977095464
0.76845703125,-0.2917304396911309
0.7684765625,0.07035701143478755
0.76849609375,0.023141345587652656
0.768515625,-0.25088435376727175
0.76853515625,0.051675356763551276
0.7685546875,0.22006944754157431
0.76857421875,0.008855580258185848
0.76859375,-0.08507099697750282
0.76861328125,-0.09072748230879711
0.7686328125,0.0637423141270053
0.76865234375,0.12298018301790722
0.768671875,0.03814592301147232
0.76869140625,0.18758325623333622
0.7687109375,0.33091913708887066
0.76873046875,0.40218023110874795
0.76875,0.303978793153279
0.76876953125,0.04669979635287558
0.7687890625,0.10995739658325808
0.76880859375,0.11508630582257126
0.768828125,-0.04311633330994961
0.76884765625,-0.06875928365950472
0.7688671875,-0.35923179677372963
0.76888671875,-0.7349645911839127
0.76890625,-0.7599924617907772
0.76892578125,-0.6304083316894675
0.7689453125,-0.5322340472271442
0.76896484375,-0.5559765212403096
0.768984375,-0.7305460837535267
0.76900390625,-0.7952248120526755
0.7690234375,-0.6425093539979632
0.76904296875,-0.548195661617115
0.7690625,-0.6709582325046858
0.76908203125,-0.8561929814244109
0.7691015625,-0.8954377978038333
0.76912109375,-0.858380677661515
0.769140625,-1.0318660492396767
0.76916015625,-1.3787028229375773
0.7691796875,-1.440018915228766
0.76919921875,-0.9720631940255973
0.76921875,-0.4623433023085193
0.76923828125,-0.5118254412580999
0.7692578125,-0.6951982216364321
0.76927734375,-0.3713039895941152
0.769296875,-0.02008275533938761
0.76931640625,-0.14143634199917873
0.7693359375,-0.4804138494612876
0.76935546875,-0.6980722663237684
0.769375,-0.6424057486116321
0.76939453125,-0.5270007411432507
0.7694140625,-0.38366902160230887
0.76943359375,-0.12200904954541796
0.769453125,-0.13835506020424937
0.76947265625,-0.3389754240949555
0.7694921875,-0.3431095321776822
0.76951171875,-0.2641849333784466
0.76953125,-0.15803877035169778
0.76955078125,-0.21519446217022145
0.7695703125,-0.5027501010890159
0.76958984375,-0.4142263358773809
0.769609375,-0.02305147060508228
0.76962890625,-0.08914556497277171
0.7696484375,-0.42627475293329853
0.76966796875,-0.5179217797635022
0.7696875,-0.37847303951177147
0.76970703125,-0.30350126942772016
0.7697265625,-0.34757793759158323
0.76974609375,-0.10583781312001664
0.769765625,0.12188042886037578
0.76978515625,0.053594448726398944
0.7698046875,0.07728926172450769
0.76982421875,0.03234089901185751
0.76984375,-0.06784905779332387
0.76986328125,-0.27954219775619144
0.7698828125,-0.4730933717129262
0.76990234375,-0.13981598617573182
0.769921875,-0.11056276251585623
0.76994140625,-0.3815811786194762
0.7699609375,-0.17265721063268166
0.76998046875,-0.0015885735425794235
0.77,0.004326020030926119
0.77001953125,-0.07195474623285684
0.7700390625,-0.08728419168149086
0.77005859375,0.2392352585414515
0.770078125,0.2140364038046868
0.77009765625,-0.2334598422082557
0.7701171875,-0.1693668958225177
0.77013671875,0.29365013374275345
0.77015625,0.41855043577681017
0.77017578125,0.3414395865969725
0.7701953125,0.35507108107756497
0.77021484375,0.13772387724972107
0.770234375,-0.15428445615774164
0.77025390625,-0.06574400684079222
0.7702734375,-0.0065377853570084965
0.77029296875,-0.1688861544346958
0.7703125,-0.1834243448282988
0.77033203125,-0.20073972428862633
0.7703515625,-0.4723514498801307
0.77037109375,-0.6304691734163144
0.770390625,-0.2846432006302762
0.77041015625,0.13260009293865033
0.7704296875,0.18070288953015123
0.77044921875,0.08300488710530177
0.77046875,0.1565522638120929
0.77048828125,0.2751950166410516
0.7705078125,0.29422922590056205
0.77052734375,0.7072242764004185
0.770546875,1.0369904194763906
0.77056640625,0.6632630961179258
0.7705859375,0.6043614503531607
0.77060546875,0.8526654721053363
0.770625,0.7080011884135873
0.77064453125,0.422074264904889
0.7706640625,0.11676546992156918
0.77068359375,0.13703335344713136
0.770703125,0.4461628313682301
0.77072265625,0.5730137185320345
0.7707421875,0.52530758024473
0.77076171875,0.19512577635706826
0.77078125,-0.03574692125184499
0.77080078125,0.10531861967513886
0.7708203125,0.11186723518266266
0.77083984375,0.0723344485035453
0.770859375,0.1724790523976894
0.77087890625,0.1907496092091116
0.7708984375,0.07151115671045483
0.77091796875,-0.08549923435128341
0.7709375,-0.01710271849859902
0.77095703125,0.05683250572721582
0.7709765625,-0.4014130012278172
0.77099609375,-0.7971407728373618
0.771015625,-0.5060231271333694
0.77103515625,-0.34033784548462775
0.7710546875,-0.663989630927567
0.77107421875,-0.7723450533673876
0.77109375,-0.564161189574785
0.77111328125,-0.3759287360251451
0.7711328125,-0.24662118144389109
0.77115234375,-0.22605265716134076
0.771171875,-0.24268570882256765
0.77119140625,0.04401145257253207
0.7712109375,0.45532349648069825
0.77123046875,0.4084431857359533
0.77125,0.157207239449156
0.77126953125,0.2827352855516504
0.7712890625,0.4146378186366376
0.77130859375,0.18755129271130103
0.771328125,0.12121263484197857
0.77134765625,0.35786548344047847
0.7713671875,0.3993168577198023
0.77138671875,0.1385962811285671
0.77140625,-0.1379780829391516
0.77142578125,-0.09568622103363397
0.7714453125,0.09051762715976726
0.77146484375,-0.0005558798530059693
0.771484375,0.017577434286204938
0.77150390625,0.3510752954434257
0.7715234375,0.570255181101256
0.77154296875,0.6164644586264644
0.7715625,0.5988309204552829
0.77158203125,0.551487707589157
0.7716015625,0.3550266269310014
0.77162109375,0.03411821590348732
0.771640625,-0.09850706784650554
0.77166015625,-0.13110826098336018
0.7716796875,-0.17829313827777463
0.77169921875,-0.16513325409539964
0.77171875,-0.06734041727978358
0.77173828125,0.057084397982546844
0.7717578125,-0.06548911253993489
0.77177734375,-0.18230136036756983
0.771796875,-0.04228691954441409
0.77181640625,0.0038036069732196396
0.7718359375,0.0480782025923171
0.77185546875,0.07403305476356895
0.771875,-0.13072696595010536
0.77189453125,-0.2595857462669002
0.7719140625,-0.18706003949926628
0.77193359375,-0.16482294666518577
0.771953125,-0.3228543247351671
0.77197265625,-0.18321068976530083
0.7719921875,0.331553350338846
0.77201171875,0.3802656151594559
0.77203125,0.11738688750592854
0.77205078125,0.26804963212983524
0.7720703125,0.6046222602325878
0.77208984375,0.6410165059844977
0.772109375,0.43755663115535576
0.77212890625,0.5652069047065028
0.7721484375,0.8307264633348166
0.77216796875,0.614934313242511
0.7721875,0.4601270530411046
0.77220703125,0.39840995969205145
0.7722265625,0.037924424808770923
0.77224609375,0.09344581077529786
0.772265625,0.3865599656226254
0.77228515625,0.1594897113423182
0.7723046875,-0.32621888298889784
0.77232421875,-0.47404760505972465
0.77234375,-0.015513650351094102
0.77236328125,0.24136112997331693
0.7723828125,-0.10486681448031597
0.77240234375,-0.05917303521833783
0.772421875,0.34814566245877604
0.77244140625,0.39706357100532974
0.7724609375,0.4774815006552556
0.77248046875,0.729895473594514
0.7725,0.7987277056913502
0.77251953125,0.897621619135563
0.7725390625,0.951277524187439
0.77255859375,0.7869651410399924
0.772578125,0.6617428486854781
0.77259765625,0.6518285635863879
0.7726171875,0.7162077122878271
0.77263671875,0.5246570513690164
0.77265625,0.25962173138216293
0.77267578125,0.5104610426839815
0.7726953125,0.7984835760331116
0.77271484375,0.9739614132947182
0.772734375,1.3661248050417176
0.77275390625,1.4380610696687013
0.7727734375,0.9664825472510469
0.77279296875,0.5206899451099316
0.7728125,0.4285641478394762
0.77283203125,0.40848643402495655
0.7728515625,0.2654366958372165
0.77287109375,0.1290140176637682
0.772890625,-0.007867261514734597
0.77291015625,0.041390062944660765
0.7729296875,0.27251992093195765
0.77294921875,0.25374216179623055
0.77296875,0.1627873507203446
0.77298828125,0.2486196515361414
0.7730078125,0.2775795682100522
0.77302734375,0.33715021118271105
0.773046875,0.31227594639346296
0.77306640625,-0.15298972283143994
0.7730859375,-0.4022152356655699
0.77310546875,-0.018547845318476162
0.773125,0.2268165920695655
0.77314453125,0.1972912036216823
0.7731640625,0.31253251158118306
0.77318359375,0.48408660858705277
0.773203125,0.5327425452917103
0.77322265625,0.3971494819648203
0.7732421875,0.29452161118169523
0.77326171875,0.4166187068043493
0.77328125,0.5108594419706624
0.77330078125,0.4924580915186433
0.7733203125,0.496899959002019
0.77333984375,0.5048999291357301
0.773359375,0.4538534879374583
0.77337890625,0.41579413609318827
0.7733984375,0.5448188170123325
0.77341796875,0.6582770826664517
0.7734375,0.5030831947891161
0.77345703125,0.4000108070109477
0.7734765625,0.5721344835492088
0.77349609375,0.676322556850803
0.773515625,0.7098489612793365
0.77353515625,0.7370655409564527
0.7735546875,0.6257023278271372
0.77357421875,0.5786882417053791
0.77359375,0.458728926697199
0.77361328125,0.2916444435696527
0.7736328125,0.35275006932036124
0.77365234375,0.2739568873293722
0.773671875,0.13090040196752994
0.77369140625,0.12664916978629992
0.7737109375,0.03579887552285434
0.77373046875,0.1702318036931552
0.77375,0.45090606615561757
0.77376953125,0.2668399414783217
0.7737890625,-0.07044838122696553
0.77380859375,-0.032439653112453185
0.773828125,0.15716805805480055
0.77384765625,0.1431489013584014
0.7738671875,-0.11195264830379198
0.77388671875,-0.20289576038324902
0.77390625,0.11940795191512309
0.77392578125,0.23113289756116334
0.7739453125,-0.12844777535527407
0.77396484375,-0.35734622671994715
0.773984375,-0.2452073820120632
0.77400390625,-0.025479060532952204
0.7740234375,0.06909473690327991
0.77404296875,0.007927966483713848
0.7740625,-0.03012743463278513
0.77408203125,0.037423932694397394
0.7741015625,0.15054782887840168
0.77412109375,0.21204559408933316
0.774140625,0.34832270727880776
0.77416015625,0.38810767001757857
0.7741796875,0.0758754232916823
0.77419921875,-0.028823103990874996
0.77421875,0.14961068075826736
0.77423828125,0.10395587241615245
0.7742578125,0.05973671718168896
0.77427734375,0.26802748530292575
0.774296875,0.42971101516738847
0.77431640625,0.24788386003346677
0.7743359375,-0.0051615720581702305
0.77435546875,-0.014242467375510518
0.774375,0.08181605138208528
0.77439453125,0.24359345509471325
0.7744140625,0.18396766681652832
0.77443359375,-0.12164122908914309
0.774453125,-0.13828395274637106
0.77447265625,-0.11113575548845532
0.7744921875,-0.23171050656906206
0.77451171875,-0.0670841030468412
0.77453125,0.28201446870239927
0.77455078125,0.4445012270708389
0.7745703125,0.501134432576016
0.77458984375,0.6114780017900477
0.774609375,0.4999305816329467
0.77462890625,0.3518112380731594
0.7746484375,0.5062553515664641
0.77466796875,0.3982910110498473
0.7746875,0.2448551163806709
0.77470703125,0.46150456525503103
0.7747265625,0.3536539201938511
0.77474609375,0.16827643453008045
0.774765625,0.4620946305521905
0.77478515625,0.652428003565023
0.7748046875,0.32801818566913127
0.77482421875,-0.11390074837095093
0.77484375,-0.04943375277730008
0.77486328125,0.26914173692246296
0.7748828125,0.05588182883870567
0.77490234375,-0.2976224045866249
0.774921875,-0.18334927413861016
0.77494140625,-0.15577316190103857
0.7749609375,-0.37518188436013655
0.77498046875,-0.33300211711170113
0.775,-0.2736406448294754
0.77501953125,-0.4534903932912231
0.7750390625,-0.5916322700080925
0.77505859375,-0.6734646650095648
0.775078125,-0.7411945996466337
0.77509765625,-0.8190582180497533
0.7751171875,-0.8847779668356874
0.77513671875,-0.8138587003113542
0.77515625,-0.8369778734941772
0.77517578125,-0.8144033602478257
0.7751953125,-0.43511740227964707
0.77521484375,-0.20813631210065273
0.775234375,-0.2521646480482239
0.77525390625,0.02735302936228562
0.7752734375,0.40514328861537185
0.77529296875,0.31839718099980624
0.7753125,0.02269895154234043
0.77533203125,-0.04104665281522936
0.7753515625,0.19578720142991252
0.77537109375,0.25742410967891466
0.775390625,0.011873289080981446
0.77541015625,0.12719917717705714
0.7754296875,0.3808226369547214
0.77544921875,0.17871310216599218
0.77546875,-0.2149527399600683
0.77548828125,-0.2326318894051908
0.7755078125,0.23999206956488378
0.77552734375,0.3901570486171576
0.775546875,0.11013182246048372
0.77556640625,0.035562822584632225
0.7755859375,-0.03688767862525344
0.77560546875,-0.25335186049413133
0.775625,-0.572447370486201
0.77564453125,-0.7672141821457964
0.7756640625,-0.6712294942390735
0.77568359375,-0.8256277018537008
0.775703125,-1.017204734259597
0.77572265625,-1.040661195877715
0.7757421875,-0.9946080857241064
0.77576171875,-0.5564082570585537
0.77578125,-0.5145238410341145
0.77580078125,-0.7815625804082215
0.7758203125,-0.5703609743318562
0.77583984375,-0.5877606022194238
0.775859375,-0.7428983868771004
0.77587890625,-0.7641304637011864
0.7758984375,-0.656306051928768
0.77591796875,-0.22633874515697427
0.7759375,-0.41594777965998286
0.77595703125,-0.9031603570609543
0.7759765625,-0.6033267979874964
0.77599609375,-0.2982836683622316
0.776015625,-0.35416800869629694
0.77603515625,-0.3023560766052981
0.7760546875,0.009267609739390031
0.77607421875,0.33443305640789184
0.77609375,-0.010158748726100085
0.77611328125,-0.3149670816273162
0.7761328125,0.01502026602389087
0.77615234375,-0.06053617370419559
0.776171875,-0.45773837496651915
0.77619140625,-0.6152954234683079
0.7762109375,-0.5836290354507195
0.77623046875,-0.6597271271030951
0.77625,-1.014697235838744
0.77626953125,-0.9486390872804481
0.7762890625,-0.6875468686914407
0.77630859375,-0.7374574401326752
0.776328125,-0.6855681915503857
0.77634765625,-0.7164238374938645
0.7763671875,-0.7759047068516296
0.77638671875,-0.532080531203056
0.77640625,-0.2999410245345789
0.77642578125,-0.3009101913536131
0.7764453125,-0.35375396080994687
0.77646484375,-0.06756610433437754
0.776484375,0.17144431197483967
0.77650390625,-0.1957792904738077
0.7765234375,-0.4495995419198867
0.77654296875,-0.28657724874464713
0.7765625,-0.10762737936205878
0.77658203125,0.08565149373174949
0.7766015625,0.06997146504864742
0.77662109375,0.06690569679026344
0.776640625,0.33665042085032687
0.77666015625,0.45363411819429167
0.7766796875,0.43820549059652647
0.77669921875,0.2428065840011162
0.77671875,0.03499671896701803
0.77673828125,0.20241690302967205
0.7767578125,0.022361144265568345
0.77677734375,-0.4481048030511959
0.776796875,-0.30055483018752316
0.77681640625,-0.07879676383357563
0.7768359375,-0.2092532579381214
0.77685546875,-0.22077589722926838
0.776875,-0.18299034181684543
0.77689453125,-0.2255383098971444
0.7769140625,-0.3760371713649153
0.77693359375,-0.46510563611797373
0.776953125,-0.3925799629465333
0.77697265625,-0.6555728411106507
0.7769921875,-0.8484908659544812
0.77701171875,-0.7846365862491645
0.77703125,-1.0070549567696776
0.77705078125,-0.9647062898460956
0.7770703125,-0.6219061990083119
0.77708984375,-0.5377549758380105
0.777109375,-0.7259941943575338
0.77712890625,-1.0247646724341113
0.7771484375,-1.0186587981757365
0.77716796875,-0.8181118912355914
0.7771875,-0.698201355119182
0.77720703125,-0.6198275686573569
0.7772265625,-0.6494494123072138
0.77724609375,-0.5487659541079659
0.777265625,-0.21249020695935728
0.77728515625,0.023866857485463813
0.7773046875,-0.009118196695020588
0.77732421875,-0.1683564731890559
0.77734375,-0.3509487432976216
0.77736328125,-0.3704258837697529
0.7773828125,-0.09259546754701853
0.77740234375,-0.05858340955862115
0.777421875,-0.36836337814807
0.77744140625,-0.48588438125186256
0.7774609375,-0.450250542781352
0.77748046875,-0.4105301628091692
0.7775,-0.44688725445902644
0.77751953125,-0.6218693546667213
0.7775390625,-0.6253155146232477
0.77755859375,-0.41455312308146985
0.777578125,-0.3310388716150791
0.77759765625,-0.38592444571804124
0.7776171875,-0.3128294637950976
0.77763671875,-0.10197284247202179
0.77765625,-0.08609586190576671
0.77767578125,-0.21941597270736876
0.7776953125,-0.12147999206610485
0.77771484375,-0.07422176883088509
0.777734375,-0.305725015370265
0.77775390625,-0.27729952858381673
0.7777734375,0.19024391691908177
0.77779296875,0.4102759586157256
0.7778125,0.0377654094407634
0.77783203125,-0.1655962207676346
0.7778515625,0.07744399630253347
0.77787109375,0.08749878341460404
0.777890625,-0.26460154870307545
0.77791015625,-0.5752078313655618
0.7779296875,-0.5566266826063198
0.77794921875,-0.43882900298076066
0.77796875,-0.5291558035203923
0.77798828125,-0.5910974798612715
0.7780078125,-0.5072605985503574
0.77802734375,-0.1706418884898694
0.778046875,0.2956299017269824
0.77806640625,0.2289052703398319
0.7780859375,-0.0743938330363762
0.77810546875,0.06356031969340986
0.778125,0.2222470619716211
0.77814453125,0.2000752897518388
0.7781640625,0.2288650817781152
0.77818359375,0.08403044353565853
0.778203125,-0.16033653061015118
0.77822265625,-0.2058815403488457
0.7782421875,-0.08810359884338466
0.77826171875,0.028595986376172805
0.77828125,-0.013786596305506132
0.77830078125,-0.07849938518971726
0.7783203125,0.03350984147804157
0.77833984375,0.0833426568974781
0.778359375,-0.009736192997474667
0.77837890625,0.0324379502749204
0.7783984375,0.03715865953536188
0.77841796875,-0.09661406530322925
0.7784375,-0.13980185548671376
0.77845703125,-0.1450250450204721
0.7784765625,-0.06922049540798823
0.77849609375,0.028848989338369997
0.778515625,0.01416658496312106
0.77853515625,-0.0684617349716755
0.7785546875,-0.10853786992911979
0.77857421875,0.24182680303955129
0.77859375,0.6357245688389574
0.77861328125,0.5515520310492148
0.7786328125,0.45033960992376754
0.77865234375,0.5260459824580068
0.778671875,0.561960819871441
0.77869140625,0.5604177175146592
0.7787109375,0.48447458803783583
0.77873046875,0.43914546159570667
0.77875,0.44294136260626504
0.77876953125,0.3663602502792726
0.7787890625,0.32552999862463194
0.77880859375,0.36280202286879815
0.778828125,0.31157006696507106
0.77884765625,0.16818512299789068
0.7788671875,0.11510420645297414
0.77888671875,0.04790428414883261
0.77890625,-0.12572905727542488
0.77892578125,-0.024843999939763647
0.7789453125,0.3175629868711316
0.77896484375,0.2933914783331622
0.778984375,-0.25627938384125293
0.77900390625,-0.7166133426734084
0.7790234375,-0.731645318575697
0.77904296875,-0.7374759043192193
0.7790625,-0.7409329196761913
0.77908203125,-0.6114968682437254
0.7791015625,-0.6984991199887586
0.77912109375,-0.7084902305484686
0.779140625,-0.48838635261793606
0.77916015625,-0.5157709328191747
0.7791796875,-0.5619826538809616
0.77919921875,-0.32615503683712727
0.77921875,-0.10600811887402596
0.77923828125,-0.14834187561395873
0.7792578125,-0.21819285388930548
0.77927734375,-0.006104553109796726
0.779296875,0.1096972774909652
0.77931640625,0.042507472496517554
0.7793359375,0.2021426665012307
0.77935546875,0.3330769397304213
0.779375,0.190731895319606
0.77939453125,0.12257878442365279
0.7794140625,0.28269474186352894
0.77943359375,0.40789877476545167
0.779453125,0.3827286185778779
0.77947265625,0.19342460610156811
0.7794921875,-0.06695962440930756
0.77951171875,-0.08642721544131818
0.77953125,0.0007909591010359287
0.77955078125,-0.07099381965691702
0.7795703125,-0.2851936024497978
0.77958984375,-0.44014441019328787
0.779609375,-0.22766973001553584
0.77962890625,-0.0570475637787428
0.7796484375,-0.3351668977536367
0.77966796875,-0.4755679863452954
0.7796875,-0.25446248974376506
0.77970703125,-0.15265578457700985
0.7797265625,-0.2878311232543383
0.77974609375,-0.4028908960781269
0.779765625,-0.203635909707471
0.77978515625,0.09830815562692888
0.7798046875,0.0731213010141436
0.77982421875,0.0643431367069374
0.77984375,0.16012691753969646
0.77986328125,-0.03717138141399512
0.7798828125,-0.287353166070824
0.77990234375,-0.23545704801220646
0.779921875,0.07764950485994088
0.77994140625,0.07993257706862222
0.7799609375,-0.2539628451363237
0.77998046875,0.034525762498150564
0.78,0.4208768629561562
0.78001953125,0.22578353996652512
0.7800390625,0.37389344474257236
0.78005859375,0.5139020568653379
0.780078125,0.08055239700156286
0.78009765625,-0.018869196116280414
0.7801171875,0.28012258164881276
0.78013671875,0.5399642196381732
0.78015625,0.6161594641691881
0.78017578125,0.45395936317655516
0.7801953125,0.3787747796773785
0.78021484375,0.28973797055912576
0.780234375,0.33481556945475555
0.78025390625,0.6829492528030798
0.7802734375,0.5960975364845669
0.78029296875,0.24633631321683386
0.7803125,0.11541695798058256
0.78033203125,0.039786897784049965
0.7803515625,0.19439376331248132
0.78037109375,0.42698853858117325
0.780390625,0.4806443576431998
0.78041015625,0.3757744227999512
0.7804296875,0.19519661372111113
0.78044921875,0.17751597282532822
0.78046875,-0.0101812949753117
0.78048828125,-0.29227993757789755
0.7805078125,-0.07394304010486014
0.78052734375,0.17523625285033761
0.780546875,0.17082823011281592
0.78056640625,0.3093267741260641
0.7805859375,0.5718420618560534
0.78060546875,0.9183529899635224
0.780625,1.1074916447589656
0.78064453125,0.9433271562842629
0.7806640625,1.1042400852738083
0.78068359375,1.4419088494158878
0.780703125,1.0801129345669676
0.78072265625,0.7736427265762369
0.7807421875,0.9875706688874473
0.78076171875,0.7062662835239829
0.78078125,0.17120108039861692
0.78080078125,0.24185114706120522
0.7808203125,0.40141595124361024
0.78083984375,0.10632519565509091
0.780859375,-0.06434217183615867
0.78087890625,0.2710896473908836
0.7808984375,0.3366695379145806
0.78091796875,-0.0583726074066577
0.7809375,-0.1245922384638699
0.78095703125,-0.06544374292931418
0.7809765625,-0.14487401342149825
0.78099609375,0.09441559123726849
0.781015625,0.2523689104134434
0.78103515625,-0.002831399918290581
0.7810546875,-0.19734895150106402
0.78107421875,-0.13253616887955877
0.78109375,0.15879087478068019
0.78111328125,0.24602124256003333
0.7811328125,0.10374869306705027
0.78115234375,0.29497968805908137
0.781171875,0.31894143691276666
0.78119140625,0.07779297313103903
0.7812109375,0.22833197711316341
0.78123046875,0.3942320473360226
0.78125,0.2635563812228527
0.78126953125,0.043733689047614474
0.7812890625,-0.08006712923176117
0.78130859375,0.04177229303558354
0.781328125,0.26511949589992273
0.78134765625,0.3489174212082198
0.7813671875,0.23482518050750228
0.78138671875,0.21890679480178177
0.78140625,0.3945551132482511
0.78142578125,0.48692988261571757
0.7814453125,0.4915893759999551
0.78146484375,0.5096125170718299
0.781484375,0.7107015108348886
0.78150390625,0.87181786634363
0.7815234375,0.6356595834887773
0.78154296875,0.5050382725490592
0.7815625,0.6282942276331381
0.78158203125,0.7917587311448959
0.7816015625,0.8971264173387001
0.78162109375,0.5876732916075496
0.781640625,0.3444504561861602
0.78166015625,0.4642817413495136
0.7816796875,0.407652273597796
0.78169921875,0.14601380171565714
0.78171875,-0.20783389622751516
0.78173828125,-0.4181072960414996
0.7817578125,-0.32596294690177624
0.78177734375,-0.11130792453399546
0.781796875,0.1914813409964122
0.78181640625,0.09723008756685196
0.7818359375,-0.4141622898253433
0.78185546875,-0.44471440098811105
0.781875,-0.18024773788468523
0.78189453125,-0.17086601794614376
0.7819140625,-0.09921675266064653
0.78193359375,-0.03195900047981316
0.781953125,-0.16291312939110703
0.78197265625,-0.269352806519772
0.7819921875,-0.3797961086840828
0.78201171875,-0.4455026546652262
0.78203125,-0.37994512518889434
0.78205078125,-0.2786225420481776
0.7820703125,-0.04694163558144451
0.78208984375,0.34934017972443976
0.782109375,0.6089455451297484
0.78212890625,0.4249061233011076
0.7821484375,0.19722804890728532
0.78216796875,0.15767737257410666
0.7821875,-0.06984083118213591
0.78220703125,-0.05219934280417344
0.7822265625,0.113575843499374
0.78224609375,-0.15667914518389064
0.782265625,-0.12589040161828097
0.78228515625,0.10824681969272187
0.7823046875,-0.049854059112020566
0.78232421875,-0.20825078663167906
0.78234375,-0.29823906943655965
0.78236328125,-0.20744312840301243
0.7823828125,-0.16111528305685613
0.78240234375,-0.35197489337462085
0.782421875,-0.23607313580845668
0.78244140625,-0.09856103192587931
0.7824609375,-0.14808855538019194
0.78248046875,-0.1167150897421632
0.7825,-0.11860907801123785
0.78251953125,0.04214878206688459
0.7825390625,0.28426404957438667
0.78255859375,0.23962955090171734
0.782578125,0.14028719039494597
0.78259765625,0.09453571949531689
0.7826171875,0.17259713464647355
0.78263671875,0.6093604001319947
0.78265625,0.8922361894512301
0.78267578125,0.7036726782266235
0.7826953125,0.5413420204923862
0.78271484375,0.5494836528244539
0.782734375,0.6242482407063706
0.78275390625,0.6095221387870754
0.7827734375,0.37210612771176105
0.78279296875,0.2200782778467235
0.7828125,0.1599149838265228
0.78283203125,0.05315337579396605
0.7828515625,0.14790899952512837
0.78287109375,0.33413058471419577
0.782890625,0.2528744159504926
0.78291015625,-0.1657041595590881
0.7829296875,-0.5033772622622028
0.78294921875,-0.4311091505658423
0.78296875,-0.435583018127471
0.78298828125,-0.6535930299575401
0.7830078125,-0.7447318606665756
0.78302734375,-0.836238522870679
0.783046875,-0.8851398109330523
0.78306640625,-0.8081073198837703
0.7830859375,-0.824584276493129
0.78310546875,-0.7797937486277645
0.783125,-0.5401627444760986
0.78314453125,-0.45931119701262646
0.7831640625,-0.578829130609553
0.78318359375,-0.5017739161267265
0.783203125,-0.3298498301175249
0.78322265625,-0.2914053074827309
0.7832421875,-0.10158975090196852
0.78326171875,0.10772669902967551
0.78328125,0.0026892082205250967
0.78330078125,-0.2785015564301008
0.7833203125,-0.4557154389938681
0.78333984375,-0.1274456022391781
0.783359375,0.17620024091837394
0.78337890625,-0.2298638899592794
0.7833984375,-0.454194310659906
0.78341796875,-0.15353546715882832
0.7834375,0.09509947913027295
0.78345703125,0.17579410249009508
0.7834765625,-0.08767914861871874
0.78349609375,-0.3952290413761161
0.783515625,-0.2850058778944067
0.78353515625,0.023797958993738544
0.7835546875,0.20370484818037937
0.78357421875,-0.0864021107455663
0.78359375,-0.4085748533415802
0.78361328125,-0.20836869641029565
0.7836328125,-0.3039193283186796
0.78365234375,-0.6843380423186667
0.783671875,-0.6160461394418615
0.78369140625,-0.6379167306968879
0.7837109375,-0.8827666051008938
0.78373046875,-0.8851533762973407
0.78375,-0.7128128937014906
0.78376953125,-0.7171553429578528
0.7837890625,-0.9255090619552138
0.78380859375,-0.7793560221747609
0.783828125,-0.5528052416625866
0.78384765625,-0.7651196389400456
0.7838671875,-0.7500953945526356
0.78388671875,-0.41770560688112224
0.78390625,-0.40088393884459683
0.78392578125,-0.5263115017257167
0.7839453125,-0.4940353789907169
0.78396484375,-0.32720233283399014
0.783984375,-0.23034291894102832
0.78400390625,-0.46108205745169845
0.7840234375,-0.4625183985934517
0.78404296875,-0.12357312451942377
0.7840625,-0.18963751163411455
0.78408203125,-0.31531135046740366
0.7841015625,-0.04860247153596132
0.78412109375,0.17927633884500505
0.784140625,0.06975011983713268
0.78416015625,-0.029286038237676233
0.7841796875,0.15896376345730145
0.78419921875,0.009011872308139268
0.78421875,-0.3763655109611821
0.78423828125,-0.36239328253209135
0.7842578125,-0.4228182966165792
0.78427734375,-0.6072025461034287
0.784296875,-0.5872453540743483
0.78431640625,-0.5714334241869339
0.7843359375,-0.544551229614479
0.78435546875,-0.5470075873318199
0.784375,-0.5717982136876691
0.78439453125,-0.42250541460217006
0.7844140625,-0.28266574788468196
0.78443359375,-0.2789679011933567
0.784453125,-0.2504259865943465
0.78447265625,-0.22915473559431204
0.7844921875,-0.24241427603324256
0.78451171875,-0.23074160173704647
0.78453125,-0.3267213453085436
0.78455078125,-0.2820371355212634
0.7845703125,-0.045873537906366564
0.78458984375,-0.029772351633882192
0.784609375,0.08865836053224063
0.78462890625,0.26007423122278406
0.7846484375,0.23123337828949422
0.78466796875,0.20443223777093325
0.7846875,-0.06509529096852106
0.78470703125,0.003638516468874989
0.7847265625,0.45294415884549594
0.78474609375,0.2706697759200838
0.784765625,-0.03628844744470203
0.78478515625,-0.14922667722180843
0.7848046875,-0.3022276611730595
0.78482421875,-0.29609722018816576
0.78484375,-0.4100021642172397
0.78486328125,-0.41839146145371986
0.7848828125,-0.13028082406630775
0.78490234375,0.00756389089238332
0.784921875,-0.010777513368327267
0.78494140625,-0.19047239687652062
0.7849609375,-0.29660573863226947
0.78498046875,-0.20140704809834092
0.785,-0.3800459132759312
0.78501953125,-0.7255788923278401
0.7850390625,-0.7910861438777785
0.78505859375,-0.5815532821577809
0.785078125,-0.5978511953867944
0.78509765625,-0.8654059874900146
0.7851171875,-0.7148304932176283
0.78513671875,-0.33506862187394615
0.78515625,-0.30898796779463633
0.78517578125,-0.5060839300195052
0.7851953125,-0.6131186973624383
0.78521484375,-0.5363413896029277
0.785234375,-0.33992407336177277
0.78525390625,-0.14107724008556244
0.7852734375,0.004026281400050777
0.78529296875,0.11189804099187617
0.7853125,0.18826883764699176
0.78533203125,0.3389111023185122
0.7853515625,0.529211949793684
0.78537109375,0.37969543443258685
0.785390625,0.08291450111538348
0.78541015625,0.11661774160129167
0.7854296875,0.03838980809562735
0.78544921875,-0.2986277549032472
0.78546875,-0.32805472277912373
0.78548828125,-0.16352025980816934
0.7855078125,-0.10934463722818667
0.78552734375,-0.18304851789445134
0.785546875,-0.27032386331097086
0.78556640625,-0.2345981987111575
0.7855859375,-0.21736552746647037
0.78560546875,-0.04451542108145057
0.785625,0.15668342162004945
0.78564453125,-0.12184462472083031
0.7856640625,-0.34744714273807353
0.78568359375,-0.22369421283865726
0.785703125,-0.31630019847359375
0.78572265625,-0.49559603763681065
0.7857421875,-0.2528738221027797
0.78576171875,0.2523290515081538
0.78578125,0.2961802806176852
0.78580078125,-0.07571788060392623
0.7858203125,-0.012466819882744576
0.78583984375,0.24922062427710798
0.785859375,0.13393486701399937
0.78587890625,0.09897083194522421
0.7858984375,0.2954743671853113
0.78591796875,0.17186794451225493
0.7859375,-0.2523466650709677
0.78595703125,-0.3399145398022738
0.7859765625,-0.017603295052369773
0.78599609375,0.16185991259338
0.786015625,0.03763066053808601
0.78603515625,-0.04707134746602273
0.7860546875,0.04288889607829117
0.78607421875,0.015746935664007755
0.78609375,-0.19162102299546246
0.78611328125,-0.21952565953423278
0.7861328125,0.11024835021433255
0.78615234375,0.41091328109734515
0.786171875,0.23812551319197434
0.78619140625,0.11827392609796175
0.7862109375,0.4031305147588885
0.78623046875,0.3157749193537518
0.78625,-0.02556595724054114
0.78626953125,-0.04771075321118595
0.7862890625,-0.07021284923829192
0.78630859375,0.019397101183439715
0.786328125,0.13662795808887918
0.78634765625,-0.09903710564945016
0.7863671875,-0.16378018649940823
0.78638671875,-0.04978451415688342
0.78640625,-0.05381025039558864
0.78642578125,-0.08552280304361715
0.7864453125,-0.3086838579527458
0.78646484375,-0.26910373573589325
0.786484375,0.14301890532915615
0.78650390625,0.22060026447888448
0.7865234375,0.19919742324693163
0.78654296875,0.4427418959426736
0.7865625,0.6799129601879258
0.78658203125,0.6325405410210716
0.7866015625,0.5175029233429181
0.78662109375,0.7590347091874825
0.786640625,0.7807330200102219
0.78666015625,0.404650249059452
0.7866796875,0.5072064494805266
0.78669921875,0.9573275824498062
0.78671875,1.0479055191254485
0.78673828125,0.7951588881758768
0.7867578125,0.5141696489809167
0.78677734375,0.3670621323064992
0.786796875,0.469259332463568
0.78681640625,0.5882466287414626
0.7868359375,0.40387726820763914
0.78685546875,0.22630843021650582
0.786875,0.17387374322717475
0.78689453125,0.06992103018529802
0.7869140625,-0.014350107668445557
0.78693359375,-0.07762243685084869
0.786953125,-0.03866605513481168
0.78697265625,-0.06922767636491427
0.7869921875,-0.1614144018262905
0.78701171875,0.1437942679842039
0.78703125,0.20249013575690697
0.78705078125,-0.36844837272451936
0.7870703125,-0.6279529918058332
0.78708984375,-0.39129563456083655
0.787109375,-0.15141675994758635
0.78712890625,-0.19700785464831994
0.7871484375,-0.3000201703840459
0.78716796875,-0.20573662575139096
0.7871875,-0.22075195896916455
0.78720703125,-0.14282828314946275
0.7872265625,0.1308746928623045
0.78724609375,0.2550010721316984
0.787265625,0.22196695159724572
0.78728515625,0.15284572359224985
0.7873046875,0.20657860488951646
0.78732421875,0.13864663799721227
0.78734375,0.165181364573781
0.78736328125,0.5776198829327538
0.7873828125,0.6672546227808466
0.78740234375,0.6013911839604188
0.787421875,0.6633231483458675
0.78744140625,0.4792444488707416
0.7874609375,0.4281464044593157
0.78748046875,0.5047917483295514
0.7875,0.33314785177701617
0.78751953125,0.0979059729608413
0.7875390625,0.040435136120393886
0.78755859375,0.16914264244537866
0.787578125,0.08066688083457187
0.78759765625,-0.002845702702461879
0.7876171875,0.22148342757816916
0.78763671875,0.17564933961658818
0.78765625,0.17704187584068193
0.78767578125,0.3976429950612166
0.7876953125,0.20743349442908496
0.78771484375,-0.11944609285712313
0.787734375,-0.30605201263973714
0.78775390625,-0.25912827971272473
0.7877734375,-0.0962493314332174
0.78779296875,-0.18468299800036114
0.7878125,-0.17062304116127242
0.78783203125,-0.13122723543558712
0.7878515625,-0.19905414651076456
0.78787109375,0.005280462398946251
0.787890625,0.08549356314410539
0.78791015625,-0.08157403376914514
0.7879296875,-0.09725875975230278
0.78794921875,-0.010945901067408469
0.78796875,0.0839624937350058
0.78798828125,-0.006582916567133744
0.7880078125,-0.07603138102103814
0.78802734375,0.3170209610201297
0.788046875,0.44362019466831587
0.78806640625,0.2165918243705652
0.7880859375,0.314591699252663
0.78810546875,0.08390261011232061
0.788125,-0.10547211561224096
0.78814453125,0.45582473701612425
0.7881640625,0.6514822574832827
0.78818359375,0.3067421997810107
0.788203125,0.14649209582780154
0.78822265625,0.29818704741751917
0.7882421875,0.46611122899059837
0.78826171875,0.24044764914974207
0.78828125,0.09597316847923798
0.78830078125,0.22995479411615727
0.7883203125,0.17737028412115358
0.78833984375,0.2739599725331682
0.788359375,0.41480091674817254
0.78837890625,0.17265006084574008
0.7883984375,0.15940846100048703
0.78841796875,0.40610655658067535
0.7884375,0.46571878201655514
0.78845703125,0.44055829165849
0.7884765625,0.21473725941812008
0.78849609375,0.08654011714938857
0.788515625,0.5015366959134471
0.78853515625,0.8328147713644628
0.7885546875,0.691990926090369
0.78857421875,0.628459939294305
0.78859375,0.7987515597691786
0.78861328125,1.0902542795698358
0.7886328125,1.2810948878353088
0.78865234375,0.9998888861209694
0.788671875,0.8483380291004565
0.78869140625,1.1172635314839154
0.7887109375,1.2332852403075603
0.78873046875,1.1061656568167257
0.78875,0.8465267041810369
0.78876953125,0.7891026137021616
0.7887890625,0.80797022239917
0.78880859375,0.602039716399178
0.788828125,0.6135828845400444
0.78884765625,0.5203442970612435
0.7888671875,0.14261799792268767
0.78888671875,0.07597177939982704
0.78890625,0.1145932123940113
0.78892578125,0.1202650510851149
0.7889453125,0.1445605377222679
0.78896484375,0.12098429458619811
0.788984375,0.17731860268659225
0.78900390625,0.15177392289732525
0.7890234375,0.2372759217814226
0.78904296875,0.3971589681154022
0.7890625,0.22032140643572953
0.78908203125,0.25821667351921024
0.7891015625,0.5881371986633732
0.78912109375,0.4089955257658451
0.789140625,-0.05489285499757163
0.78916015625,-0.07993742312191802
0.7891796875,0.14521808596592223
0.78919921875,0.3351197186215896
0.78921875,0.6369032813890422
0.78923828125,1.0092987256458188
0.7892578125,1.2250204514573013
0.78927734375,1.0157617743446095
0.789296875,0.7342558506663603
0.78931640625,0.777885431218966
0.7893359375,0.7054261555132044
0.78935546875,0.5124436802218431
0.789375,0.34543892717195473
0.78939453125,0.1670891018285262
0.7894140625,0.29837864211247656
0.78943359375,0.4638001617083722
0.789453125,0.44238907400934646
0.78947265625,0.5345057121718498
0.7894921875,0.590388860232129
0.78951171875,0.51336335019988
0.78953125,0.5031047795448035
0.78955078125,0.684718632060278
0.7895703125,0.8065819502755056
0.78958984375,0.6246887314007941
0.789609375,0.6043089228498542
0.78962890625,0.7949320381497021
0.7896484375,0.7021923174594539
0.78966796875,0.43465674596619364
0.7896875,0.2672511853931647
0.78970703125,0.09722619800353671
0.7897265625,-0.1442974595272249
0.78974609375,-0.17921356643890796
0.789765625,-0.0632244369471146
0.78978515625,-0.11484592935869958
0.7898046875,-0.16465214589552168
0.78982421875,-0.2420707769999287
0.78984375,-0.41198271765390204
0.78986328125,-0.28050819990469406
0.7898828125,0.02663950406344324
0.78990234375,0.02759679859184029
0.789921875,-0.22771204320534727
0.78994140625,-0.34135150109624346
0.7899609375,-0.2593530468538394
0.78998046875,-0.21091328294277878
0.79,-0.14775480620217107
0.79001953125,-0.0033302232411052263
0.7900390625,0.17927528871560167
0.79005859375,0.39190552392471334
0.790078125,0.5062705482766132
0.79009765625,0.3838505480424555
0.7901171875,0.12278051544242052
0.79013671875,0.010830576164647873
0.79015625,0.10520951739523693
0.79017578125,0.1758627757512859
0.7901953125,0.11231070414457922
0.79021484375,-0.019478582743581184
0.790234375,-0.12047708879295706
0.79025390625,-0.10653290165300643
0.7902734375,-0.008712668255667706
0.79029296875,0.08373526120905318
0.7903125,0.13927971226930166
0.79033203125,0.0868650302600438
0.7903515625,-0.1070799903262197
0.79037109375,-0.17648377384143477
0.790390625,-0.02573483447874799
0.79041015625,-0.04395765071505113
0.7904296875,-0.07398438998283272
0.79044921875,0.2320759815978611
0.79046875,0.4454844325559695
0.79048828125,0.3873216095617368
0.7905078125,0.2679186004348109
0.79052734375,0.36904367964158136
0.790546875,0.7664477281506552
0.79056640625,0.5829999152869662
0.7905859375,-0.07135607888972903
0.79060546875,0.046964119576653016
0.790625,0.5303270850366102
0.79064453125,0.5998100971347308
0.7906640625,0.401899501115216
0.79068359375,0.0809076154485537
0.790703125,0.15424609640268308
0.79072265625,0.6648774106534487
0.7907421875,0.9346740957314035
0.79076171875,0.7401101754828651
0.79078125,0.32968987840752717
0.79080078125,0.19803091860946936
0.7908203125,0.2766387522229004
0.79083984375,0.32837827413062703
0.790859375,0.36550548877708433
0.79087890625,-0.007864196456367323
0.7908984375,-0.17363605576286517
0.79091796875,0.4246908381585228
0.7909375,0.6315860262993218
0.79095703125,0.10667207351503093
0.7909765625,-0.38220186666849804
0.79099609375,-0.41156250235718783
0.791015625,-0.2942201414044713
0.79103515625,-0.5112374120237045
0.7910546875,-0.5017814881944742
0.79107421875,-0.1586371715759905
0.79109375,-0.11853901290813361
0.79111328125,-0.15461962622494962
0.7911328125,-0.05305165174607018
0.79115234375,-0.07166391344299991
0.791171875,-0.17851655577731743
0.79119140625,-0.11212244284014186
0.7912109375,-0.011753512532186882
0.79123046875,-0.11244807818981947
0.79125,-0.16532617269739516
0.79126953125,0.027160609415989204
0.7912890625,0.2953581917774298
0.79130859375,0.23395312812040253
0.791328125,-0.0688444480959851
0.79134765625,-0.1432879444199484
0.7913671875,-0.08774957770895522
0.79138671875,0.0896339297223531
0.79140625,0.294687757705334
0.79142578125,0.1216370969439965
0.7914453125,-0.18466584650109877
0.79146484375,-0.4344700268299386
0.791484375,-0.5327133794688601
0.79150390625,-0.3738702985570247
0.7915234375,-0.420212609091104
0.79154296875,-0.5035978106238632
0.7915625,-0.2912353495992141
0.79158203125,-0.09093207222415757
0.7916015625,-0.06439503778426779
0.79162109375,-0.3394279402460417
0.791640625,-0.5220489822984401
0.79166015625,-0.32383780906723436
0.7916796875,-0.26298744302439714
0.79169921875,-0.42461411674155525
0.79171875,-0.6235413827780185
0.79173828125,-0.5589214115572102
0.7917578125,-0.36101237906516004
0.79177734375,-0.8034134305191423
0.791796875,-1.1941519065168695
0.79181640625,-0.7428512883160797
0.7918359375,-0.46618011159217676
0.79185546875,-0.7341381940782312
0.791875,-0.8509784653782746
0.79189453125,-0.6471158578628923
0.7919140625,-0.27414707920879594
0.79193359375,-0.10788548022284851
0.791953125,-0.27422569203563624
0.79197265625,-0.27994438435194957
0.7919921875,-0.12157972256914082
0.79201171875,-0.026688131241938425
0.79203125,-0.03716401448975522
0.79205078125,-0.23695124306902843
0.7920703125,-0.08116734328706184
0.79208984375,0.2750544237349899
0.792109375,-0.022352078680942467
0.79212890625,-0.2507542937702989
0.7921484375,-0.040349268442989944
0.79216796875,-0.2412013055920641
0.7921875,-0.45473125974110506
0.79220703125,-0.23750836864075558
0.7922265625,-0.2434926615552754
0.79224609375,-0.38457120491165053
0.792265625,-0.29347164313904184
0.79228515625,-0.28734377063899014
0.7923046875,-0.3773925175765362
0.79232421875,-0.39573833183273893
0.79234375,-0.3284961914804396
0.79236328125,-0.28951473600529665
0.7923828125,-0.3915849424845674
0.79240234375,-0.2926264188693405
0.792421875,0.049148720121806225
0.79244140625,0.18190164629011185
0.7924609375,0.04837279404277049
0.79248046875,-0.07820822765939993
0.7925,-0.2900486275221188
0.79251953125,-0.35499175278587336
0.7925390625,0.08145290583395373
0.79255859375,0.08749881060311016
0.792578125,-0.35420453303463595
0.79259765625,-0.2342487409618771
0.7926171875,0.059080723061804855
0.79263671875,0.14457942466128068
0.79265625,0.08524732433534617
0.79267578125,0.08928859185276627
0.7926953125,0.4145863671272494
0.79271484375,0.5024624095695546
0.792734375,0.3072189829710779
0.79275390625,0.19339076864917099
0.7927734375,0.11418335641600755
0.79279296875,0.18496783968228647
0.7928125,0.056563743055708465
0.79283203125,-0.3143633622055961
0.7928515625,-0.31484009057825313
0.79287109375,-0.22918376644679198
0.792890625,-0.39940345643609115
0.79291015625,-0.4541084867097198
0.7929296875,-0.3563582647307203
0.79294921875,-0.3575909847932149
0.79296875,-0.36929849047943264
0.79298828125,-0.4190812068248513
0.7930078125,-0.7382003585597539
0.79302734375,-0.9381843837654471
0.793046875,-0.8775552138830913
0.79306640625,-0.9557999266246254
0.7930859375,-0.930511232012917
0.79310546875,-0.7933379711349609
0.793125,-0.670419246918891
0.79314453125,-0.361994973242028
0.7931640625,-0.44665227612116165
0.79318359375,-0.7516119725897985
0.793203125,-0.6009849506240834
0.79322265625,-0.5388334382658714
0.7932421875,-0.4814443584837025
0.79326171875,-0.23947814868019401
0.79328125,-0.10147395689661483
0.79330078125,0.13013914315271977
0.7933203125,0.10971685917248686
0.79333984375,-0.04530805881853111
0.793359375,0.016579539139635106
0.79337890625,0.013645800243839531
0.7933984375,0.17372034869077732
0.79341796875,0.13048203863080127
0.7934375,-0.39089055502722164
0.79345703125,-0.5333152237458039
0.7934765625,-0.36332721074235164
0.79349609375,-0.41414836207391886
0.793515625,-0.38732902452653767
0.79353515625,-0.24875392435812166
0.7935546875,-0.21082760670395972
0.79357421875,-0.1489198308513514
0.79359375,-0.24844539152193773
0.79361328125,-0.34687608673325204
0.7936328125,-0.027475266371461915
0.79365234375,0.19008806732781802
0.793671875,0.11986480643207387
0.79369140625,-0.011626982631327928
0.7937109375,-0.19798971236945312
0.79373046875,-0.02527319901279077
0.79375,0.23837408735398427
0.79376953125,0.13906656506082438
0.7937890625,0.1166773204148033
0.79380859375,0.20958466505530776
0.793828125,0.22842025106519243
0.79384765625,0.2746193869305527
0.7938671875,0.3065373511543303
0.79388671875,0.23204108133552315
0.79390625,0.10586250335208534
0.79392578125,0.044221502786646175
0.7939453125,-0.04905107547688317
0.79396484375,-0.004607804227353476
0.793984375,0.2813771678129133
0.79400390625,0.3172013529392553
0.7940234375,0.22706634001696702
0.79404296875,0.41325759183819866
0.7940625,0.5859397086762161
0.79408203125,0.5014769941720563
0.7941015625,0.315652697777914
0.79412109375,0.36198298971826814
0.794140625,0.5848532545341283
0.79416015625,0.5590962066400301
0.7941796875,0.3460548213467305
0.79419921875,0.1885005329732675
0.79421875,0.0727292898958157
0.79423828125,-0.07612450919973057
0.7942578125,-0.18736814608917413
0.79427734375,-0.1380628964985903
0.794296875,-0.1548607664783867
0.79431640625,-0.22674102222803252
0.7943359375,-0.15953067774803553
0.79435546875,-0.17949418230835126
0.794375,-0.23254022699477978
0.79439453125,-0.2306134685767684
0.7944140625,-0.24044346922867843
0.79443359375,0.053520272424709886
0.794453125,0.3950031012566846
0.79447265625,0.3075830701755791
0.7944921875,0.2805564887157084
0.79451171875,0.30609746198279514
0.79453125,0.08674472622358793
0.79455078125,0.32510386338172415
0.7945703125,0.7415355553662182
0.79458984375,0.6685134781716797
0.794609375,0.6309479853824717
0.79462890625,0.5602814169069957
0.7946484375,0.42043748564461897
0.79466796875,0.5628083333650328
0.7946875,0.5434817314700214
0.79470703125,0.3947350707778727
0.7947265625,0.3659910491873385
0.79474609375,0.33187909348969286
0.794765625,0.3695234727704555
0.79478515625,0.32033199774095056
0.7948046875,0.2023370188446299
0.79482421875,0.14272427442402186
0.79484375,0.12977188905380224
0.79486328125,0.23671339299907262
0.7948828125,0.22312366556247185
0.79490234375,0.11052080108549303
0.794921875,0.07978617445916211
0.79494140625,0.03797000436344022
0.7949609375,-0.06600736657222017
0.79498046875,-0.22923836165488443
0.795,-0.26097282003959466
0.79501953125,-0.27468607455875793
0.7950390625,-0.3804091108040547
0.79505859375,-0.30001856097812596
0.795078125,-0.24819481188333392
0.79509765625,-0.4007809636780686
0.7951171875,-0.39130305204739835
0.79513671875,-0.11282977931276715
0.79515625,0.0216410454785758
0.79517578125,-0.2641700519345385
0.7951953125,-0.4947976549478162
0.79521484375,-0.3767628227557324
0.795234375,-0.2154059927559399
0.79525390625,0.03135854062832842
0.7952734375,0.3087801904143859
0.79529296875,0.5214674406602618
0.7953125,0.8071371573179167
0.79533203125,0.8368968884332777
0.7953515625,0.648612788141071
0.79537109375,0.6194698299811703
0.795390625,0.5430272861996505
0.79541015625,0.33652503178910237
0.7954296875,0.25354943256831197
0.79544921875,0.2740814066042282
0.79546875,0.22049422592070753
0.79548828125,0.15727021116552953
0.7955078125,0.250095355243972
0.79552734375,0.3205582681867714
0.795546875,0.17371436328001402
0.79556640625,0.0428279048553733
0.7955859375,0.1794996558819541
0.79560546875,0.5340918564112884
0.795625,0.566050374323098
0.79564453125,0.14943922038449076
0.7956640625,-0.18733149267633817
0.79568359375,-0.41991805049386366
0.795703125,-0.41008616117353214
0.79572265625,-0.27426251854783834
0.7957421875,-0.3531813947151845
0.79576171875,-0.13540905612936305
0.79578125,0.07068143021970777
0.79580078125,-0.14548535109551675
0.7958203125,-0.1393876156020261
0.79583984375,0.006704728884543716
0.795859375,0.02278762889383161
0.79587890625,-0.04549475838644645
0.7958984375,-0.20318515834181733
0.79591796875,-0.2241466667055376
0.7959375,-0.24364551615051927
0.79595703125,-0.31810828383674605
0.7959765625,-0.16117463009997204
0.79599609375,0.15032816528318516
0.796015625,0.2767000405283564
0.79603515625,0.23577606811279556
0.7960546875,0.3997357499696662
0.79607421875,0.47792094584074946
0.79609375,0.34171684092507615
0.79611328125,0.6515314667580441
0.7961328125,1.0605580620820456
0.79615234375,0.855738683226317
0.796171875,0.3680969458636445
0.79619140625,0.14897153785463563
0.7962109375,0.32633985225063583
0.79623046875,0.4337829220518352
0.79625,0.3591771776887427
0.79626953125,0.4694408291305264
0.7962890625,0.33925568584958743
0.79630859375,-0.01992208802882192
0.796328125,0.01754902034056731
0.79634765625,0.12094404591621453
0.7963671875,-0.11067236229729523
0.79638671875,-0.3966567988179536
0.79640625,-0.24626877149085918
0.79642578125,0.20975450655334257
0.7964453125,0.29784559389070864
0.79646484375,0.22490974650598117
0.796484375,0.3623375080898781
0.79650390625,0.36635546972304633
0.7965234375,0.27265962929499044
0.79654296875,0.3150551111193126
0.7965625,0.34561823590327895
0.79658203125,0.34195045389970785
0.7966015625,0.3819649710283298
0.79662109375,0.5312612066683937
0.796640625,0.7878671316091514
0.79666015625,0.8101800786050469
0.7966796875,0.5876408155610473
0.79669921875,0.5711298651662253
0.79671875,0.8451802920029112
0.79673828125,1.0489710897518676
0.7967578125,0.8891876300027125
0.79677734375,0.5488088278056963
0.796796875,0.4027023061480485
0.79681640625,0.6694617278381672
0.7968359375,1.0055061793732332
0.79685546875,0.7874469793370393
0.796875,0.28330874198996103
0.79689453125,0.0008849135521238477
0.7969140625,-0.09444480459537241
0.79693359375,-0.05773485591499582
0.796953125,-0.035234646268303485
0.79697265625,-0.17731947068835316
0.7969921875,-0.3975400492626823
0.79701171875,-0.5099405093300865
0.79703125,-0.39208193606965613
0.79705078125,-0.3052514422386548
0.7970703125,-0.4080343278838311
0.79708984375,-0.3649839591864576
0.797109375,-0.17759357365014633
0.79712890625,-0.10701640720030034
0.7971484375,-0.20198523105016206
0.79716796875,-0.36272081247778576
0.7971875,-0.04303084569277377
0.79720703125,0.5576134245136358
0.7972265625,0.5034515807891038
0.79724609375,0.336057150459358
0.797265625,0.612317666768539
0.79728515625,0.7662238406187492
0.7973046875,0.7279574443637539
0.79732421875,0.5893039589315624
0.79734375,0.3952739766480738
0.79736328125,0.21074748687727596
0.7973828125,0.14913488707523775
0.79740234375,0.37902055531432566
0.797421875,0.4540344818799337
0.79744140625,0.34828169176176227
0.7974609375,0.44624396482714557
0.79748046875,0.6614335255611101
0.7975,0.783519322198872
0.79751953125,0.6562915360999776
0.7975390625,0.5949241522255448
0.79755859375,0.7280724965486953
0.797578125,0.7626224883694331
0.79759765625,0.7304952197238256
0.7976171875,0.750735311682424
0.79763671875,0.8251152545986792
0.79765625,0.6419007257789462
0.79767578125,0.20432298429730447
0.7976953125,0.04347467318962245
0.79771484375,0.04469925721432186
0.797734375,-0.08207273765380023
0.79775390625,-0.19889085975327606
0.7977734375,-0.28820624160449426
0.79779296875,-0.21104745969961589
0.7978125,-0.04133160642131928
0.79783203125,-0.19134307211490784
0.7978515625,-0.3895984032194585
0.79787109375,-0.4758911752590179
0.797890625,-0.6901579536679529
0.79791015625,-0.6476097292159196
0.7979296875,-0.3643743337069549
0.79794921875,-0.29682593424151993
0.79796875,-0.11199513363933468
0.79798828125,0.35948767460284825
0.7980078125,0.5475490675185366
0.79802734375,0.3556931702458743
0.798046875,0.25056249243702433
0.79806640625,0.2982613915540817
0.7980859375,0.21667536928642425
0.79810546875,-0.005039291606749777
0.798125,0.0007980802662839598
0.79814453125,0.19729232350018333
0.7981640625,0.07780914675425889
0.79818359375,-0.12718074550233485
0.798203125,-0.047773108136650394
0.79822265625,-0.011933399891218648
0.7982421875,-0.03432600740217713
0.79826171875,0.02888298600157326
0.79828125,0.05581748152522562
0.79830078125,0.09269179013540313
0.7983203125,-0.03759845826572411
0.79833984375,-0.2539007097191761
0.798359375,-0.1310595310556685
0.79837890625,-0.10645269302720929
0.7983984375,-0.28482272309145995
0.79841796875,-0.15521609158444197
0.7984375,-0.04447501381098452
0.79845703125,-0.025536873121691474
0.7984765625,-0.018234767205612998
0.79849609375,-0.2390495850666336
0.798515625,-0.1635663432755812
0.79853515625,0.08178178454209357
0.7985546875,0.1594670154696948
0.79857421875,0.4398030701531108
0.79859375,0.39912520133515794
0.79861328125,0.16502591799413574
0.7986328125,0.428555510333305
0.79865234375,0.5182804916269723
0.798671875,0.24054391488388627
0.79869140625,-0.011708606772369356
0.7987109375,0.022133463101750822
0.79873046875,0.46307165745723744
0.79875,0.5106478545204143
0.79876953125,0.2344602068647917
0.7987890625,0.39276138836167157
0.79880859375,0.41205169210636444
0.798828125,0.11755210825392004
0.79884765625,0.1532214787669889
0.7988671875,0.27434405801265693
0.79888671875,0.1836939627304806
0.79890625,0.14485360456443533
0.79892578125,0.14248799418025626
0.7989453125,0.1370205066509219
0.79896484375,0.00859588021128118
0.798984375,-0.2736068599070474
0.79900390625,-0.30016196216940977
0.7990234375,-0.18382273515302006
0.79904296875,-0.25908348079964416
0.7990625,-0.33119116545886673
0.79908203125,-0.14984252433669248
0.7991015625,0.133943022397623
0.79912109375,0.11092492602920567
0.799140625,-0.10508346200841523
0.79916015625,-0.07513785665968087
0.7991796875,-0.06397437147304048
0.79919921875,-0.24301472740395463
0.79921875,-0.1612746268633769
0.79923828125,-0.04271695283664981
0.7992578125,-0.2007366137183784
0.79927734375,-0.2672365454452831
0.799296875,-0.10511642668811078
0.79931640625,0.1973283775473437
0.7993359375,0.38817640764081096
0.79935546875,0.4212676138320893
0.799375,0.5038632346910075
0.79939453125,0.2771156638693618
0.7994140625,0.0169923292783246
0.79943359375,0.21034112353183942
0.799453125,0.14278649471883081
0.79947265625,-0.12622057482962068
0.7994921875,-0.09700663488522404
0.79951171875,-0.08291663807554558
0.79953125,-0.1412623435227514
0.79955078125,-0.33962135525383386
0.7995703125,-0.5278042868560301
0.79958984375,-0.5898275905096383
0.799609375,-0.7539965518362435
0.79962890625,-0.5872751652138427
0.7996484375,-0.24341133015440675
0.79966796875,-0.31136189209728005
0.7996875,-0.4663018827599825
0.79970703125,-0.5728375953813415
0.7997265625,-0.7377554474875911
0.79974609375,-0.8241212103469562
0.799765625,-0.9194548415930692
0.79978515625,-1.043370019327698
0.7998046875,-0.9144819897930597
0.79982421875,-0.5624371113851026
0.79984375,-0.4416560891296411
0.79986328125,-0.5959712534731013
0.7998828125,-0.5940514277739759
0.79990234375,-0.3161006067647466
0.799921875,-0.10141216488611296
0.79994140625,-0.2836956815425563
0.7999609375,-0.5602662088807071
0.79998046875,-0.6486930805348408
0.8,-0.6972168972981186
0.80001953125,-0.5434865262698839
0.8000390625,-0.45295020565274385
0.80005859375,-0.5480689623934021
0.800078125,-0.48872233919778063
0.80009765625,-0.4981169398012264
0.8001171875,-0.32998966663869955
0.80013671875,-0.06633938907944026
0.80015625,-0.1328666763704494
0.80017578125,-0.18034526620994656
0.8001953125,-0.43443246566886917
0.80021484375,-0.7797366276633515
0.800234375,-0.6662295363470293
0.80025390625,-0.5677327588944387
0.8002734375,-0.7465769519169585
0.80029296875,-0.8015198641757949
0.8003125,-0.6597151464560199
0.80033203125,-0.5902015001180669
0.8003515625,-0.5034918187325101
0.80037109375,-0.4184224098634175
0.800390625,-0.5206310294071539
0.80041015625,-0.5299459893071737
0.8004296875,-0.5153914305890486
0.80044921875,-0.7175803847276496
0.80046875,-1.0206367582964244
0.80048828125,-0.9791102476727829
0.8005078125,-0.475205819529467
0.80052734375,-0.19425710304409116
0.800546875,-0.06214146519946135
0.80056640625,0.06477184848624694
0.8005859375,-0.023851192424741832
0.80060546875,0.2094620367536481
0.800625,0.4864620049463007
0.80064453125,0.3499639488517636
0.8006640625,0.23298684752747442
0.80068359375,0.0984734870262968
0.800703125,-0.07507117440517723
0.80072265625,-0.20395677075882263
0.8007421875,-0.35004779648479567
0.80076171875,-0.223184486423825
0.80078125,0.017670857730295926
0.80080078125,0.05421783106539969
0.8008203125,0.022521071418923812
0.80083984375,-0.0827135690523761
0.800859375,-0.25790680527661697
0.80087890625,-0.34678104309199154
0.8008984375,-0.38384355711863505
0.80091796875,-0.5769010446175323
0.8009375,-0.893416628073545
0.80095703125,-0.9295574246495002
0.8009765625,-0.603563367217928
0.80099609375,-0.45260953165130013
0.801015625,-0.6932721332833227
0.80103515625,-0.8327854976531732
0.8010546875,-0.7461012047639265
0.80107421875,-0.7730722880659111
0.80109375,-0.8045505132405059
0.80111328125,-0.6887135012003925
0.8011328125,-0.7054208651356444
0.80115234375,-0.984156356435471
0.801171875,-1.1532673499383148
0.80119140625,-0.9334611140081914
0.8012109375,-0.8233782199362687
0.80123046875,-1.0801059296391868
0.80125,-0.9478589130202548
0.80126953125,-0.4627929236622103
0.8012890625,-0.32158035635861737
0.80130859375,-0.22167531329611537
0.801328125,-0.05383301228186468
0.80134765625,-0.0764658210083593
0.8013671875,-0.11181452295982247
0.80138671875,-0.1232735166946779
0.80140625,-0.15092203643887184
0.80142578125,-0.14233996099011048
0.8014453125,-0.12192717097734922
0.80146484375,-0.40159482997383844
0.801484375,-0.9023230448396334
0.80150390625,-0.9346347857018547
0.8015234375,-0.6037522984015851
0.80154296875,-0.5022538602918052
0.8015625,-0.5605594423781566
0.80158203125,-0.3992426730080257
0.8016015625,-0.11693987162471572
0.80162109375,-0.15966810361778855
0.801640625,-0.32747660735963846
0.80166015625,-0.18905324691145578
0.8016796875,0.0292705527241739
0.80169921875,-0.08467915620853
0.80171875,-0.45234540771366377
0.80173828125,-0.38594917879336504
0.8017578125,-0.03402737772679335
0.80177734375,-0.17124154470768577
0.801796875,-0.26343439214014347
0.80181640625,-0.06600831531760443
0.8018359375,-0.25599208664952655
0.80185546875,-0.502998806606262
0.801875,-0.25117353736188713
0.80189453125,0.08553112589614736
0.8019140625,-0.01360736286651007
0.80193359375,-0.28687306576882465
0.801953125,-0.2557417874674449
0.80197265625,-0.10120641303304234
0.8019921875,-0.06029889935763084
0.80201171875,0.011176029599444878
0.80203125,0.10171705329341033
0.80205078125,0.21121951798856392
0.8020703125,0.37926945843119375
0.80208984375,0.3991956954920472
0.802109375,0.2812057781425569
0.80212890625,0.2590864087008088
0.8021484375,0.27032426910499785
0.80216796875,0.1889180502070384
0.8021875,0.02372668506008279
0.80220703125,-0.23480712688982075
0.8022265625,-0.47370950892391106
0.80224609375,-0.4764161633991344
0.802265625,-0.18700142099560924
0.80228515625,-0.03141138966478901
0.8023046875,-0.04368995783411995
0.80232421875,0.11464997350683495
0.80234375,0.0024359699624416555
0.80236328125,-0.04205200316077608
0.8023828125,0.20067659571278162
0.80240234375,-0.12630933228131042
0.802421875,-0.26584379915306694
0.80244140625,0.11424155704920505
0.8024609375,0.14342742276127404
0.80248046875,0.09510936872577769
0.8025,-0.003924036721297899
0.80251953125,-0.13944217202077278
0.8025390625,-0.16407991314728393
0.80255859375,-0.2255715851370942
0.802578125,0.03712048800361846
0.80259765625,0.03437035423636657
0.8026171875,-0.30375446949680873
0.80263671875,0.04735329362949564
0.80265625,0.3403616895355199
0.80267578125,0.13949970427613456
0.8026953125,0.15404281681506332
0.80271484375,0.19296868961762714
0.802734375,0.16013580139239758
0.80275390625,0.25278483960577147
0.8027734375,0.40016833378669436
0.80279296875,0.48196075753514367
0.8028125,0.43413003093055186
0.80283203125,0.42658841954334586
0.8028515625,0.4832084916776467
0.80287109375,0.3507517827530603
0.802890625,-0.06956579238973049
0.80291015625,-0.3552109264995933
0.8029296875,-0.4478267540747205
0.80294921875,-0.7489390641363418
0.80296875,-0.8625033227144401
0.80298828125,-0.8213599818653028
0.8030078125,-0.9371846117598072
0.80302734375,-0.770207072665116
0.803046875,-0.5711644834708485
0.80306640625,-0.5849465384837864
0.8030859375,-0.5132912076922815
0.80310546875,-0.4212303429432895
0.803125,-0.3765925778314644
0.80314453125,-0.4175639058196011
0.8031640625,-0.42770386066268085
0.80318359375,-0.20125671046123633
0.803203125,0.03138569620836429
0.80322265625,0.017594869142864792
0.8032421875,0.015448777381593864
0.80326171875,0.2769942758137549
0.80328125,0.39889779239646805
0.80330078125,0.21444100899803492
0.8033203125,0.18065201398029782
0.80333984375,0.236462350374329
0.803359375,0.12739089797933525
0.80337890625,0.12824256457697344
0.8033984375,0.3034718783782443
0.80341796875,0.30392058627373675
0.8034375,0.05111525907464026
0.80345703125,-0.14285237489794592
0.8034765625,-0.12048375407613136
0.80349609375,0.08766947638191648
0.803515625,0.3206891273581039
0.80353515625,0.2689301432536705
0.8035546875,0.15753604485141054
0.80357421875,0.1412393410438438
0.80359375,0.01528414429003498
0.80361328125,0.038832515846174635
0.8036328125,0.1638942394116984
0.80365234375,0.19241197748985867
0.803671875,0.27849710386894894
0.80369140625,0.2591871842801569
0.8037109375,0.011617804615558239
0.80373046875,-0.20943619476429565
0.80375,-0.10512434766163789
0.80376953125,0.045990066815670194
0.8037890625,-0.3596064855262465
0.80380859375,-0.8826325282239307
0.803828125,-0.7837095384604243
0.80384765625,-0.46366271878956655
0.8038671875,-0.3393311071480295
0.80388671875,-0.20956545793838233
0.80390625,-0.19989680109093094
0.80392578125,-0.31644840696490717
0.8039453125,-0.2979116158279633
0.80396484375,-0.16110153158343685
0.803984375,0.12082113615235746
0.80400390625,0.25938691606345016
0.8040234375,0.23945137966450816
0.80404296875,0.46031627493925253
0.8040625,0.5683860728581971
0.80408203125,0.4365040751328933
0.8041015625,0.28481199427885656
0.80412109375,0.15784683568511299
0.804140625,0.28509125365792454
0.80416015625,0.36147928686567166
0.8041796875,0.004465364911104275
0.80419921875,-0.34895565578905213
0.80421875,-0.14078416143309777
0.80423828125,0.3294910636477509
0.8042578125,0.11048188738304762
0.80427734375,-0.5841318935685744
0.804296875,-0.6415336191224796
0.80431640625,-0.22650443847289148
0.8043359375,-0.10553912651161941
0.80435546875,-0.36576895864308223
0.804375,-0.5970272437582598
0.80439453125,-0.5077009263365426
0.8044140625,-0.4456226515998687
0.80443359375,-0.3548541720074802
0.804453125,-0.05906797278200564
0.80447265625,0.0977010573318974
0.8044921875,0.3769635986665862
0.80451171875,0.6411748675732211
0.80453125,0.4696892972490557
0.80455078125,0.30386845196802237
0.8045703125,0.29524246366604173
0.80458984375,0.47186444352116597
0.804609375,0.6555889599724505
0.80462890625,0.47544589178216823
0.8046484375,0.3972283735393728
0.80466796875,0.5325920337117912
0.8046875,0.5098783492012332
0.80470703125,0.5093701217110422
0.8047265625,0.5933883569583014
0.80474609375,0.6662775233033627
0.804765625,0.6007098433562118
0.80478515625,0.2446158468956778
0.8048046875,0.06335119658439572
0.80482421875,0.25209131462801515
0.80484375,0.3703178554716266
0.80486328125,0.25489091975296263
0.8048828125,0.04712330400773331
0.80490234375,0.07514630127121946
0.804921875,0.240046492609521
0.80494140625,0.16485723552958917
0.8049609375,0.05119445292605258
0.80498046875,0.008688430178354585
0.805,-0.16753986890726077
0.80501953125,-0.22197759317983376
0.8050390625,-0.09130769663930176
0.80505859375,-0.2517010120948061
0.805078125,-0.40521256977478237
0.80509765625,-0.32572322083294647
0.8051171875,-0.5222280035989171
0.80513671875,-0.7061447120198323
0.80515625,-0.4896307281464808
0.80517578125,-0.0872235030207109
0.8051953125,0.1351586662721289
0.80521484375,0.058410018273923864
0.805234375,0.12870360187501692
0.80525390625,0.16770988973837908
0.8052734375,-0.03501031640598055
0.80529296875,0.012998215133901987
0.8053125,0.20203444871901213
0.80533203125,0.3393405227956931
0.8053515625,0.40419525449811977
0.80537109375,0.25667178875608176
0.805390625,0.12193162549108663
0.80541015625,0.17263896403310927
0.8054296875,0.372340851462024
0.80544921875,0.4756893093715093
0.80546875,0.33683696480783115
0.80548828125,0.2782517829957795
0.8055078125,0.4225590433753609
0.80552734375,0.5593363007509503
0.805546875,0.5961737712637288
0.80556640625,0.5916709606681956
0.8055859375,0.486851959023382
0.80560546875,0.37669225888632724
0.805625,0.37584533063701486
0.80564453125,0.36265221285959076
0.8056640625,0.25940034744606455
0.80568359375,-0.1346866015279076
0.805703125,-0.31864041962945455
0.80572265625,0.014392007707053692
0.8057421875,0.14281669360232202
0.80576171875,0.053609993175583306
0.80578125,-0.18988950351734601
0.80580078125,-0.3623545719179495
0.8058203125,-0.1114208232145229
0.80583984375,-0.09250484579252298
0.805859375,-0.2360809832149726
0.80587890625,-0.21025997555022097
0.8058984375,-0.3277810203659547
0.80591796875,-0.3451663002386955
0.8059375,-0.1496460589839457
0.80595703125,-0.050549663357857225
0.8059765625,-0.14441753630612753
0.80599609375,-0.13882829361129495
0.806015625,0.19781063780683142
0.80603515625,0.324380474128269
0.8060546875,0.10402053477599497
0.80607421875,0.0453874638511217
0.80609375,-0.030031833000641647
0.80611328125,-0.26129349451307415
0.8061328125,-0.23984544166864963
0.80615234375,-0.022503796380204992
0.806171875,0.039839934332317736
0.80619140625,-0.09909738973534665
0.8062109375,-0.3334593442102269
0.80623046875,-0.3373829946980402
0.80625,-0.24626042960528924
0.80626953125,-0.4672707183354511
0.8062890625,-0.5018411774493771
0.80630859375,-0.32160161334096293
0.806328125,-0.2601674290749046
0.80634765625,0.07058858379061284
0.8063671875,0.21087714029571206
0.80638671875,-0.13029217648508506
0.80640625,-0.1903988598982566
0.80642578125,-0.10224722191072994
0.8064453125,-0.12057296138196918
0.80646484375,-0.08246283072538753
0.806484375,-0.11688331258865133
0.80650390625,-0.03443830529117436
0.8065234375,0.08947801248162393
0.80654296875,0.09340979863509857
0.8065625,0.2073182592478792
0.80658203125,0.2855144886385719
0.8066015625,0.24807699536226238
0.80662109375,0.16132587862616116
0.806640625,0.24192163567758151
0.80666015625,0.5761635122230233
0.8066796875,0.5998347865758119
0.80669921875,0.4525464437389415
0.80671875,0.5569060490083142
0.80673828125,0.5817499746297137
0.8067578125,0.5113925645564007
0.80677734375,0.4649803315687598
0.806796875,0.33999717590448314
0.80681640625,0.33005874228154436
0.8068359375,0.33858387216165836
0.80685546875,0.024435985321690376
0.806875,-0.19983231277036823
0.80689453125,-0.034876665332417504
0.8069140625,-0.07165254548843286
0.80693359375,-0.5303714971489382
0.806953125,-0.8778934616196343
0.80697265625,-0.8027104047591553
0.8069921875,-0.5299207606556948
0.80701171875,-0.34835920721314684
0.80703125,-0.3769716097906745
0.80705078125,-0.42901191070858635
0.8070703125,-0.341015967592458
0.80708984375,-0.34021119633764146
0.807109375,-0.36700896808323985
0.80712890625,-0.27656153655262555
0.8071484375,-0.18111533597611706
0.80716796875,-0.19016147249197757
0.8071875,-0.3100990456448732
0.80720703125,-0.1252976246479428
0.8072265625,0.29616339283766224
0.80724609375,0.3884636263561884
0.807265625,0.11261606060639795
0.80728515625,-0.23691651703420596
0.8073046875,-0.23260097774685273
0.80732421875,-0.029545056702447836
0.80734375,-0.018195020875706718
0.80736328125,-0.07001284676955377
0.8073828125,-0.2089840524504234
0.80740234375,-0.22472919421590104
0.807421875,0.041800738926189226
0.80744140625,0.16992342728699372
0.8074609375,0.22452786653755424
0.80748046875,0.2754719378044181
0.8075,0.13735141414688085
0.80751953125,0.1857622483241252
0.8075390625,0.25630767901072377
0.80755859375,-0.0448951224990645
0.807578125,-0.298508868140381
0.80759765625,-0.48628475681610195
0.8076171875,-0.6940238743172455
0.80763671875,-0.6773275923360247
0.80765625,-0.48399075709023476
0.80767578125,-0.3500215063774309
0.8076953125,-0.6057847693796689
0.80771484375,-0.8200836379795761
0.807734375,-0.7690554810196527
0.80775390625,-1.0170437608735723
0.8077734375,-1.0211510128069756
0.80779296875,-0.7575795547897399
0.8078125,-0.8109296062821973
0.80783203125,-0.6718941507497326
0.8078515625,-0.5603471471213184
0.80787109375,-0.47620601765577975
0.807890625,-0.030219332126554414
0.80791015625,-0.0015032605695202567
0.8079296875,-0.1485673252039098
0.80794921875,0.012318615824859463
0.80796875,-0.11090695146396998
0.80798828125,-0.29157169928389237
0.8080078125,-0.26578477514536536
0.80802734375,-0.20828372775163734
0.808046875,-0.2395021333367197
0.80806640625,-0.5138868495887124
0.8080859375,-0.41229929594457637
0.80810546875,-0.10722187471476395
0.808125,-0.264557360429681
0.80814453125,-0.259067876053263
0.8081640625,-0.11781521850220045
0.80818359375,-0.14906317617771794
0.808203125,-0.1721611904712454
0.80822265625,-0.34536055865405113
0.8082421875,-0.4838414748292009
0.80826171875,-0.5929865286016325
0.80828125,-0.6048304939625995
0.80830078125,-0.466502985641555
0.8083203125,-0.80221447192153
0.80833984375,-1.1279448642681622
0.808359375,-0.8373224798301391
0.80837890625,-0.5045271718108435
0.8083984375,-0.4276628756397154
0.80841796875,-0.47004627471733057
0.8084375,-0.3469489713090905
0.80845703125,-0.22777274906414458
0.8084765625,-0.3706146810203793
0.80849609375,-0.33028515064074326
0.808515625,-0.18845101171927073
0.80853515625,-0.23091420168490703
0.8085546875,-0.16037421054879353
0.80857421875,0.072347934254173
0.80859375,0.25412088870808236
0.80861328125,0.2996077735281262
0.8086328125,0.3169538826851427
0.80865234375,0.3274183056791395
0.808671875,0.34888327868685265
0.80869140625,0.4445424964058563
0.8087109375,0.2831793205188923
0.80873046875,-0.01700398973483463
0.80875,-0.04367350259915283
0.80876953125,-0.07517043832696249
0.8087890625,-0.13727084279985305
0.80880859375,-0.11397010142631825
0.808828125,-0.2753600565758764
0.80884765625,-0.3384493215227784
0.8088671875,-0.1273707397412769
0.80888671875,-0.10433661828568253
0.80890625,-0.2789857460205676
0.80892578125,-0.4466912692838189
0.8089453125,-0.43885018963296607
0.80896484375,-0.19830121048154398
0.808984375,-0.1840937914356119
0.80900390625,-0.49049677798596897
0.8090234375,-0.7723232887311686
0.80904296875,-0.94101028448771
0.8090625,-1.036814754363047
0.80908203125,-1.0551088672837212
0.8091015625,-0.9232773303501757
0.80912109375,-0.8487829694167308
0.809140625,-0.9570705915990971
0.80916015625,-0.7877777065989835
0.8091796875,-0.4133287058624573
0.80919921875,-0.2325750256301723
0.80921875,-0.024874303639344956
0.80923828125,0.12001863740859714
0.8092578125,-0.06539759905095077
0.80927734375,-0.412808324871576
0.809296875,-0.5119744445147674
0.80931640625,-0.22399602236695904
0.8093359375,-0.2483145414070754
0.80935546875,-0.5485904636328461
0.809375,-0.43304650381855514
0.80939453125,-0.33904003438644015
0.8094140625,-0.387830558753697
0.80943359375,-0.269591832242281
0.809453125,-0.3630492796040655
0.80947265625,-0.5127289851891764
0.8094921875,-0.3931759752889783
0.80951171875,-0.24856729622287654
0.80953125,-0.15999468687740676
0.80955078125,-0.23169833601123985
0.8095703125,-0.367697240099329
0.80958984375,-0.26595888797251244
0.809609375,-0.22109425554930096
0.80962890625,-0.2528282023544827
0.8096484375,-0.08418851027461527
0.80966796875,-0.021872653420985523
0.8096875,-0.11454905539792969
0.80970703125,-0.30877585888870374
0.8097265625,-0.5134021139503312
0.80974609375,-0.33911394051112315
0.809765625,-0.2104314605172336
0.80978515625,-0.3587670415566243
0.8098046875,-0.2754387157695922
0.80982421875,-0.14772202878493576
0.80984375,-0.25114404626701453
0.80986328125,-0.35880189180751987
0.8098828125,-0.2525891517703328
0.80990234375,-0.04423680830185425
0.809921875,-0.06988470230898713
0.80994140625,-0.12351992377608433
0.8099609375,0.08172356931556732
0.80998046875,0.2794553007944176
0.81,0.39000706034002836
0.81001953125,0.5052810196562587
0.8100390625,0.43451142757120836
0.81005859375,0.20420924692072384
0.810078125,0.14125063728644704
0.81009765625,0.17156109591191804
0.8101171875,0.09914717192158631
0.81013671875,0.105052434042927
0.81015625,0.07269351955842276
0.81017578125,-0.23439806232421484
0.8101953125,-0.3771139805100763
0.81021484375,-0.1969990090837291
0.810234375,-0.10936092973537956
0.81025390625,-0.04429875386913016
0.8102734375,0.049302187024435125
0.81029296875,-0.030404695401518418
0.8103125,-0.09734761130072465
0.81033203125,0.049328886729997995
0.8103515625,0.36555954003723223
0.81037109375,0.4802618677076346
0.810390625,0.2823208976398666
0.81041015625,0.2665186282548582
0.8104296875,0.2746620789554666
0.81044921875,0.14912406705822118
0.81046875,0.298847110563929
0.81048828125,0.5782145910055362
0.8105078125,0.8630595022795216
0.81052734375,0.8539471614691932
0.810546875,0.43097804145879315
0.81056640625,0.4766012457956872
0.8105859375,0.8698928623349096
0.81060546875,0.8198377089347629
0.810625,0.6845638319988312
0.81064453125,0.89192826476133
0.8106640625,0.9294968994170965
0.81068359375,0.6165328782494668
0.810703125,0.6458806889384541
0.81072265625,0.8942202238495215
0.8107421875,0.7713493081349397
0.81076171875,0.5812456569928901
0.81078125,0.6122499720652494
0.81080078125,0.6416310879596749
0.8108203125,0.5589160063203488
0.81083984375,0.41761615414548703
0.810859375,0.18361871898439885
0.81087890625,-0.11162145141497379
0.8108984375,-0.2318285619138692
0.81091796875,-0.09400431865576098
0.8109375,0.03457147653854223
0.81095703125,-0.00641811325232749
0.8109765625,-0.017460524856193236
0.81099609375,0.1128817679937508
0.811015625,0.06089438438170626
0.81103515625,-0.2113756594740724
0.8110546875,-0.15942163790553146
0.81107421875,0.04853354619705601
0.81109375,-0.006899288372789691
0.81111328125,0.04002454516491237
0.8111328125,0.061386721155057875
0.81115234375,-0.14130023796275276
0.811171875,-0.13780918252032387
0.81119140625,-0.1074252758558672
0.8112109375,-0.16634266887405136
0.81123046875,0.003215999809105148
0.81125,0.26428621365458094
0.81126953125,0.48039919695424094
0.8112890625,0.6111458212293429
0.81130859375,0.5740332852670772
0.811328125,0.5184279817066539
0.81134765625,0.6067620476188482
0.8113671875,0.7331587513199
0.81138671875,0.6522076596439974
0.81140625,0.4423614206204304
0.81142578125,0.3623605122712463
0.8114453125,0.45985312018990343
0.81146484375,0.5893618843493885
0.811484375,0.4700424008819886
0.81150390625,0.21867923977757295
0.8115234375,0.26085971865731106
0.81154296875,0.3667346737734194
0.8115625,0.19429015108076453
0.81158203125,0.10439268885155495
0.8116015625,0.15041909185050206
0.81162109375,0.010138830774137714
0.811640625,-0.1877647734103245
0.81166015625,-0.37974662175492624
0.8116796875,-0.44753935871199335
0.81169921875,-0.17998690186780514
0.81171875,0.05141516512640862
0.81173828125,0.04502675365846402
0.8117578125,0.1340342288948904
0.81177734375,0.3134986206571173
0.811796875,0.20139741476349282
0.81181640625,-0.15282737979179137
0.8118359375,-0.2847497483208525
0.81185546875,-0.15039070057236115
0.811875,0.04538508830762929
0.81189453125,0.30189261668826495
0.8119140625,0.2650388485783983
0.81193359375,-0.08793256217816128
0.811953125,-0.05871792810130553
0.81197265625,0.13570019473540185
0.8119921875,0.15717058367872613
0.81201171875,0.24780524436564638
0.81203125,0.31466929007519495
0.81205078125,0.5020449006067316
0.8120703125,0.5108459129373181
0.81208984375,0.24047109890789586
0.812109375,0.30447105781571726
0.81212890625,0.24726400273811497
0.8121484375,0.10472147471253317
0.81216796875,0.1955621340565552
0.8121875,0.04652708936591652
0.81220703125,0.07605988670926997
0.8122265625,0.1925944259668252
0.81224609375,0.14639772410487573
0.812265625,0.5701915819599048
0.81228515625,0.8681227453339398
0.8123046875,0.7005533897917364
0.81232421875,0.6098445799553964
0.81234375,0.38481066732417135
0.81236328125,0.2826801338474885
0.8123828125,0.4828632777962666
0.81240234375,0.5039553292818467
0.812421875,0.4519260995339605
0.81244140625,0.33758133488924924
0.8124609375,0.2564292254444189
0.81248046875,0.4539669393215283
0.8125,0.48727503240699455
0.81251953125,0.41009344211370924
0.8125390625,0.5986661420104465
0.81255859375,0.762949534025292
0.812578125,0.8242283458776796
0.81259765625,0.91900144708399
0.8126171875,1.0261368968787266
0.81263671875,1.1924520969538839
0.81265625,1.2443958943108488
0.81267578125,1.0872507896340318
0.8126953125,1.0156312395909664
0.81271484375,1.0560214805276071
0.812734375,0.9919780482335201
0.81275390625,0.8422325944270399
0.8127734375,0.6863304195389257
0.81279296875,0.6338125941113426
0.8128125,0.7475153867518947
0.81283203125,0.7908542513443044
0.8128515625,0.6907157458968951
0.81287109375,0.6359345360172602
0.812890625,0.5124045866488998
0.81291015625,0.15804092103254322
0.8129296875,0.08797938616886547
0.81294921875,0.4810493222255654
0.81296875,0.32965864663123035
0.81298828125,-0.09597227959861243
0.8130078125,0.18627569017318296
0.81302734375,0.20222603318975282
0.813046875,-0.2573713965401757
0.81306640625,-0.20063770029343433
0.8130859375,0.04754297891468956
0.81310546875,0.08502568251503576
0.813125,-0.050692766773225165
0.81314453125,-0.24673974757329314
0.8131640625,-0.13760504385515998
0.81318359375,0.1692917171443131
0.813203125,0.2651824427437128
0.81322265625,0.0714019814346522
0.8132421875,0.13008341164951104
0.81326171875,0.5498348343844538
0.81328125,0.47194680775303155
0.81330078125,0.11362593346342281
0.8133203125,0.11576669184579602
0.81333984375,0.12219463611950598
0.813359375,0.09839812435020331
0.81337890625,0.1429801887916931
0.8133984375,0.21692102613830888
0.81341796875,0.36304454662468016
0.8134375,0.2930050733187504
0.81345703125,0.20319692097623643
0.8134765625,0.4310317899458648
0.81349609375,0.5934599011799007
0.813515625,0.5899176950593608
0.81353515625,0.5460987547157872
0.8135546875,0.2960446880525513
0.81357421875,0.09776232138500851
0.81359375,0.12774471954304772
0.81361328125,0.13258670727164368
0.8136328125,0.16701662743172707
0.81365234375,0.29250726785562786
0.813671875,0.3956092728848495
0.81369140625,0.38244568550632774
0.8137109375,0.3245197120784114
0.81373046875,0.29162280108430627
0.81375,0.19886185493556863
0.81376953125,0.13831520122016974
0.8137890625,0.039267433209820006
0.81380859375,-0.20952598152700294
0.813828125,-0.4724651470093817
0.81384765625,-0.5731282111641485
0.8138671875,-0.3942089084391649
0.81388671875,-0.18510141001598493
0.81390625,-0.23102622662618066
0.81392578125,-0.3807453379154344
0.8139453125,-0.31422098397801673
0.81396484375,-0.030959982616192087
0.813984375,0.2502218975509827
0.81400390625,0.3683844444232133
0.8140234375,0.2705522862387276
0.81404296875,0.2759132359767743
0.8140625,0.4664923195942393
0.81408203125,0.41999999537279287
0.8141015625,0.2599787335590119
0.81412109375,0.38454588100117926
0.814140625,0.5101150320544308
0.81416015625,0.39494279549874645
0.8141796875,0.23083822626598396
0.81419921875,-0.05087169792668326
0.81421875,-0.14104739838461622
0.81423828125,0.2245529402705253
0.8142578125,0.29855508320889645
0.81427734375,0.08265321593805529
0.814296875,0.20886657737000758
0.81431640625,0.4179175880561191
0.8143359375,0.31719891820973006
0.81435546875,-0.007235534146710045
0.814375,-0.0755565152419711
0.81439453125,0.12238582880746199
0.8144140625,0.03642527346018307
0.81443359375,-0.032940326629908756
0.814453125,0.28320799928370294
0.81447265625,0.33839875243466877
0.8144921875,-0.03644325503054236
0.81451171875,-0.10348728476022799
0.81453125,0.2904732055004977
0.81455078125,0.5053268549462946
0.8145703125,0.212497282648961
0.81458984375,0.11526728221029378
0.814609375,0.534131250486152
0.81462890625,0.6105865028024239
0.8146484375,0.42976103524642495
0.81466796875,0.43821103900475883
0.8146875,0.351293013055092
0.81470703125,0.5005917274072242
0.8147265625,0.9394725107190777
0.81474609375,1.0173162242924283
0.814765625,0.6316672428488093
0.81478515625,0.243022149534343
0.8148046875,0.30012672377098537
0.81482421875,0.48696958106868654
0.81484375,0.2642102953032434
0.81486328125,-0.08360624762349655
0.8148828125,-0.2669477062189908
0.81490234375,-0.32661028312857404
0.814921875,-0.2818191920993359
0.81494140625,-0.44791427754206553
0.8149609375,-0.6916226488306559
0.81498046875,-0.5431694064204265
0.815,-0.22007258853385128
0.81501953125,-0.0888750453861051
0.8150390625,-0.44135751293524994
0.81505859375,-0.8834641300370326
0.815078125,-0.5715990169928983
0.81509765625,-0.10732026705056794
0.8151171875,-0.22037402987237395
0.81513671875,-0.4266752958673272
0.81515625,-0.39891535535894085
0.81517578125,-0.19914822596753512
0.8151953125,-0.23036388498209057
0.81521484375,-0.5330061008440953
0.815234375,-0.3691375081213233
0.81525390625,-0.18401941478567008
0.8152734375,-0.5415454696119086
0.81529296875,-0.5609317467353163
0.8153125,-0.22254443636216847
0.81533203125,-0.15561715001085963
0.8153515625,-0.17766485679708954
0.81537109375,0.00907140854107756
0.815390625,0.45273090583868925
0.81541015625,0.622451666731552
0.8154296875,0.309181232820362
0.81544921875,0.1463157249905497
0.81546875,0.2664169789436131
0.81548828125,0.33153897737288535
0.8155078125,0.04096793391926086
0.81552734375,-0.3520459142556254
0.815546875,-0.3232678155324168
0.81556640625,-0.20473076651450084
0.8155859375,-0.32271610712099486
0.81560546875,-0.3595161850667976
0.815625,-0.2550115274169946
0.81564453125,-0.3158783958292768
0.8156640625,-0.3393471168900707
0.81568359375,-0.1768417011898363
0.815703125,-0.2974823244214722
0.81572265625,-0.46276742160103507
0.8157421875,-0.3655906493800133
0.81576171875,-0.3777217420842107
0.81578125,-0.4664838738475502
0.81580078125,-0.46113397481655366
0.8158203125,-0.2734639482554174
0.81583984375,-0.08655254260403622
0.815859375,-0.3379867869906832
0.81587890625,-0.44769942872250923
0.8158984375,-0.03656144034723975
0.81591796875,0.002071693490338762
0.8159375,-0.3379987376485325
0.81595703125,-0.5025396114337042
0.8159765625,-0.5583177802460617
0.81599609375,-0.4806331370853911
0.816015625,-0.4589879305300689
0.81603515625,-0.48681845644891164
0.8160546875,-0.439382654465817
0.81607421875,-0.42383996323215417
0.81609375,-0.28589366016651263
0.81611328125,-0.2519141839323674
0.8161328125,-0.2697818773075501
0.81615234375,-0.2006496998730173
0.816171875,-0.32114314987627457
0.81619140625,-0.4261738427461415
0.8162109375,-0.50037656322937
0.81623046875,-0.42755135248322085
0.81625,-0.39233822645516614
0.81626953125,-0.8586321111084754
0.8162890625,-1.034339579040023
0.81630859375,-0.8270866157613237
0.816328125,-0.7788349223355433
0.81634765625,-0.6250762432213883
0.8163671875,-0.621603392270844
0.81638671875,-0.6711252159186865
0.81640625,-0.3993358559963024
0.81642578125,-0.3171032712417261
0.8164453125,-0.39775654927196463
0.81646484375,-0.31400102269569274
0.816484375,-0.19747861716758125
0.81650390625,-0.12361395368349098
0.8165234375,-0.12964392544613318
0.81654296875,-0.11807665036366222
0.8165625,-0.08033382991426484
0.81658203125,-0.21971431362297222
0.8166015625,-0.45146237674264633
0.81662109375,-0.36005747571570546
0.816640625,0.012612355553687261
0.81666015625,0.2141791583864178
0.8166796875,0.23725348358235432
0.81669921875,0.21266349919740613
0.81671875,0.16649889180549307
0.81673828125,0.0996230539608611
0.8167578125,-0.018476492891745216
0.81677734375,-0.2737334661484676
0.816796875,-0.5825260108336484
0.81681640625,-0.47005897997281676
0.8168359375,-0.22886885518529618
0.81685546875,-0.37481044568101474
0.816875,-0.5188828973975554
0.81689453125,-0.5230864214528983
0.8169140625,-0.4432880660364238
0.81693359375,-0.2908579791299578
0.816953125,-0.28228343459247607
0.81697265625,-0.18207341517315703
0.8169921875,-0.01847010865402008
0.81701171875,-0.21214909825560158
0.81703125,-0.44417569943941215
0.81705078125,-0.4633057267428756
0.8170703125,-0.6609877860686687
0.81708984375,-1.0491039953565187
0.817109375,-1.1445735320930397
0.81712890625,-0.8048879951322936
0.8171484375,-0.5436317438502858
0.81716796875,-0.6618667254068658
0.8171875,-0.6080950759708637
0.81720703125,-0.27427449962626677
0.8172265625,-0.23695565347220704
0.81724609375,-0.3431779339174638
0.817265625,-0.3312889804092991
0.81728515625,-0.2666125403510553
0.8173046875,-0.07829338193887095
0.81732421875,-0.08102196261097802
0.81734375,-0.45601952603935747
0.81736328125,-0.693801902971309
0.8173828125,-0.378900509346182
0.81740234375,-0.022394904978755695
0.817421875,-0.2870864636245632
0.81744140625,-0.608698638258384
0.8174609375,-0.37296403399502176
0.81748046875,-0.04532304645373423
0.8175,-0.10134452992454077
0.81751953125,-0.327465843776107
0.8175390625,-0.3078062702452023
0.81755859375,-0.09346783746146461
0.817578125,-0.0408658263313109
0.81759765625,-0.2616062999209361
0.8176171875,-0.3706827778973843
0.81763671875,-0.16888506492026348
0.81765625,-0.16740187176986188
0.81767578125,-0.42154008195238823
0.8176953125,-0.5316406855862645
0.81771484375,-0.5294273508679928
0.817734375,-0.39594944447579516
0.81775390625,-0.21138194804876662
0.8177734375,-0.21026844113466484
0.81779296875,-0.11611660542227183
0.8178125,0.07626726168348996
0.81783203125,0.01977723371759743
0.8178515625,-0.007247941209062693
0.81787109375,-0.013781987700399047
0.817890625,-0.22996301611987024
0.81791015625,-0.327967385847111
0.8179296875,-0.3569838326460163
0.81794921875,-0.3716826836127528
0.81796875,-0.15255663449853848
0.81798828125,0.1814227800001184
0.8180078125,0.27994086844201044
0.81802734375,0.08479357943044166
0.818046875,0.17763048172631798
0.81806640625,0.28419061830540115
0.8180859375,-0.0961241395748805
0.81810546875,-0.15993410950626388
0.818125,0.10167969992352321
0.81814453125,0.11635428006811945
0.8181640625,0.003646837134395356
0.81818359375,-0.2661827352724305
0.818203125,-0.41758746965467547
0.81822265625,-0.30921351767987043
0.8182421875,-0.360731045577289
0.81826171875,-0.3760698586632475
0.81828125,-0.20080649148677238
0.81830078125,-0.19691150491874332
0.8183203125,-0.236118270006446
0.81833984375,-0.1645455767732195
0.818359375,-0.2467783175114895
0.81837890625,-0.252673421803535
0.8183984375,0.0027818254039652743
0.81841796875,0.030356344790002984
0.8184375,-0.10437626821069229
0.81845703125,0.05014415222861614
0.8184765625,0.3667454862346495
0.81849609375,0.4532276623011573
0.818515625,0.40388063701104476
0.81853515625,0.6645850114466969
0.8185546875,0.8036432134559568
0.81857421875,0.6102150061898604
0.81859375,0.8993385323403872
0.81861328125,1.3010457280060366
0.8186328125,0.922146342869647
0.81865234375,0.24999278179036222
0.818671875,0.11492616288965588
0.81869140625,0.5769536260810397
0.8187109375,0.842817134973542
0.81873046875,0.4889508053751818
0.81875,0.2791390053328242
0.81876953125,0.4276447058721327
0.8187890625,0.32569552260631485
0.81880859375,0.12577679861431898
0.818828125,0.026397746670766067
0.81884765625,-0.11165793179191219
0.8188671875,0.21582604091761862
0.81888671875,0.4633191325610417
0.81890625,-0.12486781691601521
0.81892578125,-0.2020170860939314
0.8189453125,0.22096410645830264
0.81896484375,0.06400835984688999
0.818984375,-0.08678200894959286
0.81900390625,-0.10606502252108403
0.8190234375,0.00037006021603405714
0.81904296875,0.15722945241616051
0.8190625,-0.27866580476847574
0.81908203125,-0.6626992366440756
0.8191015625,-0.4929786519519522
0.81912109375,-0.21635254877056861
0.819140625,-0.11981116821526185
0.81916015625,-0.32780379525506875
0.8191796875,-0.3212358344447003
0.81919921875,-0.05971565812646213
0.81921875,-0.08806929726459396
0.81923828125,-0.036500308622659655
0.8192578125,0.25274026742696565
0.81927734375,0.3993521398166495
0.819296875,0.32784431056506297
0.81931640625,0.27157423456928764
0.8193359375,0.5207132861819896
0.81935546875,0.7180911488142211
0.819375,0.7054052054805023
0.81939453125,0.7027454571977414
0.8194140625,0.35997269664706766
0.81943359375,0.05801784088446536
0.819453125,0.28845515190486154
0.81947265625,0.32271178665614364
0.8194921875,0.0031453703610928446
0.81951171875,-0.12324991270899674
0.81953125,0.020956262918359336
0.81955078125,0.08584098496041118
0.8195703125,-0.0348919389048353
0.81958984375,-0.06747824242171274
0.819609375,-0.2129742845592217
0.81962890625,-0.2762096254246144
0.8196484375,0.017958319836173766
0.81966796875,-0.00037847521705258735
0.8196875,-0.18625938799866662
0.81970703125,-0.2594602455959481
0.8197265625,-0.5060507221725588
0.81974609375,-0.5278372672175805
0.819765625,-0.35994324572163333
0.81978515625,-0.21776719522755883
0.8198046875,0.0759738342626342
0.81982421875,0.13619771899842642
0.81984375,0.03279994912686379
0.81986328125,0.049125229360576624
0.8198828125,-0.0386715885178367
0.81990234375,-0.10313421463437515
0.819921875,-0.0729813561083761
0.81994140625,0.00846162407643098
0.8199609375,-0.006918972832376403
0.81998046875,-0.1756003435578291
0.82,-0.14215122136261413
0.82001953125,0.030962962758926946
0.8200390625,0.3067966016554261
0.82005859375,0.4085879153591654
0.820078125,0.009923094592447307
0.82009765625,-0.19807401191218887
0.8201171875,-0.05141661968400221
0.82013671875,0.09496481776732979
0.82015625,0.29605098349241843
0.82017578125,0.3888306892135616
0.8201953125,0.2336205352135246
0.82021484375,0.10275901261758733
0.820234375,0.398698107756503
0.82025390625,0.6576418243169179
0.8202734375,0.2160718590166779
0.82029296875,-0.10298431176336147
0.8203125,0.0346002528553088
0.82033203125,-0.1216185038359382
0.8203515625,-0.20218944506256556
0.82037109375,0.1696426016593772
0.820390625,0.4988239760408419
0.82041015625,0.45571480811906406
0.8204296875,0.1891970749880343
0.82044921875,0.24089327482165265
0.82046875,0.42265165799893323
0.82048828125,0.3261444015340967
0.8205078125,0.3450037958149819
0.82052734375,0.36138920939325425
0.820546875,0.28123662176867414
0.82056640625,0.37614334972830454
0.8205859375,0.399247900978967
0.82060546875,0.5076324096392817
0.820625,0.7665517852928314
0.82064453125,0.8452678413184893
0.8206640625,0.858502311144096
0.82068359375,0.788095054458968
0.820703125,0.5999401716163841
0.82072265625,0.5426600557506378
0.8207421875,0.6798965663925437
0.82076171875,0.7594516728836528
0.82078125,0.5800736042418491
0.82080078125,0.42076430274692544
0.8208203125,0.4830453998587225
0.82083984375,0.4326553219705712
0.820859375,0.18512297167654332
0.82087890625,0.12455093409977003
0.8208984375,0.1847908361884502
0.82091796875,0.07537706478422912
0.8209375,-0.030531181803001406
0.82095703125,-0.05720250105771313
0.8209765625,-0.03184737439238829
0.82099609375,0.044549790125130995
0.821015625,0.0394908953824577
0.82103515625,0.10788604041958573
0.8210546875,0.1375012911674737
0.82107421875,-0.11319811910757964
0.82109375,-0.2601189762059303
0.82111328125,-0.37736716173489415
0.8211328125,-0.5805502668029087
0.82115234375,-0.2973601882042938
0.821171875,0.05112006756035256
0.82119140625,-0.1367344726725364
0.8212109375,-0.13311345772600322
0.82123046875,0.30661012048743996
0.82125,0.5529749424276981
0.82126953125,0.3565104311895031
0.8212890625,-0.046351790427573286
0.82130859375,-0.0711387900249267
0.821328125,0.2934301234896422
0.82134765625,0.4234665016277515
0.8213671875,0.291387456672099
0.82138671875,0.14328474283401732
0.82140625,0.16562419698976477
0.82142578125,0.5434120665465397
0.8214453125,0.7757880782648789
0.82146484375,0.6049866551211162
0.821484375,0.578738329071442
0.82150390625,0.6741110026342043
0.8215234375,0.6011214845983255
0.82154296875,0.3951235809721322
0.8215625,0.15656601800173928
0.82158203125,0.09370957062071573
0.8216015625,0.18886174099609004
0.82162109375,0.17927240209732812
0.821640625,-0.08632408601272905
0.82166015625,-0.18654754020667505
0.8216796875,-0.02271177288452291
0.82169921875,-0.18662671634516134
0.82171875,-0.4030191101308409
0.82173828125,-0.3957228265103213
0.8217578125,-0.3534831657028461
0.82177734375,-0.21094358018610482
0.821796875,-0.2559447693280081
0.82181640625,-0.34236233958512197
0.8218359375,-0.2954476254918035
0.82185546875,-0.3160324079293144
0.821875,-0.027803020895150535
0.82189453125,0.09613132331335558
0.8219140625,-0.2999070793011492
0.82193359375,-0.27021333763528
0.821953125,-0.06619977002184703
0.82197265625,-0.1863528029327678
0.8219921875,-0.1364021415189066
0.82201171875,-0.0066440731627112545
0.82203125,0.1331832722459855
0.82205078125,0.29347320219257106
0.8220703125,0.16877278846515648
0.82208984375,-0.0011400441645253237
0.822109375,-0.08111975528726469
0.82212890625,-0.11673586964798656
0.8221484375,-0.028768022905295624
0.82216796875,-0.07255441871741261
0.8221875,-0.2560354116648934
0.82220703125,-0.2266619717538493
0.8222265625,0.006287672736086922
0.82224609375,-0.04664006986868871
0.822265625,-0.3180812552586586
0.82228515625,-0.18296077345992415
0.8223046875,0.10227066508922153
0.82232421875,0.11624293024399301
0.82234375,0.07563547189577696
0.82236328125,0.04436328932581384
0.8223828125,-0.04127686507329842
0.82240234375,-0.05923405059037213
0.822421875,0.20581577369498866
0.82244140625,0.5771098809272658
0.8224609375,0.3759898101159576
0.82248046875,-0.12388094367304947
0.8225,0.2044410112007923
0.82251953125,0.7837187478918359
0.8225390625,0.41990197308143185
0.82255859375,-0.05810159173633532
0.822578125,0.16163462836952652
0.82259765625,0.4462495514433871
0.8226171875,0.461373803109655
0.82263671875,0.448027862316922
0.82265625,0.43893926458691546
0.82267578125,0.3760889290038556
0.8226953125,0.5193369728424744
0.82271484375,0.8344379696483528
0.822734375,0.7501838558818553
0.82275390625,0.5137967918695425
0.8227734375,0.7069461600288744
0.82279296875,0.9372885383583571
0.8228125,0.7643629661772258
0.82283203125,0.4158772025321384
0.8228515625,0.24713940949335256
0.82287109375,0.17561422216458786
0.822890625,-0.02753841276830745
0.82291015625,-0.1741325041551316
0.8229296875,-0.13591687254648227
0.82294921875,-0.213251767668933
0.82296875,-0.42813350350835866
0.82298828125,-0.40861248115567506
0.8230078125,-0.1768588507494317
0.82302734375,-0.1245356741578488
0.823046875,-0.19026793101335762
0.82306640625,0.03171190409902053
0.8230859375,0.20422419562292188
0.82310546875,-0.11206550708225817
0.823125,-0.491995371839554
0.82314453125,-0.588899790880316
0.8231640625,-0.4067578949760969
0.82318359375,-0.17716267480785103
0.823203125,-0.2958253328112241
0.82322265625,-0.5424257638293553
0.8232421875,-0.3907805007720495
0.82326171875,-0.047604810478648237
0.82328125,-0.09417140665882952
0.82330078125,-0.2704273995260992
0.8233203125,-0.055489412552531835
0.82333984375,0.25312492717230284
0.823359375,0.36389663184992194
0.82337890625,0.3116497584325181
0.8233984375,0.18184446651260255
0.82341796875,0.17713475320692001
0.8234375,0.2560018101113957
0.82345703125,0.1867176957288432
0.8234765625,-0.18376656724492293
0.82349609375,-0.4346527279019664
0.823515625,-0.18491157656326745
0.82353515625,-0.10314602520263094
0.8235546875,-0.28313778583082166
0.82357421875,-0.30540835614324746
0.82359375,-0.37377193423043
0.82361328125,-0.40476580611542623
0.8236328125,-0.48068203110500185
0.82365234375,-0.49591502853687086
0.823671875,-0.3068935539581603
0.82369140625,-0.4829623752474351
0.8237109375,-0.566431788636922
0.82373046875,-0.30962038864143676
0.82375,-0.26645251649706275
0.82376953125,-0.15775106160210284
0.8237890625,-0.06638089676870032
0.82380859375,-0.14847919728830672
0.823828125,-0.24027130676300473
0.82384765625,-0.39848227023580907
0.8238671875,-0.3065836096290859
0.82388671875,-0.032678414653363116
0.82390625,0.04971263504940086
0.82392578125,-0.17128744185988934
0.8239453125,-0.47542108299512686
0.82396484375,-0.305691622518651
0.823984375,-0.1293944453280081
0.82400390625,-0.4401071548704399
0.8240234375,-0.5183010577662324
0.82404296875,-0.2668414695861007
0.8240625,-0.2553654810594298
0.82408203125,-0.3839558107814259
0.8241015625,-0.1868765521950616
0.82412109375,0.21692686408018824
0.824140625,0.2410175520094568
0.82416015625,-0.03887901859029176
0.8241796875,-0.10469789773912985
0.82419921875,-0.11566190997004829
0.82421875,-0.3652741595804756
0.82423828125,-0.3671014124911882
0.8242578125,-0.13945435885782256
0.82427734375,-0.3733045471942691
0.824296875,-0.5401987662639525
0.82431640625,-0.32319784159423215
0.8243359375,-0.552136619580117
0.82435546875,-0.9615139388554654
0.824375,-0.8670769741078719
0.82439453125,-0.5180488666458849
0.8244140625,-0.35233771273397685
0.82443359375,-0.44828379553534126
0.824453125,-0.36251967885727254
0.82447265625,-0.0039663258643220164
0.8244921875,0.18154355947547096
0.82451171875,0.16084118926154856
0.82453125,0.05017269437215191
0.82455078125,0.005191027051459757
0.8245703125,0.10700299920511386
0.82458984375,0.22650833860875613
0.824609375,0.414710246118945
0.82462890625,0.36192391640628807
0.8246484375,0.025971020666086503
0.82466796875,-0.004416157004349246
0.8246875,-0.05896967075161945
0.82470703125,-0.43599643103306307
0.8247265625,-0.44261068460919467
0.82474609375,-0.016870932819311735
0.824765625,0.25310615522279806
0.82478515625,0.06913874947000852
0.8248046875,-0.2666594240753732
0.82482421875,-0.15054231608079574
0.82484375,0.11989592684854337
0.82486328125,-0.051817061711982276
0.8248828125,-0.46210886057085077
0.82490234375,-0.6956646254701664
0.824921875,-0.5708126159430041
0.82494140625,-0.4326854364133339
0.8249609375,-0.5370162983090762
0.82498046875,-0.7070152777724716
0.825,-0.9068911835877904
0.82501953125,-0.89232683804387
0.8250390625,-0.6652480494058446
0.82505859375,-0.5936624426372159
0.825078125,-0.6776709068296785
0.82509765625,-0.7106461568837528
0.8251171875,-0.6354048335426712
0.82513671875,-0.6842247834399253
0.82515625,-0.8271525940126594
0.82517578125,-0.8379039167256297
0.8251953125,-0.7423683564553345
0.82521484375,-0.6197036883845307
0.825234375,-0.5249198216428436
0.82525390625,-0.22872110449259675
0.8252734375,0.10731989880598959
0.82529296875,0.0738159212930009
0.8253125,0.040017997848610806
0.82533203125,0.003572161038050699
0.8253515625,-0.13348852954650747
0.82537109375,-0.0871611743601732
0.825390625,-0.14395347468973946
0.82541015625,-0.14024414225790485
0.8254296875,0.14343977593364207
0.82544921875,0.11324512457120434
0.82546875,-0.23093473950665772
0.82548828125,-0.27197656672372805
0.8255078125,-0.09407612238660538
0.82552734375,-0.14825810796209185
0.825546875,-0.24009841629206954
0.82556640625,-0.26787503056518663
0.8255859375,-0.3692475847326275
0.82560546875,-0.3250431108685374
0.825625,-0.31751994691684193
0.82564453125,-0.4863017500091228
0.8256640625,-0.3625653683568856
0.82568359375,-0.04106156306662191
0.825703125,-0.009708436607082566
0.82572265625,-0.16766662879798294
0.8257421875,-0.10102150685426796
0.82576171875,0.16905477423282939
0.82578125,0.23193817463091534
0.82580078125,0.1968103124439626
0.8258203125,0.15113821946249764
0.82583984375,-0.09988824275765365
0.825859375,-0.07536504892173962
0.82587890625,0.10491857208624286
0.8258984375,-0.07297704064311474
0.82591796875,-0.19256915594474894
0.8259375,-0.24440071929223403
0.82595703125,-0.2881018833918414
0.8259765625,-0.06724518217902539
0.82599609375,0.14301557197807285
0.826015625,0.23226473785307922
0.82603515625,0.2639254604583807
0.8260546875,0.3415715713006645
0.82607421875,0.5040251932522702
0.82609375,0.37184585348590876
0.82611328125,0.0566633742403109
0.8261328125,0.05250871851712578
0.82615234375,0.3223420448162656
0.826171875,0.4553387414029153
0.82619140625,0.07788611074498548
0.8262109375,-0.41464321389730724
0.82623046875,-0.2847588075992746
0.82625,0.1265910471651433
0.82626953125,0.2637857773523263
0.8262890625,0.13834930759955424
0.82630859375,-0.26209766649642774
0.826328125,-0.4347450142764103
0.82634765625,-0.005335971200134404
0.8263671875,0.31782635283092187
0.82638671875,0.19511879352249256
0.82640625,0.1177642292883031
0.82642578125,0.23652800274637528
0.8264453125,0.22774769279214419
0.82646484375,0.008596593555174357
0.826484375,-0.0919946957902575
0.82650390625,0.13588667782981842
0.8265234375,0.45761172865866384
0.82654296875,0.6115720821440154
0.8265625,0.5756278090838525
0.82658203125,0.37867077294332974
0.8266015625,0.2676141986538463
0.82662109375,0.4380012249872569
0.826640625,0.5385210086389847
0.82666015625,0.33514804165387035
0.8266796875,0.25623946748772586
0.82669921875,0.4578069690022101
0.82671875,0.5436583338574309
0.82673828125,0.5219343171793066
0.8267578125,0.5516115063035438
0.82677734375,0.5417425288983915
0.826796875,0.5281102533711366
0.82681640625,0.5326466241663179
0.8268359375,0.4280655460617073
0.82685546875,0.2652859397645193
0.826875,0.18218362647099015
0.82689453125,0.021707290632735625
0.8269140625,-0.15019398326938402
0.82693359375,-0.012126281079242768
0.826953125,0.22552910172185364
0.82697265625,0.14211063750010935
0.8269921875,-0.1826859382648351
0.82701171875,-0.27233431138126696
0.82703125,-0.19735988446872338
0.82705078125,-0.42754825880061254
0.8270703125,-0.603520802868246
0.82708984375,-0.5331039721053801
0.827109375,-0.5642433976904291
0.82712890625,-0.25357823696362775
0.8271484375,0.321638582171818
0.82716796875,0.3553835181300775
0.8271875,0.06038820769395453
0.82720703125,0.01426116810815023
0.8272265625,0.302637502172743
0.82724609375,0.3361832534369455
0.827265625,-0.06535133217207177
0.82728515625,0.06500876496660793
0.8273046875,0.5919619955368036
0.82732421875,0.7102526969943539
0.82734375,0.6766955342732104
0.82736328125,0.7766380703637649
0.8273828125,0.9578369858065471
0.82740234375,0.7543825973353171
0.827421875,0.27514631336544154
0.82744140625,0.3093644576846334
0.8274609375,0.33822758614716764
0.82748046875,0.11506908052303527
0.8275,0.27345546068544146
0.82751953125,0.4830589039343058
0.8275390625,0.31159554474568557
0.82755859375,0.00700225555345052
0.827578125,0.09562583808950843
0.82759765625,0.5088210769844023
0.8276171875,0.6432100710009666
0.82763671875,0.5229582827410153
0.82765625,0.31453597144190776
0.82767578125,0.07106335930743629
0.8276953125,-0.01745991225439343
0.82771484375,-0.13059329094235386
0.827734375,-0.2625531629287011
0.82775390625,-0.1375894378065335
0.8277734375,0.006426371618982442
0.82779296875,-0.02452444706069888
0.8278125,0.008020863012673733
0.82783203125,0.14954874765067433
0.8278515625,0.16436576375563988
0.82787109375,0.14925855998242427
0.827890625,0.2904213235353567
0.82791015625,0.3449047779142976
0.8279296875,0.20696037001238396
0.82794921875,0.07549245098151507
0.82796875,0.09560753267450829
0.82798828125,0.1513046226856695
0.8280078125,0.04846870768082672
0.82802734375,0.014830496206593317
0.828046875,0.24356682749401248
0.82806640625,0.4336038768594701
0.8280859375,0.36676968348069816
0.82810546875,0.18593407021426683
0.828125,0.13213872944984756
0.82814453125,0.23215041479814597
0.8281640625,0.1797059436158202
0.82818359375,0.01884959470060288
0.828203125,0.05098593835414511
0.82822265625,0.14701621558654554
0.8282421875,0.2971025081342754
0.82826171875,0.36695047359600697
0.82828125,0.05007021041334542
0.82830078125,-0.33430456434048333
0.8283203125,-0.3410783902404175
0.82833984375,-0.03329472353635263
0.828359375,-0.07896865360237809
0.82837890625,-0.38016504963064063
0.8283984375,-0.20821458912976507
0.82841796875,0.03542494619873605
0.8284375,0.10017292147083705
0.82845703125,0.11001954063356698
0.8284765625,0.17233194391483792
0.82849609375,0.4369510296934306
0.828515625,0.36094474652794317
0.82853515625,0.3024353879247701
0.8285546875,0.6374725241218145
0.82857421875,0.6079412237338873
0.82859375,0.35840760662812454
0.82861328125,0.3961082034345966
0.8286328125,0.6570886216139832
0.82865234375,0.7069881332278687
0.828671875,0.4571677927875246
0.82869140625,0.4579046745668325
0.8287109375,0.564314859788562
0.82873046875,0.5752177852021403
0.82875,0.6477066286474091
0.82876953125,0.600250335105257
0.8287890625,0.6482312472082001
0.82880859375,0.8116891920244199
0.828828125,0.6219667602738985
0.82884765625,0.2230928100293705
0.8288671875,0.11216912491664453
0.82888671875,0.3394953237184084
0.82890625,0.3806031366160739
0.82892578125,0.21197882801924411
0.8289453125,0.19667976863631723
0.82896484375,0.07636365086913133
0.828984375,0.13225031102812415
0.82900390625,0.6768587514765538
0.8290234375,0.8533249165184648
0.82904296875,0.3234275518902864
0.8290625,-0.2111350429751469
0.82908203125,-0.13649752848141714
0.8291015625,0.18511699444867585
0.82912109375,-0.05115940057500856
0.829140625,-0.279897123130383
0.82916015625,0.05973415675957295
0.8291796875,0.11630177998024988
0.82919921875,-0.15665720473235192
0.82921875,-0.013851126347323606
0.82923828125,0.3570849129604806
0.8292578125,0.41274780852055254
0.82927734375,0.22082559117529532
0.829296875,0.1808825549470029
0.82931640625,0.28437091329884356
0.8293359375,0.3758368051502381
0.82935546875,0.43740005743494526
0.829375,0.28438113815161037
0.82939453125,0.21205518366668594
0.8294140625,0.6452462825831116
0.82943359375,0.996271269093085
0.829453125,0.7944268182497739
0.82947265625,0.5158572174997892
0.8294921875,0.5859663545899024
0.82951171875,0.8308606397131728
0.82953125,0.9362748642414469
0.82955078125,0.9388349758615111
0.8295703125,0.8755720903273999
0.82958984375,0.6541693758680129
0.829609375,0.5016349091427851
0.82962890625,0.5461846102300458
0.8296484375,0.3354906474093629
0.82966796875,-0.04123132301558713
0.8296875,0.0074871261695559875
0.82970703125,0.10876219452508025
0.8297265625,-0.06351575292003374
0.82974609375,-0.255465428960325
0.829765625,-0.3579513300798061
0.82978515625,-0.22715402119746336
0.8298046875,-0.2366245576194757
0.82982421875,-0.4537992346371717
0.82984375,-0.3865639232738215
0.82986328125,-0.30568979038206107
0.8298828125,-0.29629783659633835
0.82990234375,-0.32988281482134896
0.829921875,-0.5263570593303567
0.82994140625,-0.44179747661162505
0.8299609375,-0.24569370131063828
0.82998046875,-0.2956512510020749
0.83,-0.4419026836498973
0.83001953125,-0.5332598217350134
0.8300390625,-0.202321846834147
0.83005859375,-0.025162565528719733
0.830078125,-0.502729214401857
0.83009765625,-0.45056657834966696
0.8301171875,0.057646968844322286
0.83013671875,-0.07937037393037034
0.83015625,-0.2518798180069176
0.83017578125,0.04279537742486715
0.8301953125,0.17585868005546093
0.83021484375,-0.10814498692494853
0.830234375,-0.3804853901285007
0.83025390625,-0.357445760469406
0.8302734375,-0.3353771640185621
0.83029296875,-0.4382214983390903
0.8303125,-0.4830464552771304
0.83033203125,-0.49117562049074653
0.8303515625,-0.5943025952750141
0.83037109375,-0.6044599533361017
0.830390625,-0.3013001056311231
0.83041015625,-0.022230372147320612
0.8304296875,0.022295071271501845
0.83044921875,-0.05426159648386359
0.83046875,-0.14051994414338562
0.83048828125,-0.09298837353414544
0.8305078125,0.03332607388026314
0.83052734375,0.21042404921099
0.830546875,0.24568256483083464
0.83056640625,0.10589836722670873
0.8305859375,0.3125968191220534
0.83060546875,0.5772914971797689
0.830625,0.40908817831287125
0.83064453125,0.3213486907150903
0.8306640625,0.5480932400233692
0.83068359375,0.8817822882700865
0.830703125,0.9915798829721547
0.83072265625,0.603570974477305
0.8307421875,0.47205175008452477
0.83076171875,0.6754831712794203
0.83078125,0.3712665888977168
0.83080078125,0.153870513227287
0.8308203125,0.21524662438880948
0.83083984375,-0.04933117765570059
0.830859375,-0.18664022699449734
0.83087890625,-0.14247771692807168
0.8308984375,-0.09802851085437067
0.83091796875,-0.07895011632933337
0.8309375,-0.28281475136690226
0.83095703125,-0.2115860578087598
0.8309765625,-0.11663406039170804
0.83099609375,-0.3890945060717699
0.831015625,-0.3929387682659182
0.83103515625,-0.3706296140720366
0.8310546875,-0.3532717229669189
0.83107421875,-0.0669911055838857
0.83109375,-0.12388264278724459
0.83111328125,-0.24659364220140728
0.8311328125,-0.06005630306977206
0.83115234375,0.1331532296733866
0.831171875,0.26263948700765416
0.83119140625,0.0977788019393606
0.8312109375,-0.12001926925914189
0.83123046875,-0.0639400128652077
0.83125,-0.059515735219127126
0.83126953125,-0.10276789116126633
0.8312890625,-0.03077383275932334
0.83130859375,0.04149575883468119
0.831328125,0.1683972921088509
0.83134765625,0.4295554072878059
0.8313671875,0.5579695512034956
0.83138671875,0.45605570279468555
0.83140625,0.38982788174361027
0.83142578125,0.47580468899127254
0.8314453125,0.48699536136171623
0.83146484375,0.1808072629506751
0.831484375,-0.0368700016379712
0.83150390625,0.015403652057665772
0.8315234375,-0.10361194073538621
0.83154296875,-0.14146521791418074
0.8315625,-0.08686719949148254
0.83158203125,-0.3042842705367456
0.8316015625,-0.3693704600155759
0.83162109375,-0.24324159268703222
0.831640625,-0.17465876216506993
0.83166015625,-0.2496385439179995
0.8316796875,-0.5730024312630142
0.83169921875,-0.7337592416930654
0.83171875,-0.6509393405972737
0.83173828125,-0.5718202712390217
0.8317578125,-0.49418079991161123
0.83177734375,-0.4658430057966278
0.831796875,-0.5027090879603479
0.83181640625,-0.5899145826233787
0.8318359375,-0.6132187473141197
0.83185546875,-0.5979756238618383
0.831875,-0.6983587644965052
0.83189453125,-0.7520083788752626
0.8319140625,-0.5772659023001683
0.83193359375,-0.46793451639736516
0.831953125,-0.666097801181421
0.83197265625,-0.8116467836852905
0.8319921875,-0.6570647599987121
0.83201171875,-0.27705663457955687
0.83203125,0.11177755685368991
0.83205078125,0.1969056934728332
0.8320703125,0.10670871542079884
0.83208984375,0.12316077476559861
0.832109375,0.19718210424892613
0.83212890625,0.1310213838949081
0.8321484375,-0.16969604992682152
0.83216796875,-0.3745660517770144
0.8321875,-0.24264510941720419
0.83220703125,-0.11496286496207314
0.8322265625,-0.160908620091469
0.83224609375,-0.09280041400964384
0.832265625,0.1468225630125915
0.83228515625,0.1976026674552741
0.8323046875,0.13881038824897649
0.83232421875,0.14634459005430195
0.83234375,-0.11836902696087231
0.83236328125,-0.479736568005475
0.8323828125,-0.5304239283322416
0.83240234375,-0.44699442994579397
0.832421875,-0.563671105694051
0.83244140625,-0.6073718621963992
0.8324609375,-0.31841585770204706
0.83248046875,-0.21957401020993159
0.8325,-0.10486758495644288
0.83251953125,0.09619860459748705
0.8325390625,-0.21737466459288585
0.83255859375,-0.31325904963865403
0.832578125,0.031543334277411086
0.83259765625,0.1786812538108679
0.8326171875,0.2854755147119567
0.83263671875,0.2140592116041559
0.83265625,0.12254896182985749
0.83267578125,0.3010953519789941
0.8326953125,0.18070317111356848
0.83271484375,0.046738363999760946
0.832734375,0.3419348397107337
0.83275390625,0.4959676898019234
0.8327734375,0.41013301145365333
0.83279296875,0.15314151984434737
0.8328125,-0.06882400406754369
0.83283203125,0.1640581893687973
0.8328515625,0.1588865709823435
0.83287109375,-0.25713191474356467
0.832890625,-0.35880328528145067
0.83291015625,-0.28476232773582894
0.8329296875,-0.36271914519764803
0.83294921875,-0.7385811297144254
0.83296875,-1.1171128880610386
0.83298828125,-1.0876562934578233
0.8330078125,-1.0083317890927568
0.83302734375,-1.005417446718786
0.833046875,-1.0351291773738207
0.83306640625,-0.9960287123657091
0.8330859375,-0.6264157606876891
0.83310546875,-0.5115236737802451
0.833125,-0.749542205055932
0.83314453125,-0.7239998388443487
0.8331640625,-0.6207507862195298
0.83318359375,-0.5611956579156016
0.833203125,-0.5188148032804577
0.83322265625,-0.5136673210899245
0.8332421875,-0.3854833004591013
0.83326171875,-0.33886867875479837
0.83328125,-0.4185578749490618
0.83330078125,-0.5685939208909769
0.8333203125,-0.5694011356160413
0.83333984375,-0.12848081891690677
0.833359375,0.04328014008830175
0.83337890625,-0.308036999810076
0.8333984375,-0.45159940165913315
0.83341796875,-0.2767758568876116
0.8334375,-0.05665617249319582
0.83345703125,-0.08177772298493563
0.8334765625,-0.3290212058580447
0.83349609375,-0.365960244418703
0.833515625,-0.2622813268486397
0.83353515625,-0.2885407731057565
0.8335546875,-0.4420210906688698
0.83357421875,-0.45850687658779815
0.83359375,-0.25249665383912184
0.83361328125,-0.29190220604438655
0.8336328125,-0.5104304673032439
0.83365234375,-0.4735742536044743
0.833671875,-0.2446738386757391
0.83369140625,-0.20731168963545496
0.8337109375,-0.5107171034168317
0.83373046875,-0.45783133523482755
0.83375,0.09211404738846314
0.83376953125,0.48254820229317746
0.8337890625,0.6353141696070352
0.83380859375,0.41164363988324015
0.833828125,0.0050593901473250675
0.83384765625,0.030345452210427414
0.8338671875,0.23171724473334376
0.83388671875,0.10832766389417148
0.83390625,-0.2523648718266986
0.83392578125,-0.4000194601458438
0.8339453125,-0.23233971392514205
0.83396484375,-0.04407278966203205
0.833984375,-0.051582508944178124
0.83400390625,-0.17703880262603666
0.8340234375,0.048472112776632464
0.83404296875,0.4879381294928147
0.8340625,0.5997970981099056
0.83408203125,0.4606403464744371
0.8341015625,0.2862110086434149
0.83412109375,0.3052247231207735
0.834140625,0.3655498882377681
0.83416015625,0.2114899012501713
0.8341796875,0.114473457528574
0.83419921875,-0.009335986200897983
0.83421875,-0.13183494785327898
0.83423828125,-0.014336219409347636
0.8342578125,0.11192742723853094
0.83427734375,0.054176048479281716
0.834296875,-0.20142626672980152
0.83431640625,-0.24608388846531137
0.8343359375,0.03746831124671067
0.83435546875,0.14620079008620734
0.834375,0.12047051488361088
0.83439453125,0.14567980759291474
0.8344140625,0.11337909046162085
0.83443359375,0.02194491025421294
0.834453125,0.004051642891546834
0.83447265625,0.0912988684416525
0.8344921875,0.23194895188396464
0.83451171875,0.5643696278019017
0.83453125,0.831302613712468
0.83455078125,0.6091935247081937
0.8345703125,0.3573170658865209
0.83458984375,0.41335397505929017
0.834609375,0.38983243198216566
0.83462890625,0.2577638325647091
0.8346484375,0.0175129833617615
0.83466796875,-0.2565036935138803
0.8346875,-0.1811646308217491
0.83470703125,-0.04484927113742
0.8347265625,0.08435530546927986
0.83474609375,0.44121352030050637
0.834765625,0.5045727795532711
0.83478515625,0.22987110626658436
0.8348046875,0.3445893987964145
0.83482421875,0.7093771727225506
0.83484375,0.503738682086223
0.83486328125,0.05808577187154421
0.8348828125,0.06498921727718199
0.83490234375,0.050085619404219094
0.834921875,-0.1785495566750476
0.83494140625,-0.22769080660339674
0.8349609375,-0.2602966261808828
0.83498046875,-0.23519475939424403
0.835,-0.09834079863720879
0.83501953125,-0.19165160717182642
0.8350390625,-0.30909932658255584
0.83505859375,-0.24064623563328857
0.835078125,-0.02066605931426721
0.83509765625,0.10500931242680867
0.8351171875,-0.1917886942134081
0.83513671875,-0.37063471920947416
0.83515625,-0.2972732131880673
0.83517578125,-0.3729871468269844
0.8351953125,-0.24470343090689978
0.83521484375,-0.0938558085698013
0.835234375,-0.19033397043059047
0.83525390625,0.019562263881995563
0.8352734375,0.27189988018712735
0.83529296875,0.14422717590013812
0.8353125,0.0075892870688497455
0.83533203125,0.13422060469070488
0.8353515625,0.5058662416189051
0.83537109375,0.6541943727627482
0.835390625,0.5706294106405236
0.83541015625,0.7150128776157907
0.8354296875,0.612493372224591
0.83544921875,0.22394366557981582
0.83546875,0.21861206440356096
0.83548828125,0.28854921163325137
0.8355078125,0.17897537613989906
0.83552734375,0.3098613738072902
0.835546875,0.5856036051912872
0.83556640625,0.5898946432503733
0.8355859375,0.39541381731694947
0.83560546875,0.2776940051756844
0.835625,0.2671148359406608
0.83564453125,0.4072742019219849
0.8356640625,0.6624012181552654
0.83568359375,0.7376792710211817
0.835703125,0.5093044474322899
0.83572265625,0.18193868396222648
0.8357421875,0.1772078117898639
0.83576171875,0.3662588605606473
0.83578125,0.07972726461907767
0.83580078125,-0.3339606308603202
0.8358203125,-0.3710629593535819
0.83583984375,-0.38532220732908457
0.835859375,-0.2892639765199638
0.83587890625,-0.05558331814035731
0.8358984375,-0.07633621222499481
0.83591796875,-0.18999089062950092
0.8359375,-0.043426909417768146
0.83595703125,0.27379243365829115
0.8359765625,0.38920714185132416
0.83599609375,0.3172679147968559
0.836015625,0.3436460008044391
0.83603515625,0.49632242595150566
0.8360546875,0.6029099638208343
0.83607421875,0.5232325192297992
0.83609375,0.40252833449668485
0.83611328125,0.3523415281514842
0.8361328125,0.38379662606073184
0.83615234375,0.4123891957439768
0.836171875,0.14855301734698062
0.83619140625,-0.1405789875536556
0.8362109375,-0.026414725660188904
0.83623046875,0.17928336033810616
0.83625,0.2836698879371598
0.83626953125,0.4070959141564421
0.8362890625,0.31314728031170025
0.83630859375,0.08206376520420364
0.836328125,0.1437043095219598
0.83634765625,0.3050434539337433
0.8363671875,0.22387718021334843
0.83638671875,0.16516967459848414
0.83640625,0.2669712429766028
0.83642578125,0.2038202096341682
0.8364453125,0.12765291123009345
0.83646484375,0.2909942571882247
0.836484375,0.4048688692568515
0.83650390625,0.38259532392043155
0.8365234375,0.358829347176181
0.83654296875,0.47370672478546827
0.8365625,0.6705393635896771
0.83658203125,0.6499765202977806
0.8366015625,0.6257500347492695
0.83662109375,0.753790640944968
0.836640625,0.7535767426287823
0.83666015625,0.7493538257356416
0.8366796875,0.8572372207260468
0.83669921875,0.9122199115702612
0.83671875,0.8687464540386226
0.83673828125,0.6059467787847613
0.8367578125,0.3399341142911138
0.83677734375,0.4390867987657657
0.836796875,0.4589402303426408
0.83681640625,0.25752399780081886
0.8368359375,0.30493260075779344
0.83685546875,0.3632991108259571
0.836875,0.42142614039542153
0.83689453125,0.6711938599269396
0.8369140625,0.5872858614322599
0.83693359375,0.34862132039412996
0.836953125,0.35170789632141086
0.83697265625,0.39495988441264596
0.8369921875,0.4681470069233972
0.83701171875,0.3029409195952826
0.83703125,0.037671704506821474
0.83705078125,0.10307725844869216
0.8370703125,0.18666835499980272
0.83708984375,0.2673197935355307
0.837109375,0.2621939255861465
0.83712890625,-0.056608955543392826
0.8371484375,-0.12279041774905615
0.83716796875,0.10822965881832158
0.8371875,0.023154871765294273
0.83720703125,-0.11587429683484113
0.8372265625,0.18817416437897158
0.83724609375,0.514329762211552
0.837265625,0.47174300036562933
0.83728515625,0.34565520730021365
0.8373046875,0.362513796533366
0.83732421875,0.4959870714025821
0.83734375,0.48727049449796034
0.83736328125,0.31279401853541056
0.8373828125,0.34832102946667676
0.83740234375,0.3584159180918604
0.837421875,0.14115119461050255
0.83744140625,0.08823007691238932
0.8374609375,0.14610174790016642
0.83748046875,0.25708875410547305
0.8375,0.504622585512632
0.83751953125,0.5891752728063331
0.8375390625,0.5982062685984548
0.83755859375,0.6662359183690855
0.837578125,0.5301517623508798
0.83759765625,0.40700470622775237
0.8376171875,0.45817697974961524
0.83763671875,0.40277877073644097
0.83765625,0.31197481023188683
0.83767578125,0.2960623800319431
0.8376953125,0.28789325532303855
0.83771484375,0.21851749772699824
0.837734375,0.05508669343976548
0.83775390625,-0.028352088199227007
0.8377734375,-0.0368955735255654
0.83779296875,0.03382700643237231
0.8378125,0.11455246060063559
0.83783203125,-0.17147498009081175
0.8378515625,-0.505865527903942
0.83787109375,-0.5094557851910708
0.837890625,-0.48073562730158903
0.83791015625,-0.5044510998975488
0.8379296875,-0.5273664566202803
0.83794921875,-0.5388260085133558
0.83796875,-0.5104501781846209
0.83798828125,-0.4381313881657152
0.8380078125,-0.15597847777316548
0.83802734375,0.1237506814201995
0.838046875,-0.017694109097972366
0.83806640625,-0.25206721287797623
0.8380859375,-0.16393963761362457
0.83810546875,0.05685464608097852
0.838125,0.14043797902867616
0.83814453125,-0.007426588682508631
0.8381640625,-0.1507872729886403
0.83818359375,0.0025103721315504965
0.838203125,0.22636129883347383
0.83822265625,0.24933178010743465
0.8382421875,0.17462267062483594
0.83826171875,0.21674541660620555
0.83828125,0.31615314351960666
0.83830078125,0.11251051977634305
0.8383203125,-0.22237516307663566
0.83833984375,-0.14203009562400618
0.838359375,0.2540655522990766
0.83837890625,0.5983277625341925
0.8383984375,0.5236948808305963
0.83841796875,-0.008215828785233872
0.8384375,-0.16141585534512343
0.83845703125,0.11613236475861918
0.8384765625,-0.04996105415148103
0.83849609375,-0.41547936000754904
0.838515625,-0.26831284922151694
0.83853515625,0.010949298850634767
0.8385546875,-0.15564327227453295
0.83857421875,-0.3338478205822824
0.83859375,-0.22711177745032615
0.83861328125,-0.13808513373474912
0.8386328125,-0.011498301300796751
0.83865234375,0.19517609713936768
0.838671875,0.33916569887237613
0.83869140625,0.3192741658062611
0.8387109375,0.35945503259330647
0.83873046875,0.7522219712985456
0.83875,0.8540601412709027
0.83876953125,0.4624484712890462
0.8387890625,0.4237837962386546
0.83880859375,0.6279489941817664
0.838828125,0.5153653716270887
0.83884765625,0.1608990351310116
0.8388671875,-0.16898165372203106
0.83888671875,-0.2905891433671878
0.83890625,-0.41253963513521574
0.83892578125,-0.4267952826518721
0.8389453125,-0.3659095896110577
0.83896484375,-0.6918450208328324
0.838984375,-0.7969575266953821
0.83900390625,-0.6050618482571987
0.8390234375,-0.6921346513682509
0.83904296875,-0.466935054047321
0.8390625,-0.1835675142231924
0.83908203125,-0.4382774718933311
0.8391015625,-0.43838773713967816
0.83912109375,-0.14316197826525598
0.839140625,-0.07689823084830999
0.83916015625,-0.11594183375754848
0.8391796875,-0.14287212013442677
0.83919921875,0.16154130811544423
0.83921875,0.6343913973439074
0.83923828125,0.6199514689403655
0.8392578125,0.41666869224333103
0.83927734375,0.45620649007748537
0.839296875,0.434453909043217
0.83931640625,0.15531873503236832
0.8393359375,-0.19015864634735624
0.83935546875,-0.32440435855683425
0.839375,-0.2239413921519016
0.83939453125,-0.22444371346742792
0.8394140625,-0.33760533609089555
0.83943359375,-0.27652107643104
0.839453125,-0.12803347497954767
0.83947265625,0.1125770291879683
0.8394921875,0.3795295067701405
0.83951171875,0.21319918037763141
0.83953125,-0.12175213019808401
0.83955078125,-0.18637464788899935
0.8395703125,-0.2096617873257707
0.83958984375,-0.2857793826962609
0.839609375,-0.4908047944424475
0.83962890625,-0.6211030023489981
0.8396484375,-0.31493131711603917
0.83966796875,-0.1427718896139729
0.8396875,-0.4965702284225645
0.83970703125,-0.7980432389660967
0.8397265625,-0.6443381853418635
0.83974609375,-0.484607295502954
0.839765625,-0.6322565332773155
0.83978515625,-0.6315188903515909
0.8398046875,-0.6494913166183778
0.83982421875,-0.991963625687963
0.83984375,-1.0622090456962905
0.83986328125,-0.6978416055532674
0.8398828125,-0.39629975549634316
0.83990234375,-0.33709450594184803
0.839921875,-0.1925448661942402
0.83994140625,-0.056043658287133216
0.8399609375,-0.41980530081035206
0.83998046875,-0.6898926908772393
0.84,-0.34503172584011654
0.84001953125,-0.07763479137899922
0.8400390625,-0.1186416397997678
0.84005859375,-0.27898752538885574
0.840078125,-0.47891754656811203
0.84009765625,-0.4069871590720959
0.8401171875,-0.195430329930429
0.84013671875,-0.17588544169597076
0.84015625,-0.3198835284263451
0.84017578125,-0.5099770477200729
0.8401953125,-0.5229075383021251
0.84021484375,-0.27122837368936725
0.840234375,-0.1653136058706473
0.84025390625,-0.34487244149695007
0.8402734375,-0.3580436994799252
0.84029296875,-0.2567292129833089
0.8403125,-0.3103290039580425
0.84033203125,-0.404669406887734
0.8403515625,-0.4334885504268696
0.84037109375,-0.3544937053377274
0.840390625,-0.3864172284797889
0.84041015625,-0.443714074577453
0.8404296875,-0.3008278901382596
0.84044921875,-0.23304964651260718
0.84046875,-0.16411165582029377
0.84048828125,-0.04101481199546211
0.8405078125,0.05635301732495459
0.84052734375,0.22226767264186198
0.840546875,0.15371315817490028
0.84056640625,-0.06085284375468763
0.8405859375,-0.04400556923752107
0.84060546875,0.038078604043290165
0.840625,-0.09744110531726866
0.84064453125,-0.32018181471349644
0.8406640625,-0.2652467576984676
0.84068359375,-0.15430171371090667
0.840703125,-0.17620664544995338
0.84072265625,-0.09987096730079534
0.8407421875,-0.08498605905966511
0.84076171875,-0.11857528969247497
0.84078125,-0.033381563868697825
0.84080078125,-0.057005897641069295
0.8408203125,-0.25280866052293605
0.84083984375,-0.40089400316760226
0.840859375,-0.31625757313362957
0.84087890625,-0.12242600537245478
0.8408984375,-0.02421069604555177
0.84091796875,0.14061685743039853
0.8409375,0.2355534778348472
0.84095703125,-0.1948934071095208
0.8409765625,-0.7219918442184751
0.84099609375,-0.6472348339340901
0.841015625,-0.4218606279863819
0.84103515625,-0.5546298005791498
0.8410546875,-0.6762248040925942
0.84107421875,-0.8305179866151802
0.84109375,-1.1757713138267691
0.84111328125,-1.2087101328992118
0.8411328125,-0.9975185945946843
0.84115234375,-0.9307925928750367
0.841171875,-0.8902884818514506
0.84119140625,-0.853950394629559
0.8412109375,-0.8390148371916584
0.84123046875,-0.7476059605482225
0.84125,-0.5117670162873115
0.84126953125,-0.24720220807303034
0.8412890625,-0.2574520139735976
0.84130859375,-0.35779021565247954
0.841328125,-0.23604249191319576
0.84134765625,-0.18166525672741257
0.8413671875,-0.2777935406730794
0.84138671875,-0.18955597534985125
0.84140625,0.06804771979634541
0.84142578125,0.12257022432287333
0.8414453125,-0.14294586883193477
0.84146484375,-0.23575498597448447
0.841484375,-0.1679980986205681
0.84150390625,-0.35289769544947275
0.8415234375,-0.3362285045439459
0.84154296875,-0.09021936934472896
0.8415625,-0.1485542359338781
0.84158203125,-0.22102121239518796
0.8416015625,-0.04927094393873305
0.84162109375,-0.021370510034015668
0.841640625,-0.27320244819913414
0.84166015625,-0.4620450228746631
0.8416796875,-0.40552804200234704
0.84169921875,-0.3101871627911872
0.84171875,-0.3393672517184674
0.84173828125,-0.37372010245353837
0.8417578125,-0.37446178611655473
0.84177734375,-0.3081139412746243
0.841796875,-0.0148582340509546
0.84181640625,0.24218136787015537
0.8418359375,0.2095399354561009
0.84185546875,0.1665337101073859
0.841875,0.29545168481492545
0.84189453125,0.36563469049574293
0.8419140625,0.11573459452975816
0.84193359375,-0.12493053012476754
0.841953125,-0.10759234776831067
0.84197265625,-0.11915559014444004
0.8419921875,-0.02075500036636614
0.84201171875,0.06980165606247594
0.84203125,-0.042142609923008154
0.84205078125,0.15211876223470916
0.8420703125,0.4212997092352508
0.84208984375,0.24197444874595914
0.842109375,-0.11657655946974232
0.84212890625,-0.0682977595593936
0.8421484375,0.47845952246509715
0.84216796875,0.5090913009451374
0.8421875,-0.08457047925312888
0.84220703125,-0.10241809237824434
0.8422265625,0.340543991245485
0.84224609375,0.35781509259479016
0.842265625,-0.1482780788306246
0.84228515625,-0.5292903285073769
0.8423046875,-0.32956999637506124
0.84232421875,-0.246902047411345
0.84234375,-0.512049450196709
0.84236328125,-0.5401765390451878
0.8423828125,-0.4951879357069858
0.84240234375,-0.3397559225756689
0.842421875,0.06362149723530625
0.84244140625,0.14630950557176664
0.8424609375,-0.07195246136568394
0.84248046875,-0.22096033383497252
0.8425,-0.12766010603289749
0.84251953125,0.2352696216351443
0.8425390625,0.3364116759283605
0.84255859375,0.2351013678033939
0.842578125,0.44363621280485055
0.84259765625,0.6397485899679
0.8426171875,0.6542144284325582
0.84263671875,0.7077829760239783
0.84265625,0.7604475415480214
0.84267578125,0.8813744286415766
0.8426953125,0.9324353421922548
0.84271484375,0.730313633700337
0.842734375,0.5895246090702296
0.84275390625,0.5394833193638675
0.8427734375,0.3510833692254807
0.84279296875,-0.08536641223381491
0.8428125,-0.45579276530628876
0.84283203125,-0.13813806918543625
0.8428515625,0.22965018372295048
0.84287109375,-0.0950763596553497
0.842890625,-0.4029520884496917
0.84291015625,-0.26455650491569865
0.8429296875,-0.0789852125243472
0.84294921875,-0.19404488291428046
0.84296875,-0.33196402004250686
0.84298828125,-0.05982960479900034
0.8430078125,0.10532903055847885
0.84302734375,-0.24932448496327034
0.843046875,-0.5676611871408273
0.84306640625,-0.5206975558263528
0.8430859375,-0.3444262272720827
0.84310546875,-0.20519380752001193
0.843125,-0.2125732327134414
0.84314453125,-0.3843596188895365
0.8431640625,-0.3710470809890364
0.84318359375,-0.22879497076315242
0.843203125,-0.33344617502974444
0.84322265625,-0.2546753487424666
0.8432421875,0.1325217021553321
0.84326171875,0.2143896972359418
0.84328125,0.0709128946149
0.84330078125,0.024175395184709035
0.8433203125,0.15588742156846228
0.84333984375,0.4869830337728377
0.843359375,0.6011016232633778
0.84337890625,0.5696722736834905
0.8433984375,0.7850032351348926
0.84341796875,0.6665091043064509
0.8434375,0.2693038332895207
0.84345703125,0.24968029057802163
0.8434765625,0.10648844092423797
0.84349609375,-0.24054645752854897
0.843515625,-0.2036155769806217
0.84353515625,0.14386162438129563
0.8435546875,0.29904981662724256
0.84357421875,0.06924073685894772
0.84359375,0.012936319050089996
0.84361328125,0.25649884983307725
0.8436328125,0.42983802885680117
0.84365234375,0.3843885609540431
0.843671875,-0.12940317886404792
0.84369140625,-0.6390417191901162
0.8437109375,-0.57564212106331
0.84373046875,-0.38993058691329463
0.84375,-0.3010267945262249
0.84376953125,-0.17818539555334115
0.8437890625,0.05491809898561825
0.84380859375,0.43078753647103796
0.843828125,0.30172717830927287
0.84384765625,-0.1909741859204255
0.8438671875,-0.02112151960652517
0.84388671875,0.23602551849691072
0.84390625,0.08798045763064433
0.84392578125,0.07825367822936258
0.8439453125,-0.1345413303485593
0.84396484375,-0.36812300236775747
0.843984375,-0.2029565842396385
0.84400390625,-0.15156924622498544
0.8440234375,-0.12468872752822042
0.84404296875,-0.1064226142814277
0.8440625,-0.24205851335306527
0.84408203125,-0.175775275451509
0.8441015625,0.09850397341487496
0.84412109375,0.3732610090118131
0.844140625,0.2428907637449998
0.84416015625,0.018280160003771806
0.8441796875,0.3725877745774815
0.84419921875,0.5683842017244403
0.84421875,0.36136757153899696
0.84423828125,0.37204692706989256
0.8442578125,0.4359602873073807
0.84427734375,0.38829541540735457
0.844296875,0.3053272989071547
0.84431640625,0.31387115380688724
0.8443359375,0.4433370965079141
0.84435546875,0.45023880358285084
0.844375,0.5495885436460477
0.84439453125,0.7190547035071949
0.8444140625,0.5715156418071479
0.84443359375,0.6176450009823372
0.844453125,0.7128882277746063
0.84447265625,0.23774740658617224
0.8444921875,0.012967512776375499
0.84451171875,0.23929250593862197
0.84453125,0.28892784304865254
0.84455078125,0.15359207896394414
0.8445703125,0.0044268925266496215
0.84458984375,0.17620265865315515
0.844609375,0.3045648600202536
0.84462890625,0.23198966777763935
0.8446484375,0.7325166963676061
0.84466796875,1.1555697673179894
0.8446875,0.8019597453245371
0.84470703125,0.6272096490645254
0.8447265625,0.9647821682761012
0.84474609375,1.189774264875269
0.844765625,0.994178312664858
0.84478515625,0.6597196020102898
0.8448046875,0.6174633095088518
0.84482421875,0.7296813759799008
0.84484375,0.8044286696423786
0.84486328125,0.9060597586604804
0.8448828125,0.8726335998892251
0.84490234375,0.63573422248277
0.844921875,0.4877060305328873
0.84494140625,0.5423763617244031
0.8449609375,0.3818310065806894
0.84498046875,0.0069128150202968554
0.845,-0.08586293952813984
0.84501953125,0.017980592599040113
0.8450390625,0.0976063417591111
0.84505859375,0.07067690972762501
0.845078125,-0.04828157051266207
0.84509765625,0.007367248194476553
0.8451171875,0.014870592015014783
0.84513671875,-0.22434989540398675
0.84515625,-0.2602436929443872
0.84517578125,-0.05995080825410678
0.8451953125,0.02496992378206491
0.84521484375,0.05835512710529536
0.845234375,0.04517096012544589
0.84525390625,-0.06572413890806172
0.8452734375,-0.14780539005854182
0.84529296875,-0.18749618135464285
0.8453125,0.02793893221782559
0.84533203125,0.30028469547521475
0.8453515625,0.22105459539054242
0.84537109375,0.09779997836772311
0.845390625,0.21165112564635624
0.84541015625,0.5377756150767313
0.8454296875,0.6567574147153934
0.84544921875,0.5483609363365578
0.84546875,0.6855576309574831
0.84548828125,0.6053631419223274
0.8455078125,0.2866825454463275
0.84552734375,0.21200966734924576
0.845546875,0.0457213560324921
0.84556640625,-0.10862833913049993
0.8455859375,-0.1490338082664002
0.84560546875,-0.2560800978894905
0.845625,-0.10747862907141309
0.84564453125,0.012015910251203868
0.8456640625,-0.12578154074534498
0.84568359375,-0.03557523767835841
0.845703125,0.06973169195033566
0.84572265625,-0.15192464110123105
0.8457421875,-0.34824176831971415
0.84576171875,-0.192756041208895
0.84578125,0.002050858193600874
0.84580078125,-0.318146809415881
0.8458203125,-0.617162464379083
0.84583984375,-0.33346410832473755
0.845859375,-0.17152810538308222
0.84587890625,-0.21421759511843994
0.8458984375,0.04651189404364375
0.84591796875,0.16335106222200477
0.8459375,-0.272035058887523
0.84595703125,-0.5681888099827339
0.8459765625,-0.3393684409744059
0.84599609375,-0.1978985763582762
0.846015625,-0.21133312518715514
0.84603515625,-0.21855805755890576
0.8460546875,-0.10925765756454628
0.84607421875,0.33561012790516637
0.84609375,0.421955841098909
0.84611328125,0.13990811273654788
0.8461328125,0.20245401155079246
0.84615234375,0.2270429372852123
0.846171875,0.08748056013080122
0.84619140625,-0.005463209891439988
0.8462109375,-0.3658676536371479
0.84623046875,-0.6502128717715537
0.84625,-0.3208480766835219
0.84626953125,0.0761737042515804
0.8462890625,0.10165496647984783
0.84630859375,-0.15756227879458107
0.846328125,-0.47400520324505735
0.84634765625,-0.230598713699397
0.8463671875,0.10753862767054757
0.84638671875,-0.05287000725953177
0.84640625,-0.016023913221276373
0.84642578125,0.10456792049174748
0.8464453125,0.12302286440018227
0.84646484375,0.4039178958529671
0.846484375,0.3894668438519356
0.84650390625,0.09440528360036843
0.8465234375,0.1443676756631059
0.84654296875,0.13910019800615256
0.8465625,-0.014356027406650776
0.84658203125,0.12930932861380412
0.8466015625,0.221870274197763
0.84662109375,0.19407668342010498
0.846640625,0.375091554574259
0.84666015625,0.46247507048232084
0.8466796875,0.3509777495143135
0.84669921875,0.32674560728815166
0.84671875,0.5164411020764558
0.84673828125,0.5563531454798042
0.8467578125,0.2798871847402805
0.84677734375,0.3182122857043923
0.846796875,0.4380956583928365
0.84681640625,0.25117687236220004
0.8468359375,0.23350008724805807
0.84685546875,0.17938420598488738
0.846875,-0.04292749776002385
0.84689453125,-0.18068860174240953
0.8469140625,-0.2255495222536697
0.84693359375,-0.07086658028834092
0.846953125,-0.0378144897536003
0.84697265625,-0.13759930290877348
0.8469921875,-0.14412377079036867
0.84701171875,-0.33216382407632633
0.84703125,-0.37306641621457737
0.84705078125,-0.37793854959103845
0.8470703125,-0.7902683232867167
0.84708984375,-0.8172968285133558
0.847109375,-0.3560937913112438
0.84712890625,-0.07205225702539882
0.8471484375,0.010541047986799092
0.84716796875,-0.13528242857365252
0.8471875,-0.27332364304179013
0.84720703125,-0.23053182951928108
0.8472265625,-0.26767849544657074
0.84724609375,-0.16872443397317757
0.847265625,0.08990836549339072
0.84728515625,0.173570708387922
0.8473046875,0.3092301067632743
0.84732421875,0.5367443460493085
0.84734375,0.5212586635496134
0.84736328125,0.29831304973329087
0.8473828125,0.14748065063164778
0.84740234375,0.34566920343573676
0.847421875,0.46740267529194235
0.84744140625,0.13939863876314904
0.8474609375,0.030926276548158417
0.84748046875,0.17109614092424452
0.8475,0.046545826903621815
0.84751953125,-0.2011667141239009
0.8475390625,-0.3721724526571895
0.84755859375,-0.4475425350452341
0.847578125,-0.4802156177799237
0.84759765625,-0.4315474454442619
0.8476171875,-0.30945282765964505
0.84763671875,-0.33127750368181547
0.84765625,-0.3839027821694227
0.84767578125,-0.2484626180479556
0.8476953125,-0.12747789182932268
0.84771484375,-0.25068816942089933
0.847734375,-0.3386739757520305
0.84775390625,-0.1441419958839498
0.8477734375,-0.21978814597387886
0.84779296875,-0.6437252498951436
0.8478125,-0.7258178968212876
0.84783203125,-0.691265020029525
0.8478515625,-0.8409465591521166
0.84787109375,-0.7012609597080092
0.847890625,-0.38646580287068294
0.84791015625,-0.34229643041219004
0.8479296875,-0.2709515857874681
0.84794921875,-0.04123278161332916
0.84796875,-0.09000407920287842
0.84798828125,-0.25406019451319595
0.8480078125,-0.17077000115325144
0.84802734375,-0.028587103247366324
0.848046875,-0.0742547856852355
0.84806640625,-0.27447291146963715
0.8480859375,-0.18531292089640727
0.84810546875,0.20200889243393855
0.848125,0.26556501338137817
0.84814453125,0.06109316277495077
0.8481640625,-0.012603390340326173
0.84818359375,-0.051660399218242385
0.848203125,-0.22003900608693538
0.84822265625,-0.4006596875870857
0.8482421875,-0.4173872105026355
0.84826171875,-0.3851672573179258
0.84828125,-0.42102136655964806
0.84830078125,-0.44241485558049887
0.8483203125,-0.488154933648847
0.84833984375,-0.5258384117390512
0.848359375,-0.3192069571607432
0.84837890625,-0.05115180894869845
0.8483984375,-0.19122960820068569
0.84841796875,-0.4277395928796152
0.8484375,-0.261199448220061
0.84845703125,-0.10235758994353841
0.8484765625,-0.32942952501393485
0.84849609375,-0.545056897610739
0.848515625,-0.4635253160208539
0.84853515625,-0.3706309446425039
0.8485546875,-0.3015234003033124
0.84857421875,0.007336810894006923
0.84859375,0.2675830587436019
0.84861328125,0.09503162367927002
0.8486328125,-0.06509298534795238
0.84865234375,0.24809844451767435
0.848671875,0.5519605393632646
0.84869140625,0.5390330404476978
0.8487109375,0.501102918213032
0.84873046875,0.45925800548718987
0.84875,0.42886913894285794
0.84876953125,0.4099007581991012
0.8487890625,0.29388445138865615
0.84880859375,0.04670003050465091
0.848828125,-0.40588440779204815
0.84884765625,-0.6079736127603688
0.8488671875,-0.4089749701931977
0.84888671875,-0.35859712699509727
0.84890625,-0.35845400276489425
0.84892578125,-0.3455885744806558
0.8489453125,-0.4044479447226941
0.84896484375,-0.3180466068324309
0.848984375,-0.32446533449963977
0.84900390625,-0.5335019324982059
0.8490234375,-0.7345391206725389
0.84904296875,-0.8273374603767106
0.8490625,-0.7575531254463905
0.84908203125,-0.7950780332547281
0.8491015625,-1.0015138331179156
0.84912109375,-0.9383496562476521
0.849140625,-0.6121737723706014
0.84916015625,-0.4566101467864325
0.8491796875,-0.4951526560409487
0.84919921875,-0.5677348984332609
0.84921875,-0.8016694746764819
0.84923828125,-0.8518421154138075
0.8492578125,-0.4236649378475978
0.84927734375,-0.3397475026241662
0.849296875,-0.7721797376601665
0.84931640625,-0.8346251488390548
0.8493359375,-0.2938808029825226
0.84935546875,0.17763620848471312
0.849375,0.0058867173139516005
0.84939453125,-0.17410743640774878
0.8494140625,0.062308125396925804
0.84943359375,0.18604949682427446
0.849453125,0.29683798121741345
0.84947265625,0.25452815169018717
0.8494921875,-0.10115271202567647
0.84951171875,-0.023378104797678316
0.84953125,0.16375719386022825
0.84955078125,-0.18072117756458217
0.8495703125,-0.4513778427049887
0.84958984375,-0.4932775360545207
0.849609375,-0.596986074422339
0.84962890625,-0.4659951153577808
0.8496484375,-0.24290173210287308
0.84966796875,-0.3195484103364729
0.8496875,-0.3982246067545263
0.84970703125,-0.33675420795553723
0.8497265625,-0.24606366256342055
0.84974609375,-0.030815956606404293
0.849765625,0.18701782793366467
0.84978515625,0.23102064233698336
0.8498046875,0.06585009893330737
0.84982421875,-0.03128795751008939
0.84984375,0.1617462717801718
0.84986328125,0.10012755287715044
0.8498828125,-0.12538812241473998
0.84990234375,0.09644177550494551
0.849921875,0.17714867234896217
0.84994140625,-0.12156581263171717
0.8499609375,-0.15090404377922065
0.84998046875,0.045231894716719526
0.85,0.30942797703669545
0.85001953125,0.593419501533623
0.8500390625,0.530146656512191
0.85005859375,0.18953024733265172
0.850078125,0.030051618903105568
0.85009765625,0.15622541883449637
0.8501171875,0.37818422666527796
0.85013671875,0.4428539352963888
0.85015625,0.15621900844736772
0.85017578125,-0.15013521188125548
0.8501953125,-0.3008220737240064
0.85021484375,-0.5376741239398983
0.850234375,-0.45908391534949766
0.85025390625,-0.09670160666918756
0.8502734375,-0.06246958183477315
0.85029296875,-0.15472611085572535
0.8503125,-0.10267555805062217
0.85033203125,0.18724741846035364
0.8503515625,0.48788534199581723
0.85037109375,0.37487584978527616
0.850390625,0.1710217644755662
0.85041015625,-0.09959782459145869
0.8504296875,-0.3892369489695925
0.85044921875,-0.2703552154857968
0.85046875,-0.2152579972013074
0.85048828125,-0.29815830193968035
0.8505078125,-0.065347873415308
0.85052734375,0.08079130029571088
0.850546875,-0.06392508885908252
0.85056640625,-0.012453303941770591
0.8505859375,0.42257925666105656
0.85060546875,0.7438310907325283
0.850625,0.6048429310179883
0.85064453125,0.5637912483549721
0.8506640625,0.7946135164158685
0.85068359375,0.7816929787467489
0.850703125,0.6367901489384187
0.85072265625,0.6696317483268648
0.8507421875,0.8523743245538968
0.85076171875,0.843261118864405
0.85078125,0.4625277528915126
0.85080078125,0.23754717803242487
0.8508203125,0.21341227705136825
0.85083984375,0.06949725236962492
0.850859375,0.04247622244869222
0.85087890625,0.175231391312947
0.8508984375,0.19353547384982922
0.85091796875,-0.05314297480197193
0.8509375,-0.26136826857600653
0.85095703125,-0.11773584918402766
0.8509765625,-0.056956215172634446
0.85099609375,-0.24795015010112764
0.851015625,-0.2862972857821095
0.85103515625,-0.11418025079348659
0.8510546875,0.04052055356325898
0.85107421875,-0.03819629782061356
0.85109375,-0.277766309089482
0.85111328125,-0.48709765677216754
0.8511328125,-0.5264364374477455
0.85115234375,-0.2234732410072729
0.851171875,-0.007218415864842079
0.85119140625,-0.31727166600914647
0.8512109375,-0.4780766611039526
0.85123046875,-0.01688054401531408
0.85125,0.39836789637920744
0.85126953125,0.3743172142793544
0.8512890625,0.16269299283372296
0.85130859375,0.17922013600641495
0.851328125,0.5591242550622769
0.85134765625,0.79245210102402
0.8513671875,0.711235825780069
0.85138671875,0.45211345843797207
0.85140625,0.32526032937592647
0.85142578125,0.6557100057531702
0.8514453125,0.8017295466375162
0.85146484375,0.5889026430937411
0.851484375,0.4793537304188912
0.85150390625,0.4457482865668169
0.8515234375,0.5518393118855932
0.85154296875,0.4494738808932519
0.8515625,-0.1906716920116675
0.85158203125,-0.4990985442721825
0.8516015625,0.02634947444873216
0.85162109375,0.43948061372627334
0.851640625,0.2001691852545157
0.85166015625,0.013413946072842887
0.8516796875,0.09522490046099993
0.85169921875,-0.0447910889524577
0.85171875,-0.2816536164889383
0.85173828125,-0.251058352714719
0.8517578125,0.005359086358419432
0.85177734375,0.2773779678564927
0.851796875,0.291392656337353
0.85181640625,0.12780382986983566
0.8518359375,0.029873871758722866
0.85185546875,-0.11236562449408102
0.851875,-0.17251410252159297
0.85189453125,-0.0301383128680599
0.8519140625,0.009849389508807538
0.85193359375,-0.13749651942963692
0.851953125,-0.21734764432069467
0.85197265625,0.056549126317370954
0.8519921875,0.4512294382612747
0.85201171875,0.593582704837614
0.85203125,0.6759025012529306
0.85205078125,0.6114399421935771
0.8520703125,0.22337927691059292
0.85208984375,0.015023817981365276
0.852109375,0.1500487732856809
0.85212890625,0.12459146228998584
0.8521484375,-0.05462656133317736
0.85216796875,0.048642621557106996
0.8521875,0.29320333897846984
0.85220703125,0.3197008807888529
0.8522265625,0.30920785892918734
0.85224609375,0.4886293815833686
0.852265625,0.5047832416360473
0.85228515625,0.32884746541537774
0.8523046875,0.22747620484571202
0.85232421875,-0.020729815083883482
0.85234375,-0.04037956886199587
0.85236328125,0.4163748192465626
0.8523828125,0.7679174859862004
0.85240234375,0.8200864786091977
0.852421875,0.5815476673958901
0.85244140625,0.5512622156037525
0.8524609375,0.9387433903718736
0.85248046875,0.987378525500298
0.8525,0.7271694697678073
0.85251953125,0.5841588031873891
0.8525390625,0.5013539406106843
0.85255859375,0.3970409232084666
0.852578125,0.15608070230010224
0.85259765625,-0.08600513067528871
0.8526171875,0.05359003516780783
0.85263671875,0.48846092254732654
0.85265625,0.7106408984477917
0.85267578125,0.656620839096884
0.8526953125,0.7572018804211696
0.85271484375,0.9901087284124828
0.852734375,0.8813533367186949
0.85275390625,0.7062641978660416
0.8527734375,0.9125257577279041
0.85279296875,0.9894982994253199
0.8528125,0.6490544798469825
0.85283203125,0.4565680020053071
0.8528515625,0.885019662226447
0.85287109375,1.2503054565782974
0.852890625,0.7334913763763097
0.85291015625,0.19990571325865397
0.8529296875,0.27408375737482205
0.85294921875,0.4101014385456535
0.85296875,0.41033289934179484
0.85298828125,0.24649018262452393
0.8530078125,0.1055922601547561
0.85302734375,0.08446361124547809
0.853046875,0.0034357384254646364
0.85306640625,0.10724220227984373
0.8530859375,0.2670119852576762
0.85310546875,0.1516430931412608
0.853125,0.0825363809991328
0.85314453125,0.05037825712650164
0.8531640625,-0.18437345456730958
0.85318359375,-0.28385315508847647
0.853203125,-0.07706324942756226
0.85322265625,0.16667160213161808
0.8532421875,0.34429346397034444
0.85326171875,0.3779461900020854
0.85328125,0.09352129642272411
0.85330078125,-0.08208498637704635
0.8533203125,0.15451674304863489
0.85333984375,0.3870608605998549
0.853359375,0.5266156526101697
0.85337890625,0.3923893502142244
0.8533984375,-0.005220851090405369
0.85341796875,0.03380649065286728
0.8534375,0.49046489290650597
0.85345703125,0.7221770050058175
0.8534765625,0.43424551063721306
0.85349609375,0.13861573962301285
0.853515625,0.1738180963416913
0.85353515625,0.07169019206832769
0.8535546875,-0.036856741443815386
0.85357421875,-0.10407390631098323
0.85359375,-0.2825746111577239
0.85361328125,-0.12601497824674532
0.8536328125,0.07851369520429852
0.85365234375,-0.03465126655768761
0.853671875,-0.2472395795071829
0.85369140625,-0.34666779547673493
0.8537109375,-0.16160568500688705
0.85373046875,-0.2756808516068505
0.85375,-0.6931389441204813
0.85376953125,-0.612274362103894
0.8537890625,-0.2851520824662905
0.85380859375,-0.13829758101567682
0.853828125,-0.37816131592184055
0.85384765625,-0.6378788927148794
0.8538671875,-0.13587891757400178
0.85388671875,0.28477043999554963
0.85390625,-0.12139970282693835
0.85392578125,-0.4632668758479274
0.8539453125,-0.28045472138860134
0.85396484375,-0.111699372268669
0.853984375,-0.3475922715987185
0.85400390625,-0.49948404130912083
0.8540234375,-0.27965495607726704
0.85404296875,-0.06291002798484427
0.8540625,0.13631616852503375
0.85408203125,0.15950663809997181
0.8541015625,-0.00853982764743267
0.85412109375,-0.002234442257442744
0.854140625,0.12408167083943836
0.85416015625,0.2438879814466392
0.8541796875,0.07632313045646472
0.85419921875,-0.31286338800548036
0.85421875,-0.3493814805783773
0.85423828125,-0.18923304045168712
0.8542578125,-0.28262731591417073
0.85427734375,-0.4765995214468066
0.854296875,-0.5415822737804741
0.85431640625,-0.5172218123208191
0.8543359375,-0.3650883377849015
0.85435546875,-0.13564127133940207
0.854375,-0.16602202650073822
0.85439453125,-0.4018640098378736
0.8544140625,-0.37955005421737475
0.85443359375,-0.18746124356614496
0.854453125,-0.08976571930374092
0.85447265625,-0.08096376460736798
0.8544921875,-0.20686426932817528
0.85451171875,-0.19047140699709836
0.85453125,0.10028104465781963
0.85455078125,0.3558567710016813
0.8545703125,0.41292978673580394
0.85458984375,0.2941332481867236
0.854609375,0.258313626528553
0.85462890625,0.4504794500389987
0.8546484375,0.6171113224255551
0.85466796875,0.5730526808594687
0.8546875,0.40863753638239825
0.85470703125,0.2949820712036802
0.8547265625,0.3893372146885109
0.85474609375,0.541403290109157
0.854765625,0.4199257723091911
0.85478515625,0.18327678832210864
0.8548046875,0.05914425842659696
0.85482421875,-0.03716896295878313
0.85484375,-0.11628600514671456
0.85486328125,-0.048052516384547675
0.8548828125,-0.008913634082795815
0.85490234375,-0.284937848251816
0.854921875,-0.3796196783101484
0.85494140625,-0.11138117987581711
0.8549609375,-0.0617077188927205
0.85498046875,-0.23100127873477008
0.855,-0.3185534945392833
0.85501953125,-0.2565221361080077
0.8550390625,-0.3467879567700919
0.85505859375,-0.5782874695882927
0.855078125,-0.40523393728497675
0.85509765625,-0.2357977680781272
0.8551171875,-0.4004735018036089
0.85513671875,-0.29331934432594764
0.85515625,-0.09341307319308459
0.85517578125,-0.39256384146503853
0.8551953125,-0.8314913128459619
0.85521484375,-0.6539202586791296
0.855234375,-0.3543471830733296
0.85525390625,-0.6894446486389395
0.8552734375,-0.6835534374305205
0.85529296875,-0.10315849007038481
0.8553125,-0.13911795975489855
0.85533203125,-0.5081437912795825
0.8553515625,-0.3537123727318777
0.85537109375,0.13170388742789343
0.855390625,0.2517733362000189
0.85541015625,-0.23084776426369907
0.8554296875,-0.4737983125941636
0.85544921875,-0.26240131582004905
0.85546875,-0.16943775146977388
0.85548828125,-0.12926354847548588
0.8555078125,-0.21110143219002614
0.85552734375,-0.23535701775047166
0.855546875,-0.06799666299964516
0.85556640625,-0.13641242828285052
0.8555859375,-0.1645323287850965
0.85560546875,-0.160936379921131
0.855625,-0.22771610950926788
0.85564453125,-0.038873221985857964
0.8556640625,-0.06748627597470598
0.85568359375,-0.33047976951730423
0.855703125,-0.49592518000561336
0.85572265625,-0.7735786282392103
0.8557421875,-0.7467975522066894
0.85576171875,-0.47665082872670417
0.85578125,-0.7845589966625253
0.85580078125,-1.2242179121567116
0.8558203125,-1.0792181591465
0.85583984375,-0.8999909465095284
0.855859375,-1.0099698197785265
0.85587890625,-1.0268906758957754
0.8558984375,-0.9217301154392039
0.85591796875,-0.6195370291546213
0.8559375,-0.36518315653189104
0.85595703125,-0.4064170869690878
0.8559765625,-0.26046603732771256
0.85599609375,-0.43968191543700635
0.856015625,-0.8646868669335972
0.85603515625,-0.43711224813860505
0.8560546875,-0.12999091016035919
0.85607421875,-0.33574800604288574
0.85609375,-0.1448332860329614
0.85611328125,-0.14091372639714173
0.8561328125,-0.35399095515808543
0.85615234375,-0.2579068911983873
0.856171875,-0.17543973065752597
0.85619140625,-0.05977967088404554
0.8562109375,-0.1288277088811636
0.85623046875,-0.5174709879367164
0.85625,-0.5613410623317585
0.85626953125,-0.39914190814667744
0.8562890625,-0.46795283928311315
0.85630859375,-0.5608500465188014
0.856328125,-0.5601025169347023
0.85634765625,-0.4398380791570631
0.8563671875,-0.33315487434756746
0.85638671875,-0.36744842615071793
0.85640625,-0.3055929542050666
0.85642578125,-0.22752515337337037
0.8564453125,-0.3130602056847631
0.85646484375,-0.46341741528348934
0.856484375,-0.5981045892786954
0.85650390625,-0.5299817435315772
0.8565234375,-0.3637200281537476
0.85654296875,-0.23863924569100334
0.8565625,-0.09012243911393644
0.85658203125,-0.21208013041397772
0.8566015625,-0.3570676037154006
0.85662109375,-0.12624084469634678
0.856640625,-0.010747172855884389
0.85666015625,-0.05531842920065553
0.8566796875,-0.07952830604580736
0.85669921875,-0.24404440281254983
0.85671875,-0.175725352148567
0.85673828125,0.08261195762788487
0.8567578125,0.05575878936968362
0.85677734375,-0.07639496403985796
0.856796875,-0.19786185587927388
0.85681640625,-0.20702815475598133
0.8568359375,0.0376776831854296
0.85685546875,0.06018793116235026
0.856875,-0.12518124217834334
0.85689453125,-0.13505552191565978
0.8569140625,-0.34645757927412124
0.85693359375,-0.6877691557581079
0.856953125,-0.7362157029404398
0.85697265625,-0.6573034036455621
0.8569921875,-0.6159189317232553
0.85701171875,-0.717003325108435
0.85703125,-0.688639221469202
0.85705078125,-0.4911582380083532
0.8570703125,-0.5906272621685227
0.85708984375,-0.6350348031316795
0.857109375,-0.5619296707221217
0.85712890625,-0.6677234567859213
0.8571484375,-0.5684277015069373
0.85716796875,-0.5724190407372409
0.8571875,-0.8875428659481106
0.85720703125,-0.8766007560734844
0.8572265625,-0.647970877750268
0.85724609375,-0.4993848415556037
0.857265625,-0.2621036734474552
0.85728515625,0.04470043733583799
0.8573046875,0.27504824667336725
0.85732421875,0.2656520369174635
0.85734375,0.04402332237506843
0.85736328125,-0.035347593384001966
0.8573828125,0.0024988804170760787
0.85740234375,-0.11997876358020748
0.857421875,-0.346379553840764
0.85744140625,-0.4487865108145292
0.8574609375,-0.1783010596901222
0.85748046875,-0.018737952860806192
0.8575,-0.3616727744048324
0.85751953125,-0.5277630713773063
0.8575390625,-0.2651913033555497
0.85755859375,0.10086703180539214
0.857578125,0.19312144883497906
0.85759765625,0.13171965698985344
0.8576171875,0.23867617295204324
0.85763671875,0.04888819228279847
0.85765625,-0.2607179784062362
0.85767578125,-0.339017351661812
0.8576953125,-0.45269045831537014
0.85771484375,-0.339882234768547
0.857734375,-0.21167342767685277
0.85775390625,-0.3722879011609974
0.8577734375,-0.262878960503093
0.85779296875,-0.04502239934541444
0.8578125,-0.09811913013227527
0.85783203125,0.0006543304754739812
0.8578515625,0.14637714510019453
0.85787109375,0.016802472617271677
0.857890625,-0.06561425520318169
0.85791015625,0.020417082055439933
0.8579296875,0.029188611250922043
0.85794921875,-0.21306877456007256
0.85796875,-0.2473709825301762
0.85798828125,0.1681668878679776
0.8580078125,0.13942207108333296
0.85802734375,-0.14699377834185098
0.858046875,0.1108970399067817
0.85806640625,0.3517821861787416
0.8580859375,0.2835330539809658
0.85810546875,0.1413927782436971
0.858125,0.15434903355321442
0.85814453125,0.39713728237752566
0.8581640625,0.24819067066430303
0.85818359375,-0.21071276024138513
0.858203125,-0.41139782624343424
0.85822265625,-0.4848382857673057
0.8582421875,-0.30930567239155027
0.85826171875,0.13169773298608442
0.85828125,0.29130906580103144
0.85830078125,0.03079090977878593
0.8583203125,-0.2257020835343941
0.85833984375,-0.03972559143693355
0.858359375,0.07228992062639773
0.85837890625,-0.3828494222950817
0.8583984375,-0.4777520900784376
0.85841796875,-0.048150622723498744
0.8584375,0.05630320225122924
0.85845703125,-0.008827013253681078
0.8584765625,0.1761851405307452
0.85849609375,0.3402014915589043
0.858515625,0.10332803461243732
0.85853515625,-0.1407922231906393
0.8585546875,-0.1334820642907957
0.85857421875,-0.25253732122570677
0.85859375,-0.2018713929439263
0.85861328125,0.14642120670024084
0.8586328125,0.2649776175587748
0.85865234375,0.14065388657914732
0.858671875,0.1701696545442898
0.85869140625,0.4684798864461218
0.8587109375,0.7676505643137117
0.85873046875,0.7879345461584273
0.85875,0.4491732209542503
0.85876953125,0.1876141726437338
0.8587890625,0.3170722296442996
0.85880859375,0.39362607101217156
0.858828125,0.31104161307278877
0.85884765625,0.24699319276880727
0.8588671875,0.15462854131436343
0.85888671875,0.075905069796411
0.85890625,-0.1153353971948535
0.85892578125,-0.2547256877922333
0.8589453125,-0.09993743591110806
0.85896484375,-0.12266906554527093
0.858984375,-0.2648703019624349
0.85900390625,-0.21184228575889197
0.8590234375,-0.362312470236706
0.85904296875,-0.6026604367926656
0.8590625,-0.6282215371632609
0.85908203125,-0.5031173643840955
0.8591015625,-0.39564438737422336
0.85912109375,-0.40013382464102226
0.859140625,-0.09737043158720453
0.85916015625,0.032439203276982576
0.8591796875,-0.3422643041230051
0.85919921875,-0.07883181726016654
0.85921875,0.39567991222720067
0.85923828125,0.11651451485395878
0.8592578125,-0.3051874173589908
0.85927734375,-0.40932172237419273
0.859296875,0.10044348899406991
0.85931640625,0.5312492081929954
0.8593359375,-0.09471559343664807
0.85935546875,-0.3598676738795915
0.859375,0.2856255247696241
0.85939453125,0.5664192162416448
0.8594140625,0.44949647495331857
0.85943359375,0.11534973884019271
0.859453125,-0.06450312838886284
0.85947265625,0.33090563897236935
0.8594921875,0.5409571879996995
0.85951171875,0.4633279947607009
0.85953125,0.48036857791730886
0.85955078125,0.3550419484971073
0.8595703125,0.31408617850382226
0.85958984375,0.3457061530305703
0.859609375,-0.02470950304782421
0.85962890625,-0.2949126342795367
0.8596484375,-0.15379604603190228
0.85966796875,-0.11642227408843178
0.8596875,-0.15847864478393558
0.85970703125,-0.1573868442859619
0.8597265625,-0.1658762606660179
0.85974609375,-0.1541634741395574
0.859765625,-0.14191855506597126
0.85978515625,0.10806663719026813
0.8598046875,0.2715107984028738
0.85982421875,-0.0905353936812855
0.85984375,-0.2711078007941849
0.85986328125,-0.0021759188448212743
0.8598828125,0.17237090441394842
0.85990234375,0.15639025656957006
0.859921875,0.06279044758683697
0.85994140625,0.02417201368235059
0.8599609375,0.0437134402268634
0.85998046875,0.11390338581528062
0.86,0.37150692523686546
0.86001953125,0.478085208729785
0.8600390625,0.23760777533643607
0.86005859375,0.10906156463403288
0.860078125,0.18686895123893213
0.86009765625,0.13342700063204652
0.8601171875,0.23791105586996245
0.86013671875,0.7138549830341091
0.86015625,0.5859617182907632
0.86017578125,-0.0683209675534955
0.8601953125,-0.01871512471620381
0.86021484375,0.17067731664963146
0.860234375,-0.14514142793099544
0.86025390625,-0.29047952209530126
0.8602734375,-0.20069832728987036
0.86029296875,-0.14743115800460335
0.8603125,-0.15807890994058985
0.86033203125,-0.09481652758484102
0.8603515625,0.16786788529456032
0.86037109375,0.18722525168082596
0.860390625,-0.05001875716168868
0.86041015625,-0.02366153187296824
0.8604296875,0.10716010887274227
0.86044921875,0.14280096506612927
0.86046875,0.25797734930908195
0.86048828125,0.3071932189536266
0.8605078125,0.24965331321217135
0.86052734375,0.4307015090027101
0.860546875,0.5991925322895219
0.86056640625,0.30979598109939266
0.8605859375,0.18963555646537997
0.86060546875,0.6043582894963527
0.860625,0.7949074668380429
0.86064453125,0.6490881815578421
0.8606640625,0.7995585776532932
0.86068359375,1.1992552064902398
0.860703125,1.150168437784458
0.86072265625,0.599553829969631
0.8607421875,0.3646503047860652
0.86076171875,0.46542400872019907
0.86078125,0.46539681622541373
0.86080078125,0.4963591620400055
0.8608203125,0.32117080168572576
0.86083984375,0.1534484659449477
0.860859375,0.3472019821322424
0.86087890625,0.3078976066419871
0.8608984375,0.16892278742503175
0.86091796875,0.10815765942588551
0.8609375,-0.06190527724168402
0.86095703125,-0.046326239295416044
0.8609765625,-0.1893323857649237
0.86099609375,-0.339429765780658
0.861015625,-0.04229206134101729
0.86103515625,-0.007834167230260349
0.8610546875,-0.20339162956757476
0.86107421875,-0.21402603430684197
0.86109375,-0.18551321748674635
0.86111328125,0.01826262912835376
0.8611328125,0.08687282761905787
0.86115234375,-0.007539347142459185
0.861171875,0.30393030130475973
0.86119140625,0.6386632994893462
0.8612109375,0.5899865915933427
0.86123046875,0.43078141036774836
0.86125,0.37727563323852636
0.86126953125,0.45085795380359117
0.8612890625,0.30380683019305826
0.86130859375,-0.024826766201653916
0.861328125,-0.009697543732501125
0.86134765625,0.20081387666983053
0.8613671875,0.25256151712360286
0.86138671875,0.13268507501844265
0.86140625,0.026281852763586896
0.86142578125,0.2695427148284507
0.8614453125,0.6106103347960606
0.86146484375,0.6242616992149862
0.861484375,0.4898832842976063
0.86150390625,0.4385697503466337
0.8615234375,0.5397995140047424
0.86154296875,0.48806209411131896
0.8615625,0.2454242116618
0.86158203125,0.29293958749880356
0.8616015625,0.24780194142101247
0.86162109375,-0.12688473117903135
0.861640625,-0.24524942406570133
0.86166015625,-0.03621373080098263
0.8616796875,0.19878470182151015
0.86169921875,0.10841622548356515
0.86171875,-0.0987070578325733
0.86173828125,0.06413735508141757
0.8617578125,0.1714846222101277
0.86177734375,0.016024401315642835
0.861796875,-0.15442957379843608
0.86181640625,-0.30679093212660147
0.8618359375,-0.2201699204754517
0.86185546875,-0.005987867035186773
0.861875,-0.04653415825202707
0.86189453125,-0.2513124221443543
0.8619140625,-0.3195295158703271
0.86193359375,-0.3377005454169626
0.861953125,-0.5037679261626399
0.86197265625,-0.45647545906005527
0.8619921875,-0.13918220244827745
0.86201171875,-0.14778562970226541
0.86203125,-0.29161416799698703
0.86205078125,-0.05563913688280805
0.8620703125,0.1574190449393486
0.86208984375,0.10317873249381006
0.862109375,0.042225089607998506
0.86212890625,0.10581921974593295
0.8621484375,0.3014136615228878
0.86216796875,0.05651068470758383
0.8621875,-0.442836220716568
0.86220703125,-0.16837641197773848
0.8622265625,0.13643864096369782
0.86224609375,-0.08815167908942821
0.862265625,-0.057451087067322784
0.86228515625,-0.037866597885864335
0.8623046875,-0.050266971172447925
0.86232421875,0.17265676957768844
0.86234375,0.2008377661977648
0.86236328125,0.14020478962039182
0.8623828125,-0.09132428887227194
0.86240234375,-0.42957542764040596
0.862421875,-0.37118966681865573
0.86244140625,-0.16755060150857318
0.8624609375,-0.0916728733151862
0.86248046875,-0.10123760573515081
0.8625,-0.02120513541664725
0.86251953125,0.2599234217145723
0.8625390625,0.4922700251034522
0.86255859375,0.523962744842508
0.862578125,0.42591016200618237
0.86259765625,0.4121661511082567
0.8626171875,0.49813851901883704
0.86263671875,0.537848773872959
0.86265625,0.5306515237047584
0.86267578125,0.37193584860353485
0.8626953125,0.3336887564210177
0.86271484375,0.5938582327682917
0.862734375,0.6064726990482139
0.86275390625,0.4810828405884886
0.8627734375,0.6069665542044411
0.86279296875,0.7193215227912249
0.8628125,0.6085377235911045
0.86283203125,0.32078860698301603
0.8628515625,0.3259875309873169
0.86287109375,0.5151913144917424
0.862890625,0.09104705929879132
0.86291015625,-0.3284548448547271
0.8629296875,-0.03209540067045925
0.86294921875,0.17467809104201193
0.86296875,-0.09767699654854102
0.86298828125,-0.3860642249022757
0.8630078125,-0.4523050218750162
0.86302734375,-0.3667819872375935
0.863046875,-0.23741369003321172
0.86306640625,-0.09934718474796524
0.8630859375,-0.10976046283268931
0.86310546875,-0.3396642062714271
0.863125,-0.44296634239479166
0.86314453125,-0.2707440446692689
0.8631640625,-0.20350485274144386
0.86318359375,-0.41127711160780434
0.863203125,-0.5596102123301625
0.86322265625,-0.3133579446723493
0.8632421875,0.0670099980836338
0.86326171875,0.07052933049441334
0.86328125,-0.06902492766416325
0.86330078125,0.0405277622035467
0.8633203125,0.25405401949136996
0.86333984375,0.44541686320905094
0.863359375,0.4883930711357944
0.86337890625,0.2668129798418553
0.8633984375,0.07968393131074052
0.86341796875,0.15128799076299193
0.8634375,0.26811751345607054
0.86345703125,0.318933234661477
0.8634765625,0.2722968436715815
0.86349609375,0.0992930100736738
0.863515625,-0.03698553700096768
0.86353515625,-0.12436121381650758
0.8635546875,-0.13942221854865597
0.86357421875,-0.0888113239798455
0.86359375,-0.19444451083140923
0.86361328125,-0.24997987534638294
0.8636328125,-0.1317828484434822
0.86365234375,-0.3915925351548336
0.863671875,-0.9288153549391557
0.86369140625,-1.0400425573349588
0.8637109375,-0.8822471968730643
0.86373046875,-0.8426791540289313
0.86375,-0.8983804093241858
0.86376953125,-0.9519431050817717
0.8637890625,-0.8008256601417338
0.86380859375,-0.6649448412611274
0.863828125,-0.7721059326690041
0.86384765625,-0.6185690866847674
0.8638671875,-0.3112351065648427
0.86388671875,-0.4399052859084847
0.86390625,-0.408225867721852
0.86392578125,0.11291886826555556
0.8639453125,0.16825946415868742
0.86396484375,-0.37915600805724803
0.863984375,-0.6100796648205595
0.86400390625,-0.3393978938128508
0.8640234375,-0.19512003509622933
0.86404296875,-0.3784081596189393
0.8640625,-0.5291498838724724
0.86408203125,-0.4408030272885031
0.8641015625,-0.266015248795498
0.86412109375,-0.150626021953374
0.864140625,-0.12123499972219501
0.86416015625,-0.257287219004452
0.8641796875,-0.3162852923527848
0.86419921875,-0.14210094458454992
0.86421875,-0.2075008246693738
0.86423828125,-0.5289883558253587
0.8642578125,-0.5942323576766722
0.86427734375,-0.4539260499636751
0.864296875,-0.39517008763756634
0.86431640625,-0.43089582406845794
0.8643359375,-0.5832298202171359
0.86435546875,-0.6811912670346603
0.864375,-0.4675941470866721
0.86439453125,-0.23119952416075268
0.8644140625,-0.14682183506337187
0.86443359375,-0.03589300857368694
0.864453125,-0.1157595011892508
0.86447265625,-0.3206331864373007
0.8644921875,-0.3713344440425874
0.86451171875,-0.45929286160149885
0.86453125,-0.3521898271767264
0.86455078125,0.06405411208335561
0.8645703125,0.30234431078795193
0.86458984375,0.2556109735478212
0.864609375,-0.0755968381292596
0.86462890625,-0.2341083080185553
0.8646484375,0.13616077269601373
0.86466796875,0.20934215682910498
0.8646875,0.019526840529274524
0.86470703125,0.07574890623192507
0.8647265625,-0.14470203457079925
0.86474609375,-0.28295294460833315
0.864765625,0.012753763618906218
0.86478515625,-0.01484512761399764
0.8648046875,-0.12167610321771959
0.86482421875,0.057658998257378385
0.86484375,0.14562099133502587
0.86486328125,0.1265861569979519
0.8648828125,-0.003205389701101867
0.86490234375,-0.16868566599310503
0.864921875,-0.30203995098998476
0.86494140625,-0.5442925047275226
0.8649609375,-0.7463092225086059
0.86498046875,-0.6511721059801232
0.865,-0.37337084883791294
0.86501953125,-0.4093283835480187
0.8650390625,-0.6144558989901407
0.86505859375,-0.5719741292526247
0.865078125,-0.4854584802617824
0.86509765625,-0.3216753246421439
0.8651171875,-0.2485998004748827
0.86513671875,-0.499317231696471
0.86515625,-0.599908327865809
0.86517578125,-0.6351964704997175
0.8651953125,-0.7606072588398378
0.86521484375,-0.48813809725112334
0.865234375,-0.0932365982982436
0.86525390625,-0.17629214576415808
0.8652734375,-0.5106732250840121
0.86529296875,-0.5004841803162606
0.8653125,-0.13862183347888937
0.86533203125,-0.14087725157394368
0.8653515625,-0.4854295568401737
0.86537109375,-0.44019526363369427
0.865390625,-0.2771063835224016
0.86541015625,-0.48989762355635247
0.8654296875,-0.5751402532549671
0.86544921875,-0.32252034337022983
0.86546875,-0.22798339030916281
0.86548828125,-0.24532742375064165
0.8655078125,-0.09850161186887899
0.86552734375,0.038939396483921127
0.865546875,0.07050811379849706
0.86556640625,-0.0006449682085388278
0.8655859375,-0.14856642186670532
0.86560546875,-0.25462271697710875
0.865625,-0.38879575360139873
0.86564453125,-0.43496573712155906
0.8656640625,-0.2306481841624021
0.86568359375,0.0020925995958028312
0.865703125,0.1477745494979341
0.86572265625,0.014616891201288652
0.8657421875,-0.270469697595951
0.86576171875,-0.2725808861162641
0.86578125,-0.2596167724106276
0.86580078125,-0.1925320268912368
0.8658203125,-0.037992698436377786
0.86583984375,-0.2124900449675923
0.865859375,-0.2951870236151395
0.86587890625,-0.1318443076325431
0.8658984375,-0.05277834958530586
0.86591796875,0.11643555046545727
0.8659375,0.33902064370160145
0.86595703125,0.38167796531497256
0.8659765625,0.3327186325828262
0.86599609375,0.41981882693206996
0.866015625,0.4177429591026201
0.86603515625,0.06640219534552261
0.8660546875,-0.02786874852632032
0.86607421875,0.27568560797194946
0.86609375,0.33000232684806596
0.86611328125,0.24824820575037773
0.8661328125,0.2947644976629976
0.86615234375,0.33153529659579156
0.866171875,0.43129149349831986
0.86619140625,0.3953533334815825
0.8662109375,0.007892045697722332
0.86623046875,-0.1850376748249233
0.86625,-0.04776296864568291
0.86626953125,-0.05639232647384125
0.8662890625,-0.06141647874694589
0.86630859375,-0.08828877852920368
0.866328125,-0.26154742575048423
0.86634765625,-0.13148293461659755
0.8663671875,0.0990314357387006
0.86638671875,0.03671034879081244
0.86640625,-0.1965208697653905
0.86642578125,-0.3073518314960576
0.8664453125,-0.15424348230348456
0.86646484375,-0.2052817972282842
0.866484375,-0.42213773148679223
0.86650390625,-0.25182303276649276
0.8665234375,0.16019277660020953
0.86654296875,0.312102353501592
0.8665625,0.23181049718454347
0.86658203125,0.4819844319801675
0.8666015625,0.748602221506602
0.86662109375,0.5704013766798677
0.866640625,0.5752465187036667
0.86666015625,0.8458424541764054
0.8666796875,0.8974332801334128
0.86669921875,0.8513716617328215
0.86671875,0.9591475861347474
0.86673828125,0.9043197908698891
0.8667578125,0.5630869182053189
0.86677734375,0.39672126825685416
0.866796875,0.2648336890514711
0.86681640625,0.1369806865446218
0.8668359375,0.2782238201730081
0.86685546875,0.17490730999527035
0.866875,-0.057277501578775314
0.86689453125,-0.05239532109596891
0.8669140625,-0.1235956608817698
0.86693359375,-0.06981341329205026
0.866953125,-0.04466244833334324
0.86697265625,-0.18225213700570803
0.8669921875,-0.05006158287550964
0.86701171875,-0.04660990183367135
0.86703125,-0.10386257189908141
0.86705078125,0.07814117038885521
0.8670703125,0.10746138121528903
0.86708984375,0.04009692480463634
0.867109375,-0.18223701170446996
0.86712890625,-0.3109458480301464
0.8671484375,-0.14378569992523216
0.86716796875,-0.23811261159315522
0.8671875,-0.2134167078019898
0.86720703125,0.07362014749345318
0.8672265625,0.1605324891839751
0.86724609375,0.3074606462547437
0.867265625,0.38688459719235047
0.86728515625,0.39687150152931083
0.8673046875,0.6427649858106763
0.86732421875,0.7140541578610229
0.86734375,0.6369823390617364
0.86736328125,0.7913316906832789
0.8673828125,0.7079575718416297
0.86740234375,0.23119266433709112
0.867421875,-0.007485931978741995
0.86744140625,0.06764984093592702
0.8674609375,0.17156085172545457
0.86748046875,0.09845448643042103
0.8675,-0.006748675239303212
0.86751953125,0.3239542758619528
0.8675390625,0.5421429124835202
0.86755859375,0.35100743689124303
0.867578125,0.30598067313506466
0.86759765625,0.17667482535152984
0.8676171875,0.19472362106488572
0.86763671875,0.5771198587612136
0.86765625,0.6411421495739601
0.86767578125,0.5320532293001135
0.8676953125,0.3923955399474569
0.86771484375,0.17508585416112393
0.867734375,0.13944600648056646
0.86775390625,0.019527242701093912
0.8677734375,0.08431155580729063
0.86779296875,0.3596597916190005
0.8678125,0.09381581847295706
0.86783203125,-0.21547453605833072
0.8678515625,-0.16277902429897412
0.86787109375,0.04490752469966383
0.867890625,0.4069657899005183
0.86791015625,0.286309263252058
0.8679296875,-0.15298054733180472
0.86794921875,-0.12504787753180677
0.86796875,0.16702822731817457
0.86798828125,0.3543614280772871
0.8680078125,0.3157566688314597
0.86802734375,0.27832093854339013
0.868046875,0.40374757477616596
0.86806640625,0.4469737129940666
0.8680859375,0.43582678753604065
0.86810546875,0.5570992839599708
0.868125,0.580827864300749
0.86814453125,0.34364095307460585
0.8681640625,0.4249151588976916
0.86818359375,0.5700485223033391
0.868203125,0.12762404390315688
0.86822265625,0.01374083619091905
0.8682421875,0.42323769001857675
0.86826171875,0.5989046279625351
0.86828125,0.5869363678816159
0.86830078125,0.37527247000731906
0.8683203125,0.2911521124059333
0.86833984375,0.5009493653447891
0.868359375,0.33898451311317995
0.86837890625,0.02578333952089754
0.8683984375,0.07645693816569074
0.86841796875,0.32903333500331555
0.8684375,0.4269770134113524
0.86845703125,0.1930725216425203
0.8684765625,0.07530701302251527
0.86849609375,0.0392779116092834
0.868515625,-0.14700913115092437
0.86853515625,0.006778677770486553
0.8685546875,0.23233616667082443
0.86857421875,0.28663687732519083
0.86859375,0.5820344593521876
0.86861328125,0.7880455526849507
0.8686328125,0.8134020966747852
0.86865234375,0.9511379789654635
0.868671875,1.0329625956324067
0.86869140625,1.0524212931518993
0.8687109375,1.0972196154076184
0.86873046875,1.0982697904050558
0.86875,0.8371017483569339
0.86876953125,0.45408559200431997
0.8687890625,0.3415034351402708
0.86880859375,0.3017759089128916
0.868828125,0.3553238945671113
0.86884765625,0.5448820210488116
0.8688671875,0.5531872088656951
0.86888671875,0.39315807967256383
0.86890625,0.11615087047579384
0.86892578125,0.09624624488070448
0.8689453125,0.24667291875804348
0.86896484375,0.010831186455285403
0.868984375,-0.17319831971725685
0.86900390625,-0.2500965667147049
0.8690234375,-0.41258924967455957
0.86904296875,-0.41764509141190687
0.8690625,-0.6185571309706671
0.86908203125,-0.7564687593953221
0.8691015625,-0.4689800044003447
0.86912109375,-0.3305482959683489
0.869140625,-0.26833148637946697
0.86916015625,-0.056520948137361866
0.8691796875,0.045295794697866425
0.86919921875,0.1640464038753165
0.86921875,0.3358325356885914
0.86923828125,0.30315769709723517
0.8692578125,0.2881481723300712
0.86927734375,0.48571258895662345
0.869296875,0.5910341907687884
0.86931640625,0.6767806688872372
0.8693359375,0.7405637538945079
0.86935546875,0.4875651177809719
0.869375,0.347845308357925
0.86939453125,0.492687203627888
0.8694140625,0.4833418187875941
0.86943359375,0.5028830219970495
0.869453125,0.6409120031343221
0.86947265625,0.5395542953024902
0.8694921875,0.4137953718766957
0.86951171875,0.5493674526474495
0.86953125,0.7582649326565459
0.86955078125,0.7442642971783735
0.8695703125,0.5022839714235777
0.86958984375,0.38554449862634776
0.869609375,0.3574537156495216
0.86962890625,0.2453127773253181
0.8696484375,0.32353096885050675
0.86966796875,0.5077437124770627
0.8696875,0.3692537416257605
0.86970703125,0.025866232042442427
0.8697265625,-0.049555604780689086
0.86974609375,0.005556296008128153
0.869765625,-0.1949843327063011
0.86978515625,-0.11008870613395313
0.8698046875,0.3258373021311046
0.86982421875,0.23102888202220795
0.86984375,-0.15184351654430972
0.86986328125,-0.17634262154214286
0.8698828125,-0.032860559937304634
0.86990234375,-0.04643991676242668
0.869921875,-0.020821077312303274
0.86994140625,0.153102876863679
0.8699609375,-0.09892063291402986
0.86998046875,-0.36111616375796185
0.87,0.013601304402210634
0.87001953125,0.2782406805591336
0.8700390625,0.08054820271401175
0.87005859375,-0.10606806964653424
0.870078125,0.14596606707809998
0.87009765625,0.5200747367966934
0.8701171875,0.44075681122193694
0.87013671875,0.16829563887914537
0.87015625,-0.031099636868257174
0.87017578125,-0.008510345226892604
0.8701953125,0.110096872665859
0.87021484375,-0.030764624135913108
0.870234375,-0.11707108558290831
0.87025390625,-0.0755948512128923
0.8702734375,0.047146367623688665
0.87029296875,0.400121065149526
0.8703125,0.37737679202166596
0.87033203125,-0.05722882033080544
0.8703515625,-0.025299189499249905
0.87037109375,0.2502934002569267
0.870390625,0.24371343953754118
0.87041015625,0.24264720073778834
0.8704296875,0.24836289440273052
0.87044921875,0.29061428643975795
0.87046875,0.3119981492165693
0.87048828125,0.007846331403624573
0.8705078125,-0.1046770888171814
0.87052734375,-0.13973809487098224
0.870546875,-0.624090519465229
0.87056640625,-0.6763349692675474
0.8705859375,-0.13138770064444655
0.87060546875,0.15240349319315327
0.870625,0.3444617136483545
0.87064453125,0.49836445327163775
0.8706640625,0.278354079070012
0.87068359375,0.24821711646965902
0.870703125,0.6931919192100355
0.87072265625,0.9363128510076262
0.8707421875,0.6546660092680654
0.87076171875,0.3790507485757312
0.87078125,0.5184659650000514
0.87080078125,0.6725058224102605
0.8708203125,0.5231598047565604
0.87083984375,0.2600646160191383
0.870859375,-0.018091736998234006
0.87087890625,-0.24264630268766268
0.8708984375,-0.31792668028198023
0.87091796875,-0.28446233503630913
0.8709375,-0.15776728507482804
0.87095703125,-0.11287910814895367
0.8709765625,-0.23785986961338945
0.87099609375,-0.13513382813976202
0.871015625,0.08747944669125396
0.87103515625,-0.02741134739575575
0.8710546875,-0.26482580215761775
0.87107421875,-0.29305583925067497
0.87109375,-0.10983235865895712
0.87111328125,-0.051390541213482716
0.8711328125,-0.40257037514865235
0.87115234375,-0.8545119663622195
0.871171875,-1.0382698737911116
0.87119140625,-0.8806324962589787
0.8712109375,-0.46135600941322114
0.87123046875,-0.12379327948698243
0.87125,-0.0018106114309911006
0.87126953125,0.05218402530214754
0.8712890625,-0.10939183268640047
0.87130859375,-0.20631661151687924
0.871328125,0.12353741316586941
0.87134765625,0.14170959902137256
0.8713671875,-0.30176357679471455
0.87138671875,-0.29453327299934484
0.87140625,0.11284257660342213
0.87142578125,0.19091664255560262
0.8714453125,-0.05438443620577843
0.87146484375,-0.21054263746271767
0.871484375,-0.42015430575633766
0.87150390625,-0.6792743291176047
0.8715234375,-0.6472212330716292
0.87154296875,-0.6626391549364872
0.8715625,-0.7259367495030762
0.87158203125,-0.5185038935677971
0.8716015625,-0.3415305166222181
0.87162109375,-0.2668564613520669
0.871640625,-0.23231636240248915
0.87166015625,-0.3678545854449257
0.8716796875,-0.5533069222560099
0.87169921875,-0.5105273055205687
0.87171875,-0.6035083746568646
0.87173828125,-1.1096019012839498
0.8717578125,-1.1222958528992493
0.87177734375,-0.6805464749840829
0.871796875,-0.6090945158760418
0.87181640625,-0.49988394955643084
0.8718359375,-0.311368948844106
0.87185546875,-0.48641627444777336
0.871875,-0.72487182913798
0.87189453125,-0.6443677922994118
0.8719140625,-0.2440342626032744
0.87193359375,-0.1471421264414057
0.871953125,-0.5614048305704851
0.87197265625,-0.7025695206075937
0.8719921875,-0.5016398957940653
0.87201171875,-0.419671992336065
0.87203125,-0.41002396724365664
0.87205078125,-0.39321109644324825
0.8720703125,-0.27631252634698367
0.87208984375,-0.11185636195538994
0.872109375,-0.09078730822319822
0.87212890625,-0.042648974398595135
0.8721484375,0.03423821250848623
0.87216796875,-0.20995500199438105
0.8721875,-0.5961332143562312
0.87220703125,-0.5756703807644625
0.8722265625,-0.5018797855196058
0.87224609375,-0.6463356703805186
0.872265625,-0.42253454326112727
0.87228515625,-0.26544652077253916
0.8723046875,-0.5980781283470525
0.87232421875,-0.7038044536751201
0.87234375,-0.5403569246362445
0.87236328125,-0.46049195821118805
0.8723828125,-0.4319668669020562
0.87240234375,-0.34660303478956556
0.872421875,-0.1830782353343236
0.87244140625,-0.17984541067611826
0.8724609375,-0.10451656332357304
0.87248046875,0.32432448941091685
0.8725,0.40355750055163203
0.87251953125,-0.043292672665260296
0.8725390625,-0.21836795446642873
0.87255859375,0.06549472615209143
0.872578125,0.2911282966209546
0.87259765625,0.16201894520750287
0.8726171875,0.07252047132736045
0.87263671875,0.2478271143464072
0.87265625,0.26082248557830623
0.87267578125,0.09771808891602243
0.8726953125,0.05792439574417236
0.87271484375,-0.006353003486748075
0.872734375,-0.09771006575646274
0.87275390625,0.025149119556077338
0.8727734375,0.08777249372270764
0.87279296875,0.010553835914189104
0.8728125,0.15562418558476965
0.87283203125,0.23496539233887243
0.8728515625,0.005253122746485053
0.87287109375,-0.1248445892289291
0.872890625,-0.10443551196189052
0.87291015625,-0.09443630588651002
0.8729296875,-0.1002332390439436
0.87294921875,-0.24233379663407006
0.87296875,-0.43419683829543343
0.87298828125,-0.7395498217475772
0.8730078125,-1.1874881227831424
0.87302734375,-1.1146693417556024
0.873046875,-0.6584796754562734
0.87306640625,-0.7151198489950248
0.8730859375,-0.9828672551575433
0.87310546875,-0.8799138497945306
0.873125,-0.7713198249299216
0.87314453125,-0.8219297032010231
0.8731640625,-0.6956641020451169
0.87318359375,-0.502661077412747
0.873203125,-0.5402770310777893
0.87322265625,-0.49265050884752004
0.8732421875,-0.16510445417743863
0.87326171875,0.13740170624416634
0.87328125,0.2456368733599075
0.87330078125,0.06962496516763154
0.8733203125,0.022599900496491507
0.87333984375,0.1950284219526555
0.873359375,-0.07799342503965896
0.87337890625,-0.31698609728188637
0.8733984375,-0.09181669018100763
0.87341796875,-0.05230673069097751
0.8734375,-0.2676572347828673
0.87345703125,-0.4696738589071325
0.8734765625,-0.5819376617025194
0.87349609375,-0.652985309441774
0.873515625,-0.6875708778103748
0.87353515625,-0.5238266130291636
0.8735546875,-0.4042568218723719
0.87357421875,-0.32360930098386353
0.87359375,-0.1588151713895084
0.87361328125,-0.445401820924362
0.8736328125,-0.7053341698462405
0.87365234375,-0.2988986643543018
0.873671875,-0.02882563697424687
0.87369140625,-0.12049227823568218
0.8737109375,-0.29652737511604665
0.87373046875,-0.367952536204473
0.87375,-0.08955215568992263
0.87376953125,0.010749102952222547
0.8737890625,-0.08996193081919471
0.87380859375,0.01331961949519145
0.873828125,-0.03115318558595654
0.87384765625,-0.16595167685789627
0.8738671875,0.05803382711353844
0.87388671875,0.39119169689308997
0.87390625,0.3524497848176976
0.87392578125,0.09086345736109841
0.8739453125,0.0004235431419776659
0.87396484375,-0.05653986221570662
0.873984375,-0.1679738448415459
0.87400390625,-0.02469868144759177
0.8740234375,0.17711489189221366
0.87404296875,0.12795214741218255
0.8740625,0.0843278245249917
0.87408203125,0.07553949624871709
0.8741015625,0.009746405043978293
0.87412109375,0.11234850731408788
0.874140625,0.1098479114906093
0.87416015625,-0.1229117522927675
0.8741796875,-0.0320679815926134
0.87419921875,0.11954857910688708
0.87421875,-0.04187501433711461
0.87423828125,-0.09835937304664695
0.8742578125,0.08094809383583877
0.87427734375,0.17208777898116795
0.874296875,-0.09633963545371982
0.87431640625,-0.27856904953084327
0.8743359375,-0.08029000279077858
0.87435546875,0.1693659975414635
0.874375,0.3971614998477966
0.87439453125,0.22451079012990108
0.8744140625,-0.009942736259550972
0.87443359375,0.38186303159893287
0.874453125,0.5571618767059673
0.87447265625,0.14084808411571653
0.8744921875,-0.1122999501927337
0.87451171875,0.05014088754340499
0.87453125,0.1540714000713278
0.87455078125,0.018354067637718952
0.8745703125,0.003173172324888433
0.87458984375,0.09343021555405696
0.874609375,0.4126702646606425
0.87462890625,0.833419470578656
0.8746484375,0.7473117176875669
0.87466796875,0.6483405401169254
0.8746875,0.9193034091650972
0.87470703125,1.0210929677149188
0.8747265625,0.8666448327308334
0.87474609375,0.6821126062903664
0.874765625,0.7525280655258031
0.87478515625,0.8907005666955378
0.8748046875,0.6680403114687075
0.87482421875,0.4966549282524678
0.87484375,0.5032654780474557
0.87486328125,0.4382704386560899
0.8748828125,0.36190579981001897
0.87490234375,0.046042940945089414
0.874921875,-0.2966522858075308
0.87494140625,-0.040922704303742855
0.8749609375,0.32992424823089567
0.87498046875,0.0551558125903531
0.875,-0.36271485410837256
0.87501953125,-0.2641102477188099
0.8750390625,0.008946994009988593
0.87505859375,-0.20277105696939918
0.875078125,-0.6406126005205313
0.87509765625,-0.5561593934922608
0.8751171875,-0.28964847404331234
0.87513671875,-0.19403502558885322
0.87515625,-0.04642804397887252
0.87517578125,0.02054948280801306
0.8751953125,0.2695118150686019
0.87521484375,0.6365718228216178
0.875234375,0.5856949682114994
0.87525390625,0.5630733704017543
0.8752734375,0.6331324141572257
0.87529296875,0.3824431816352193
0.8753125,0.2896219974386344
0.87533203125,0.44046772421538016
0.8753515625,0.38668874192885033
0.87537109375,0.12918411590199252
0.875390625,-0.06976343914999067
0.87541015625,0.06374166917834595
0.8754296875,0.18501587367021488
0.87544921875,-0.01173729485023425
0.87546875,-0.02581780330442377
0.87548828125,0.2567184727366059
0.8755078125,0.4668638827205709
0.87552734375,0.5685597808935607
0.875546875,0.5742758741322739
0.87556640625,0.31167397993097007
0.8755859375,-0.07752326705625523
0.87560546875,-0.2016444014464327
0.875625,-0.03348810579331949
0.87564453125,0.08234349904628042
0.8756640625,-0.058908389166544464
0.87568359375,-0.13695251754064708
0.875703125,0.09337865474550137
0.87572265625,0.1211524674820634
0.8757421875,-0.16690936073946594
0.87576171875,-0.14046589311076843
0.87578125,-0.07269498364947097
0.87580078125,-0.30057557678319036
0.8758203125,-0.40667308060502
0.87583984375,-0.4832240188821919
0.875859375,-0.4531759512240249
0.87587890625,-0.1659066968706508
0.8758984375,-0.019013391518834556
0.87591796875,0.09989423531058671
0.8759375,0.28498076270605077
0.87595703125,0.2320448671877327
0.8759765625,0.2173419566916535
0.87599609375,0.5142891103423275
0.876015625,0.7061165791903941
0.87603515625,0.6428144208010014
0.8760546875,0.6440347876738521
0.87607421875,0.6568358691471323
0.87609375,0.3174689750906122
0.87611328125,-0.16619297777607145
0.8761328125,-0.11581204508744784
0.87615234375,0.15655469664544217
0.876171875,0.026149841060414857
0.87619140625,-0.017998702992092212
0.8762109375,0.16027037758789195
0.87623046875,0.22921109763500225
0.87625,0.2801219676444722
0.87626953125,0.26545230296170286
0.8762890625,0.2571637939862302
0.87630859375,0.09477242189890786
0.876328125,-0.1144413527092512
0.87634765625,0.23609367704687317
0.8763671875,0.34983429953978656
0.87638671875,-0.12318495736455584
0.87640625,-0.14938899304545566
0.87642578125,0.18198703228824264
0.8764453125,0.4330453008722256
0.87646484375,0.4575825637697309
0.876484375,0.23694556126809868
0.87650390625,0.2821883825255436
0.8765234375,0.4490046489385196
0.87654296875,0.44852639151148505
0.8765625,0.487783882539659
0.87658203125,0.4997483984706955
0.8766015625,0.541016100149006
0.87662109375,0.5480193343113264
0.876640625,0.4142160288117491
0.87666015625,0.4409796773676364
0.8766796875,0.6557616786975783
0.87669921875,0.9995722410211605
0.87671875,1.1891292892330265
0.87673828125,0.901089712143204
0.8767578125,0.6900164867264753
0.87677734375,0.8203976975905751
0.876796875,0.9525807039965327
0.87681640625,0.9255857958934413
0.8768359375,0.7047388494722878
0.87685546875,0.5617623998111956
0.876875,0.3610472552881421
0.87689453125,0.0048892704725050804
0.8769140625,-0.06749785710600584
0.87693359375,-0.07968103403278201
0.876953125,-0.10632132141407696
0.87697265625,-0.017949611309603118
0.8769921875,-0.18198285429831115
0.87701171875,-0.32820872414507396
0.87703125,-0.2280666883542437
0.87705078125,-0.19571166265238918
0.8770703125,-0.014328836876729215
0.87708984375,0.17111357435088226
0.877109375,-0.037305707629373366
0.87712890625,-0.19097929494479668
0.8771484375,-0.0076454089533195685
0.87716796875,0.29759867632481296
0.8771875,0.2053723072941201
0.87720703125,-0.13864255061108732
0.8772265625,0.22936751201438899
0.87724609375,0.659022454575434
0.877265625,0.3724109870806656
0.87728515625,0.17118977788416284
0.8773046875,0.23412939571370125
0.87732421875,0.3105254187690544
0.87734375,0.32240641974204004
0.87736328125,0.14137956786924094
0.8773828125,0.1685640515797527
0.87740234375,0.3823476865390226
0.877421875,0.5118741655922485
0.87744140625,0.7022536322799895
0.8774609375,0.7521685153786102
0.87748046875,0.6714149648550252
0.8775,0.4712999478385794
0.87751953125,0.1604079893443618
0.8775390625,0.2544122262762025
0.87755859375,0.488969414247185
0.877578125,0.4670231729720012
0.87759765625,0.3793864597634245
0.8776171875,0.3386489294928146
0.87763671875,0.27653129078798233
0.87765625,-0.04111007755601513
0.87767578125,-0.09515806226127502
0.8776953125,0.18101408061191726
0.87771484375,0.008937727854654551
0.877734375,-0.08863544558560997
0.87775390625,0.06832338654268086
0.8777734375,-0.16827876790598556
0.87779296875,-0.39203999865486816
0.8778125,-0.22556053760922815
0.87783203125,-0.04582499042900062
0.8778515625,-0.18591521357721327
0.87787109375,-0.330541509499254
0.877890625,-0.13050329501888605
0.87791015625,-0.09957381847349742
0.8779296875,-0.4726623499880651
0.87794921875,-0.6788078556269971
0.87796875,-0.46495252365641576
0.87798828125,-0.1476704695402675
0.8780078125,-0.10696176497852011
0.87802734375,-0.19664665336659062
0.878046875,0.0017893708816839882
0.87806640625,0.3511030448565461
0.8780859375,0.4517879562054876
0.87810546875,0.29703383806817624
0.878125,0.23640628718309478
0.87814453125,0.23698841643557134
0.8781640625,0.04973304951370477
0.87818359375,-0.09286268640854975
0.878203125,-0.1376093034567405
0.87822265625,-0.11519181153380054
0.8782421875,-0.004007041552551417
0.87826171875,-0.1306277781965473
0.87828125,-0.3042048366625613
0.87830078125,-0.22992540548160956
0.8783203125,-0.2054092035498381
0.87833984375,-0.19812613945357901
0.878359375,-0.15120786193696287
0.87837890625,-0.20497310014623266
0.8783984375,-0.14324941567101507
0.87841796875,-0.014515785831691684
0.8784375,0.06786479778177848
0.87845703125,0.1454389978059732
0.8784765625,0.0643676016001325
0.87849609375,-0.047824086026030034
0.878515625,-0.08944062966456144
0.87853515625,-0.03197785456377952
0.8785546875,0.17033796943388174
0.87857421875,0.29376501523479104
0.87859375,0.2614804544415027
0.87861328125,0.13607591433636848
0.8786328125,0.17690195764764194
0.87865234375,0.4283841311761316
0.878671875,0.5624750556152802
0.87869140625,0.5642619666933928
0.8787109375,0.366638100344774
0.87873046875,0.2461327653281213
0.87875,0.4381272842567606
0.87876953125,0.32094151542622606
0.8787890625,0.03445142650947248
0.87880859375,-0.026471019594929774
0.878828125,-0.08882459014637331
0.87884765625,-0.10687246223651252
0.8788671875,-0.08370959537257554
0.87888671875,0.09438005807546009
0.87890625,0.19233212802910404
0.87892578125,-0.25842535830798324
0.8789453125,-0.7472433013445695
0.87896484375,-0.8521409388879043
0.878984375,-0.7395313935375317
0.87900390625,-0.6867700678270574
0.8790234375,-0.7333299222128586
0.87904296875,-0.47760002086851117
0.8790625,-0.09747373199577301
0.87908203125,-0.22177337685656573
0.8791015625,-0.6950858222363466
0.87912109375,-0.8000175615544287
0.879140625,-0.5408228694658638
0.87916015625,-0.5166621690704165
0.8791796875,-0.6269696053392
0.87919921875,-0.5801898824171872
0.87921875,-0.41715767523313746
0.87923828125,-0.09910274344826304
0.8792578125,0.07450637533906368
0.87927734375,0.06345987353391186
0.879296875,0.21575252769029934
0.87931640625,0.24923662778432848
0.8793359375,0.15773528958821115
0.87935546875,0.2383778783515161
0.879375,0.1449452759971417
0.87939453125,-0.03640440647168916
0.8794140625,0.08114427531422795
0.87943359375,0.08026701222164709
0.879453125,-0.2255825233743731
0.87947265625,-0.30826875817242677
0.8794921875,-0.07515823449749026
0.87951171875,0.04847437703209476
0.87953125,-0.14849214984842884
0.87955078125,-0.2658063779217005
0.8795703125,-0.015974441576218985
0.87958984375,-0.14343003480894953
0.879609375,-0.7612079368653495
0.87962890625,-0.9587232061583641
0.8796484375,-0.8653743636314124
0.87966796875,-0.8305556110549102
0.8796875,-0.6435916682242702
0.87970703125,-0.5891527579044187
0.8797265625,-0.69434937195983
0.87974609375,-0.5052451524352433
0.879765625,-0.1448789067284286
0.87978515625,-0.14418583725635062
0.8798046875,-0.48132406484057844
0.87982421875,-0.5343443779363061
0.87984375,-0.4286690888302749
0.87986328125,-0.46299972412850576
0.8798828125,-0.362902925946746
0.87990234375,-0.5939395338979413
0.879921875,-1.0229476135319837
0.87994140625,-1.018531168345544
0.8799609375,-1.2076519868674622
0.87998046875,-1.2044438112515887
0.88,-0.5780423664444557
0.88001953125,-0.2956588471093471
0.8800390625,-0.19687721676193298
0.88005859375,-0.15943907807862684
0.880078125,-0.20560678233101656
0.88009765625,0.06619897344962268
0.8801171875,-0.0174118090880594
0.88013671875,-0.0033560910811333
0.88015625,0.5174157871398997
0.88017578125,0.27025752365105804
0.8801953125,-0.24025906662794638
0.88021484375,-0.3723457803770162
0.880234375,-0.6434795049844462
0.88025390625,-0.5188098034973319
0.8802734375,-0.34220842144854247
0.88029296875,-0.6564880358739235
0.8803125,-0.8359438164003895
0.88033203125,-1.0220783114320855
0.8803515625,-0.9384142210420465
0.88037109375,-0.43076683907653124
0.880390625,-0.40123687419536125
0.88041015625,-0.6448496126192954
0.8804296875,-0.6887732296708645
0.88044921875,-0.5070980459887214
0.88046875,-0.1591064406738412
0.88048828125,-0.08182461326674965
0.8805078125,-0.16400965396548323
0.88052734375,-0.03987200311241755
0.880546875,0.1344567997218727
0.88056640625,0.09317594993741064
0.8805859375,-0.09357073374027292
0.88060546875,-0.16994539068243425
0.880625,-0.2446456060498507
0.88064453125,-0.25107443105541105
0.8806640625,-0.06858316469867008
0.88068359375,-0.18386291885601688
0.880703125,-0.32890199987894564
0.88072265625,0.11571952996776302
0.8807421875,0.5462216837589611
0.88076171875,0.3568177208600069
0.88078125,-0.1425478218193561
0.88080078125,-0.2529457149699932
0.8808203125,0.0785382949330201
0.88083984375,0.08729956517035888
0.880859375,-0.08763545698191408
0.88087890625,0.05423071980388589
0.8808984375,0.056913521157590866
0.88091796875,-0.24316133413705904
0.8809375,-0.5679100982480205
0.88095703125,-0.6975206897016486
0.8809765625,-0.6935589860329896
0.88099609375,-0.8489424210578296
0.881015625,-0.8862085968728565
0.88103515625,-0.8599359743045556
0.8810546875,-0.9478282892272449
0.88107421875,-0.8340341409484107
0.88109375,-0.8509792197622754
0.88111328125,-0.9785484745660704
0.8811328125,-0.7541873718290584
0.88115234375,-0.6304332970502518
0.881171875,-0.7681221517870456
0.88119140625,-0.6623853890854654
0.8812109375,-0.30670853315829466
0.88123046875,-0.10476708718538852
0.88125,-0.2132551790473437
0.88126953125,-0.3452407097798924
0.8812890625,-0.4003147623003467
0.88130859375,-0.39041758118040143
0.881328125,-0.16788485144107948
0.88134765625,-0.15119186974901513
0.8813671875,-0.4691469077690439
0.88138671875,-0.5144094071114231
0.88140625,-0.24154419477718608
0.88142578125,-0.04564747514013304
0.8814453125,-0.02528530915322607
0.88146484375,-0.06438937759563733
0.881484375,-0.18127308648757734
0.88150390625,-0.20568765146818102
0.8815234375,0.07935147339275786
0.88154296875,0.13560200192864774
0.8815625,-0.12338102751690475
0.88158203125,-0.16962920207092752
0.8816015625,-0.2587390163600962
0.88162109375,-0.35815511256895693
0.881640625,-0.24270404276626673
0.88166015625,-0.22983073322965336
0.8816796875,-0.287091006381208
0.88169921875,-0.45213257958275405
0.88171875,-0.5016479754805511
0.88173828125,-0.21085105138662708
0.8817578125,-0.04194191107068958
0.88177734375,0.023173641317036427
0.881796875,0.03157676318106744
0.88181640625,0.005678719851982268
0.8818359375,0.11790515111560124
0.88185546875,0.1323195857757733
0.881875,0.11983991342025908
0.88189453125,-0.01117995724151162
0.8819140625,-0.21632247556438408
0.88193359375,-0.14538015398823365
0.881953125,-0.31564195024469277
0.88197265625,-0.499250158248468
0.8819921875,-0.15027738028583376
0.88201171875,0.04896170177102535
0.88203125,0.03492628368130623
0.88205078125,0.04541091294557552
0.8820703125,0.05120219615871972
0.88208984375,0.3218439930753618
0.882109375,0.45187304401196327
0.88212890625,0.23780571206208778
0.8821484375,0.0866660462571324
0.88216796875,-0.11490036554138928
0.8821875,-0.32666995621037453
0.88220703125,-0.3007184697422473
0.8822265625,-0.27374476829302347
0.88224609375,-0.31451155718445
0.882265625,-0.23153194480935504
0.88228515625,-0.15060372466161018
0.8823046875,-0.09191703515025657
0.88232421875,0.0002850909143843754
0.88234375,0.024125979332477676
0.88236328125,0.1369700489613916
0.8823828125,0.27066683541255376
0.88240234375,0.04952773011827638
0.882421875,-0.25560694015560054
0.88244140625,-0.12069156309310325
0.8824609375,0.18482902750543212
0.88248046875,0.20320414974198636
0.8825,-0.051427632227070044
0.88251953125,-0.2171829811417924
0.8825390625,0.004475954866289867
0.88255859375,0.0587833934933361
0.882578125,-0.13245929491309885
0.88259765625,0.17425593236110115
0.8826171875,0.5905792477866417
0.88263671875,0.7186177779810151
0.88265625,0.7991730141620652
0.88267578125,0.65671126387733
0.8826953125,0.46234287013728964
0.88271484375,0.48796030988084477
0.882734375,0.5730240209679762
0.88275390625,0.47277541539994616
0.8827734375,0.15530952726815336
0.88279296875,0.14379789489995864
0.8828125,0.4092724047456848
0.88283203125,0.5092728120310372
0.8828515625,0.5437576402724161
0.88287109375,0.44312070550420235
0.882890625,0.2890536256813736
0.88291015625,0.22746493829964387
0.8829296875,0.12763309773352666
0.88294921875,0.09980994566667131
0.88296875,0.11575701202918609
0.88298828125,0.15464841162089937
0.8830078125,0.2617344366606177
0.88302734375,0.25972550111932213
0.883046875,0.22245865968717493
0.88306640625,0.234357693235206
0.8830859375,0.039246204800037876
0.88310546875,-0.2274764659125612
0.883125,-0.237685138566191
0.88314453125,-0.27829054080946525
0.8831640625,-0.4122722601237044
0.88318359375,-0.3363316796182711
0.883203125,-0.17973783019534284
0.88322265625,-0.03670997899740187
0.8832421875,0.24612628517255347
0.88326171875,0.5706065667158637
0.88328125,0.6630864152039264
0.88330078125,0.6402421272894764
0.8833203125,0.6747160950316563
0.88333984375,0.631553879020997
0.883359375,0.5323840353067888
0.88337890625,0.4174470762247464
0.8833984375,0.47844400207594184
0.88341796875,0.6976421320072287
0.8834375,0.43823817840324597
0.88345703125,-0.08511145781385725
0.8834765625,-0.026421168252420912
0.88349609375,0.3607568158473097
0.883515625,0.3805184570566944
0.88353515625,0.2142162605939531
0.8835546875,0.22847597765103508
0.88357421875,0.2956102361051971
0.88359375,0.33826036473682597
0.88361328125,0.37207145083941345
0.8836328125,0.33427703292460376
0.88365234375,0.29006130469590774
0.883671875,0.2886584573466832
0.88369140625,0.08477117104623952
0.8837109375,-0.24841315588417384
0.88373046875,-0.15868903738425738
0.88375,0.3047843972674883
0.88376953125,0.4593347182366672
0.8837890625,0.15931264192207079
0.88380859375,0.08311531740369797
0.883828125,0.18384984273253727
0.88384765625,-0.13373091498799985
0.8838671875,-0.24442213555103817
0.88388671875,0.20827476990997618
0.88390625,0.41298465330055223
0.88392578125,0.06574051783478795
0.8839453125,-0.36535677816376005
0.88396484375,-0.405674650069627
0.883984375,-0.2522225316561246
0.88400390625,-0.2935139867723022
0.8840234375,-0.24400293868921027
0.88404296875,-0.029841065256877332
0.8840625,-0.001166926243062404
0.88408203125,-0.06419860337876815
0.8841015625,0.0580570615267495
0.88412109375,0.539315433188212
0.884140625,0.7472686575416247
0.88416015625,0.16824645727267484
0.8841796875,0.02242004227916336
0.88419921875,0.36356258835822336
0.88421875,0.17419734081307253
0.88423828125,0.11164440255754224
0.8842578125,0.469380148361111
0.88427734375,0.6464180722241484
0.884296875,0.3452518946423199
0.88431640625,-0.009177574817362685
0.8843359375,0.14119308143068904
0.88435546875,0.18110016687887504
0.884375,0.12138277743070443
0.88439453125,0.26244307067249184
0.8844140625,0.1559990836830475
0.88443359375,0.2683396348009425
0.884453125,0.4406402910555285
0.88447265625,0.18656485783394106
0.8844921875,0.21640935974130918
0.88451171875,0.5317713006189266
0.88453125,0.6520562971961622
0.88455078125,0.37579674020897147
0.8845703125,0.03763461378794691
0.88458984375,0.2735879464834603
0.884609375,0.5230951727503815
0.88462890625,0.5160457417381955
0.8846484375,0.6721806052865316
0.88466796875,0.7982886750967089
0.8846875,0.9338637312156196
0.88470703125,1.0806764771972142
0.8847265625,1.0559417516506253
0.88474609375,1.0078343418977322
0.884765625,0.9186531578968826
0.88478515625,0.5559980640234061
0.8848046875,0.15170507027075913
0.88482421875,0.24323245425344858
0.88484375,0.4756834652127325
0.88486328125,0.4838793026042245
0.8848828125,0.4122233812781569
0.88490234375,0.0658780716507222
0.884921875,0.005918245668376065
0.88494140625,0.46203373716060325
0.8849609375,0.3117727933223115
0.88498046875,-0.2546156687079956
0.885,-0.2825786337082746
0.88501953125,-0.003001020323374244
0.8850390625,0.1344089850265243
0.88505859375,-0.02616410618583897
0.885078125,-0.15793832969928231
0.88509765625,0.00821598988870725
0.8851171875,0.13481560027324835
0.88513671875,0.28079382823875904
0.88515625,0.38869163626177416
0.88517578125,0.2299931114421152
0.8851953125,0.24876272964161172
0.88521484375,0.4325096955744877
0.885234375,0.4469885592260534
0.88525390625,0.4090602974514277
0.8852734375,0.39868335710896097
0.88529296875,0.5592993437543575
0.8853125,0.7233414114250979
0.88533203125,0.5187004879522678
0.8853515625,0.33043843415781526
0.88537109375,0.5204289932495836
0.885390625,0.5111259593458517
0.88541015625,0.10783935822701529
0.8854296875,0.029984991561434318
0.88544921875,0.2789423979501153
0.88546875,0.31560556625519237
0.88548828125,0.2505395877167679
0.8855078125,0.5165894523878186
0.88552734375,0.7857074479430688
0.885546875,0.5393378472951378
0.88556640625,0.4947749535461431
0.8855859375,0.7156157630403703
0.88560546875,0.5556384508974466
0.885625,0.545630798630041
0.88564453125,0.6637506123594901
0.8856640625,0.518142887652584
0.88568359375,0.39152890650534505
0.885703125,0.33096444810128517
0.88572265625,0.3065614450352713
0.8857421875,0.18929129975229608
0.88576171875,0.026757416868442067
0.88578125,-0.03156700628178104
0.88580078125,-0.023770588968217175
0.8858203125,0.17007514008772656
0.88583984375,0.29293648169059094
0.885859375,0.301315431592051
0.88587890625,0.3219168441775591
0.8858984375,-0.008898022889645613
0.88591796875,-0.31098574429146425
0.8859375,-0.3011494292007847
0.88595703125,-0.378771042050695
0.8859765625,-0.34023599139689764
0.88599609375,-0.1472246799906906
0.886015625,0.12647060036516355
0.88603515625,0.375227788415866
0.8860546875,0.19604563771581052
0.88607421875,0.164097701215908
0.88609375,0.36587868522855976
0.88611328125,0.32866632381758065
0.8861328125,0.5276408209687112
0.88615234375,0.5051445934369814
0.886171875,0.033464501012990824
0.88619140625,0.10104632716878498
0.8862109375,0.39737529452084547
0.88623046875,0.22544995364857245
0.88625,-0.17863068625951534
0.88626953125,-0.2502755834964026
0.8862890625,0.12421287421236518
0.88630859375,0.19468233523829742
0.886328125,-0.06321046483053658
0.88634765625,-0.1499423999094132
0.8863671875,-0.1959636747998718
0.88638671875,0.042872621655478504
0.88640625,0.36800815496618283
0.88642578125,0.1256443127260065
0.8864453125,-0.03125726968027638
0.88646484375,0.27734428382469417
0.886484375,0.33697585386472617
0.88650390625,0.06302601253914826
0.8865234375,-0.06268558587700684
0.88654296875,0.17698451984287256
0.8865625,0.42301053431419744
0.88658203125,0.4720739449515623
0.8866015625,0.6240761835355519
0.88662109375,0.6575232192396409
0.886640625,0.6662801047989377
0.88666015625,0.8189497291260068
0.8866796875,0.5263388350148979
0.88669921875,0.15644077526490632
0.88671875,0.1889239452181482
0.88673828125,0.3597241157357566
0.8867578125,0.5287453190354119
0.88677734375,0.38842708081494914
0.886796875,0.19327657831933148
0.88681640625,0.11155433231487624
0.8868359375,-0.12189318342877459
0.88685546875,-0.0990388899861909
0.886875,-0.17216102518549767
0.88689453125,-0.6186235958045018
0.8869140625,-0.5611402236981186
0.88693359375,-0.27960237600173166
0.886953125,-0.39457073484611765
0.88697265625,-0.4917020146010755
0.8869921875,-0.3253483955253994
0.88701171875,-0.18506629803547844
0.88703125,-0.3366007258771172
0.88705078125,-0.5687115833354748
0.8870703125,-0.6984330746063664
0.88708984375,-0.5444555712961094
0.887109375,-0.13481648464697396
0.88712890625,-0.20938403889112073
0.8871484375,-0.5746973731855645
0.88716796875,-0.4740618860299652
0.8871875,-0.22079823578800845
0.88720703125,-0.2390817401550816
0.8872265625,-0.39618042241474233
0.88724609375,-0.3505318924800421
0.887265625,-0.15227546712380785
0.88728515625,-0.1011593693004651
0.8873046875,0.014845118095191887
0.88732421875,0.1761726619893365
0.88734375,0.08693054457889947
0.88736328125,0.04932222601842924
0.8873828125,0.15338954638789104
0.88740234375,0.12079875590841277
0.887421875,0.014644933233332554
0.88744140625,-0.14711148667412074
0.8874609375,-0.18722329374654656
0.88748046875,0.025751028006171996
0.8875,0.1926006120427869
0.88751953125,0.3751986923982736
0.8875390625,0.3694108656690535
0.88755859375,-0.008654137930854733
0.887578125,-0.14741276483869872
0.88759765625,-0.0010650385223191332
0.8876171875,0.11452504677906364
0.88763671875,0.07339118008036181
0.88765625,-0.14133004230493967
0.88767578125,-0.1313947064276144
0.8876953125,-0.1346384372025648
0.88771484375,-0.5948939308501151
0.887734375,-0.8884557657811044
0.88775390625,-0.6944188097119022
0.8877734375,-0.4824463409651791
0.88779296875,-0.35595420502801695
0.8878125,-0.10515354939299068
0.88783203125,-0.024718450350961763
0.8878515625,-0.44941549249227497
0.88787109375,-0.5643793607681759
0.887890625,0.0024081679301307113
0.88791015625,0.16207431102214426
0.8879296875,-0.19285912545213846
0.88794921875,-0.3227269991179553
0.88796875,-0.3240610554915186
0.88798828125,-0.3491337928800763
0.8880078125,-0.3521952994509717
0.88802734375,-0.21203147370180425
0.888046875,0.13233797849092657
0.88806640625,0.12495011842835266
0.8880859375,-0.24183786305718066
0.88810546875,-0.4829418869332107
0.888125,-0.5971055043625448
0.88814453125,-0.4315996946690952
0.8881640625,-0.1666933704922688
0.88818359375,-0.13826582606831173
0.888203125,-0.2789311620056289
0.88822265625,-0.5686902915545431
0.8882421875,-0.5410970706728893
0.88826171875,-0.2985094634647341
0.88828125,-0.476292295496901
0.88830078125,-0.5755115303795378
0.8883203125,-0.4741143217561071
0.88833984375,-0.5715037256972815
0.888359375,-0.5560428361231494
0.88837890625,-0.3324747122806888
0.8883984375,-0.02861984038792679
0.88841796875,-0.017576227662936733
0.8884375,-0.33853375971152744
0.88845703125,-0.2357356505024535
0.8884765625,0.07053392173338052
0.88849609375,0.03941574419256638
0.888515625,-0.1598555555023523
0.88853515625,-0.18323094099071757
0.8885546875,0.12742168871547954
0.88857421875,0.1499321435790689
0.88859375,-0.07949908713403968
0.88861328125,-0.013421041553696911
0.8886328125,0.03878907084205253
0.88865234375,0.12870467659465046
0.888671875,0.21226027770528394
0.88869140625,0.08792463708550961
0.8887109375,0.14498626025094616
0.88873046875,0.31130939553615655
0.88875,0.4094028965634632
0.88876953125,0.17348349202191377
0.8887890625,-0.30029574320962504
0.88880859375,-0.12221463403905518
0.888828125,0.15994282495753948
0.88884765625,-0.11504419534769428
0.8888671875,-0.37030605312035836
0.88888671875,-0.5572125446581561
0.88890625,-0.507722447046883
0.88892578125,-0.24127088945504455
0.8889453125,-0.30106683052849564
0.88896484375,-0.6498579294989522
0.888984375,-1.0298819076390824
0.88900390625,-1.008774338787029
0.8890234375,-0.7432356321180942
0.88904296875,-0.9257660717254388
0.8890625,-1.2174974253974982
0.88908203125,-1.144997625533894
0.8891015625,-0.8648217155301561
0.88912109375,-0.6088147857847428
0.889140625,-0.7110565346104176
0.88916015625,-0.9047287858499145
0.8891796875,-0.740671933962461
0.88919921875,-0.605578087811899
0.88921875,-0.5006427911466964
0.88923828125,-0.3054160053257393
0.8892578125,-0.41803011002290513
0.88927734375,-0.5276552260573131
0.889296875,-0.39318460234785124
0.88931640625,-0.2686734021839558
0.8893359375,-0.26517368287094695
0.88935546875,-0.46920571198197714
0.889375,-0.4913273800194121
0.88939453125,-0.3410356433356244
0.8894140625,-0.43929072244293943
0.88943359375,-0.4786773802589507
0.889453125,-0.35112363949577197
0.88947265625,-0.2319108823763472
0.8894921875,-0.11423706752234741
0.88951171875,0.01429459523119074
0.88953125,0.2330101299435196
0.88955078125,0.14266199532639495
0.8895703125,-0.35641829638220934
0.88958984375,-0.6000973890530874
0.889609375,-0.6145981876609139
0.88962890625,-0.540641098557483
0.8896484375,-0.3950688900003668
0.88966796875,-0.4566675894737154
0.8896875,-0.28291422847496595
0.88970703125,-0.03617856131529022
0.8897265625,-0.29773274258335614
0.88974609375,-0.4321258253562612
0.889765625,-0.2390247777397626
0.88978515625,-0.004578412947898736
0.8898046875,0.27237668420030914
0.88982421875,0.29786896770669313
0.88984375,0.1795939688478584
0.88986328125,0.10859923580690196
0.8898828125,0.024589664370773846
0.88990234375,0.1766137452811291
0.889921875,0.15133957964671346
0.88994140625,-0.2771785811847911
0.8899609375,-0.18811485185821608
0.88998046875,0.1283697944040033
0.89,-0.01837099367425081
0.89001953125,0.05182760014284193
0.8900390625,0.36199467992236223
0.89005859375,0.5299562938088966
0.890078125,0.4975915556038609
0.89009765625,0.13962409254701447
0.8901171875,0.07698985846814166
0.89013671875,0.2772080857426168
0.89015625,0.09045767784634731
0.89017578125,-0.08767652766599465
0.8901953125,-0.08011950174484155
0.89021484375,-0.08492424288768881
0.890234375,0.00489993964975783
0.89025390625,0.015221799980979674
0.8902734375,-0.08883854672043896
0.89029296875,-0.050282930994157704
0.8903125,0.01032858404090262
0.89033203125,-0.03406855324573928
0.8903515625,0.06950260862838474
0.89037109375,0.2527179141547307
0.890390625,0.18850194770072953
0.89041015625,-0.04076658787458083
0.8904296875,-0.37399165364206166
0.89044921875,-0.48408406805731435
0.89046875,0.0038007542147368845
0.89048828125,0.31622544171081823
0.8905078125,0.11634344915688005
0.89052734375,0.06685817815507944
0.890546875,0.18457156966983254
0.89056640625,0.2841232092810119
0.8905859375,0.36191095045322114
0.89060546875,0.3643977929369241
0.890625,0.43195012494506013
0.89064453125,0.4825236735519469
0.8906640625,0.4162543319104517
0.89068359375,0.45923645609519387
0.890703125,0.5270187441779519
0.89072265625,0.5500179848359751
0.8907421875,0.7137426879463613
0.89076171875,0.8070903452622794
0.89078125,0.6532914598377926
0.89080078125,0.5450194219664464
0.8908203125,0.5990762028614528
0.89083984375,0.4925985432147934
0.890859375,0.22123377843437758
0.89087890625,0.10150988021548663
0.8908984375,-0.002811912282979584
0.89091796875,-0.24037118841740218
0.8909375,-0.24280701620321757
0.89095703125,-0.020358158225449043
0.8909765625,-0.1604242983548616
0.89099609375,-0.45676324420242054
0.891015625,-0.370386854445792
0.89103515625,-0.29033684349030475
0.8910546875,-0.46425139908905055
0.89107421875,-0.45283387045892376
0.89109375,-0.12922350210550976
0.89111328125,0.1841571188491915
0.8911328125,0.2198752368499341
0.89115234375,-0.05126697827288261
0.891171875,-0.29262161563279915
0.89119140625,-0.10335357022845815
0.8912109375,0.3223333544114114
0.89123046875,0.5874109928867872
0.89125,0.75064498006197
0.89126953125,0.7680257834489435
0.8912890625,0.5480700041902329
0.89130859375,0.47215395386732406
0.891328125,0.5396628970049617
0.89134765625,0.4113514237428336
0.8913671875,0.2926032505173637
0.89138671875,0.3445995753461282
0.89140625,0.22002002232106324
0.89142578125,0.0063312631014065465
0.8914453125,0.22550782948651718
0.89146484375,0.5432010545100787
0.891484375,0.4497870661719852
0.89150390625,0.28628009203367
0.8915234375,0.2995632239704434
0.89154296875,0.2553895337719577
0.8915625,-0.002108653614903741
0.89158203125,-0.15436728470217012
0.8916015625,0.07563898876573359
0.89162109375,0.3178222044009611
0.891640625,0.34593917769808535
0.89166015625,0.32876502189701906
0.8916796875,0.2905318590005204
0.89169921875,0.056351837209370426
0.89171875,-0.34548418331591385
0.89173828125,-0.33324625926420337
0.8917578125,0.059393156258978286
0.89177734375,0.05901652668070178
0.891796875,-0.2778880067834203
0.89181640625,-0.46911315663702113
0.8918359375,-0.3703821182191241
0.89185546875,-0.24815907147535193
0.891875,-0.4538030062598063
0.89189453125,-0.528328984908079
0.8919140625,-0.25267622363508757
0.89193359375,-0.2764512923719221
0.891953125,-0.5154235464078598
0.89197265625,-0.3770115458762438
0.8919921875,-0.026284765960890636
0.89201171875,0.10851025832356512
0.89203125,0.08859524260597565
0.89205078125,0.17380610969152738
0.8920703125,0.3370092736331577
0.89208984375,0.5125105324070823
0.892109375,0.5985242080098264
0.89212890625,0.4699140751392723
0.8921484375,0.4190521906368442
0.89216796875,0.5083166831542447
0.8921875,0.3654159548050848
0.89220703125,0.0009704966112414892
0.8922265625,-0.1612549150926613
0.89224609375,-0.01620497386557631
0.892265625,-0.028954439125107312
0.89228515625,-0.15750035999572987
0.8923046875,0.09965887267968072
0.89232421875,0.29185782537109267
0.89234375,-0.0010917878550680202
0.89236328125,-0.07210144837567088
0.8923828125,0.1957176627533696
0.89240234375,0.27872999666049136
0.892421875,0.30423891283112436
0.89244140625,0.20934869250440738
0.8924609375,0.011908145058565495
0.89248046875,0.21026137069316214
0.8925,0.49897506364531885
0.89251953125,0.4401548135799677
0.8925390625,0.2538272653432543
0.89255859375,0.15428899534490031
0.892578125,0.3763737620638837
0.89259765625,0.8145048110532249
0.8926171875,0.9724922497349318
0.89263671875,0.8965420775425593
0.89265625,0.8279941631197716
0.89267578125,0.8181509349912934
0.8926953125,0.918650203466111
0.89271484375,1.007766864796721
0.892734375,0.9851861952975067
0.89275390625,0.8663983733090687
0.8927734375,0.8449830900264372
0.89279296875,0.7926691579616527
0.8928125,0.5340428026657938
0.89283203125,0.5970373802550144
0.8928515625,0.8449693600012568
0.89287109375,0.8947259973407802
0.892890625,0.8734465416489076
0.89291015625,0.6455750386281301
0.8929296875,0.4512836459265305
0.89294921875,0.32009957107542997
0.89296875,0.02648691036171226
0.89298828125,-0.35341442698151804
0.8930078125,-0.7503789141106132
0.89302734375,-0.5334790767545551
0.893046875,-0.16824959823190888
0.89306640625,-0.4891397202037915
0.8930859375,-0.49112789661149026
0.89310546875,0.06332883917242776
0.893125,0.5205032978555945
0.89314453125,0.6056959565429512
0.8931640625,0.17185117123860946
0.89318359375,-0.039403737351817306
0.893203125,0.17170561648363283
0.89322265625,0.3161089222239013
0.8932421875,0.46035719722632124
0.89326171875,0.4661416212276447
0.89328125,0.4696503167701651
0.89330078125,0.5695043797356574
0.8933203125,0.4517789128206282
0.89333984375,0.46528079922170956
0.893359375,0.5500854677308038
0.89337890625,0.293213160669338
0.8933984375,0.2560346294591176
0.89341796875,0.6013824600231029
0.8934375,0.6099968875442067
0.89345703125,0.34874403465945675
0.8934765625,0.22530803678354533
0.89349609375,0.23410016529046415
0.893515625,0.4955911113343098
0.89353515625,0.73512331235052
0.8935546875,0.7680211803478588
0.89357421875,0.7957052407264831
0.89359375,0.7128378692652901
0.89361328125,0.6335264244251465
0.8936328125,0.5967775854393733
0.89365234375,0.3621597934789169
0.893671875,0.07289136886896144
0.89369140625,-0.0037233888922470386
0.8937109375,-0.015146262472967603
0.89373046875,-0.25470246611093406
0.89375,-0.5761613398009648
0.89376953125,-0.6713585750257565
0.8937890625,-0.45705204067793037
0.89380859375,-0.16714264193830347
0.893828125,-0.25865800425270563
0.89384765625,-0.6035224286853978
0.8938671875,-0.5796949305007602
0.89388671875,-0.30030377942334524
0.89390625,-0.38168475882785874
0.89392578125,-0.7049933716811763
0.8939453125,-0.6819457986064293
0.89396484375,-0.2060978001587515
0.893984375,0.15754356521973018
0.89400390625,-0.018777626670262657
0.8940234375,-0.05886198935077848
0.89404296875,0.39779522036749054
0.8940625,0.4370081370500461
0.89408203125,-0.02924409103489936
0.8941015625,-0.07256508809755217
0.89412109375,0.25522076334236343
0.894140625,0.04635829271713765
0.89416015625,-0.5372130637119087
0.8941796875,-0.3817141252553109
0.89419921875,0.06813412259284998
0.89421875,-0.29082936258848036
0.89423828125,-0.5847080278710276
0.8942578125,-0.17493382753768236
0.89427734375,-0.0008518238752535795
0.894296875,-0.12780869159349087
0.89431640625,-0.000231963292000828
0.8943359375,0.1766130153077622
0.89435546875,0.1341010655429143
0.894375,0.004845776845145626
0.89439453125,-0.053922811191606856
0.8944140625,-0.14653261313181076
0.89443359375,-0.3470862385493412
0.894453125,-0.27947904701810944
0.89447265625,0.02036897069669629
0.8944921875,-0.12781255520137388
0.89451171875,-0.3676861875828216
0.89453125,-0.022319123600031708
0.89455078125,0.33274119301428196
0.8945703125,0.3577372091794301
0.89458984375,0.25321183280495607
0.894609375,0.09383120006781616
0.89462890625,0.18964067419925665
0.8946484375,0.24996483780612688
0.89466796875,0.05906989201812363
0.8946875,0.17083340531628277
0.89470703125,0.4542232065118424
0.8947265625,0.5439431013536535
0.89474609375,0.5717252789686935
0.894765625,0.5828662334114284
0.89478515625,0.4012691131597555
0.8948046875,0.11967172507411754
0.89482421875,0.09189443159356145
0.89484375,0.16224009582129706
0.89486328125,0.03528352574746927
0.8948828125,-0.15098912684577742
0.89490234375,-0.22393247739183478
0.894921875,-0.3737554844509782
0.89494140625,-0.5658695481534323
0.8949609375,-0.421968904913632
0.89498046875,-0.24075142331600038
0.895,-0.223613998782224
0.89501953125,-0.18963917172915853
0.8950390625,-0.2546188321014589
0.89505859375,-0.32236043037100137
0.895078125,-0.46255003822784974
0.89509765625,-0.7630116444769198
0.8951171875,-0.853203824196507
0.89513671875,-0.637269761983138
0.89515625,-0.5569275340031601
0.89517578125,-0.8186728132909853
0.8951953125,-0.7393986771245064
0.89521484375,-0.2724083137693618
0.895234375,-0.3365993372787556
0.89525390625,-0.6302806986199323
0.8952734375,-0.5072800525395323
0.89529296875,-0.39082010392159805
0.8953125,-0.3259949556249034
0.89533203125,-0.015321926780303384
0.8953515625,0.24207810907090915
0.89537109375,0.302685137779649
0.895390625,0.31989474425336384
0.89541015625,0.339144173359204
0.8954296875,0.2888029672806246
0.89544921875,0.11802008688064113
0.89546875,0.02882903934564122
0.89548828125,-0.15325531110585605
0.8955078125,-0.6224611489091285
0.89552734375,-0.7673036287929161
0.895546875,-0.32983776510901364
0.89556640625,-0.0995285946553637
0.8955859375,-0.527463296529207
0.89560546875,-0.7205773203456215
0.895625,-0.23832691231552508
0.89564453125,-0.06053731955244197
0.8956640625,-0.3716891122194016
0.89568359375,-0.3549405262158986
0.895703125,-0.16366248617578277
0.89572265625,-0.4835025067605587
0.8957421875,-0.8952777783004477
0.89576171875,-0.7563741704968343
0.89578125,-0.6469498195612147
0.89580078125,-0.9920407612848884
0.8958203125,-1.1377598027435825
0.89583984375,-0.8615655467807976
0.895859375,-0.6142252345554825
0.89587890625,-0.5741569395050403
0.8958984375,-0.6110925280892641
0.89591796875,-0.5244488561602627
0.8959375,-0.4428757417241249
0.89595703125,-0.5016706466443317
0.8959765625,-0.38894396899925165
0.89599609375,-0.187988961910781
0.896015625,-0.17032108066178658
0.89603515625,-0.19488491281371864
0.8960546875,-0.15232607516450425
0.89607421875,-0.07708294036794178
0.89609375,-0.18912289350997624
0.89611328125,-0.3944748707649112
0.8961328125,-0.29038902115722887
0.89615234375,-0.07981281841564898
0.896171875,-0.0019609911346720674
0.89619140625,0.02522890511554947
0.8962109375,-0.13885402596133495
0.89623046875,-0.43891335218452754
0.89625,-0.5400344253200662
0.89626953125,-0.5109361598099935
0.8962890625,-0.6555333708005834
0.89630859375,-0.8308832646969462
0.896328125,-0.7206394838772815
0.89634765625,-0.5525056347627673
0.8963671875,-0.6275327531964285
0.89638671875,-0.5401758382422903
0.89640625,-0.15560888439031084
0.89642578125,-0.033033094355940075
0.8964453125,-0.17996721898229748
0.89646484375,-0.2595591763786136
0.896484375,-0.1464521598031749
0.89650390625,0.11236148483784594
0.8965234375,0.22310807911615665
0.89654296875,0.13993323425361753
0.8965625,-0.11298899583396232
0.89658203125,-0.3945919306022108
0.8966015625,-0.3922272349690931
0.89662109375,-0.397025794930019
0.896640625,-0.37167793852882386
0.89666015625,-0.12461457101795831
0.8966796875,-0.18779074723720734
0.89669921875,-0.23045945815469895
0.89671875,0.0879248845288214
0.89673828125,0.2143902055298998
0.8967578125,0.2595832636546961
0.89677734375,0.22994580918143162
0.896796875,0.034606228514904136
0.89681640625,0.0044613888385985
0.8968359375,-0.020947213389921573
0.89685546875,-0.11537308385613051
0.896875,-0.3946823225845593
0.89689453125,-0.7391421727391629
0.8969140625,-0.6149531154240979
0.89693359375,-0.41442476710205056
0.896953125,-0.4112180786959751
0.89697265625,-0.44996540651320166
0.8969921875,-0.605317085341285
0.89701171875,-0.7577703402613285
0.89703125,-0.8692292213072361
0.89705078125,-0.8620273291309892
0.8970703125,-0.7916060524808486
0.89708984375,-0.7938990720714229
0.897109375,-0.7942102239535571
0.89712890625,-0.8862818688195602
0.8971484375,-0.920731260404042
0.89716796875,-0.7310216032511191
0.8971875,-0.7025255862589631
0.89720703125,-0.9684737213781731
0.8972265625,-0.9799533246614477
0.89724609375,-0.4826788825245757
0.897265625,-0.13704212843156832
0.89728515625,-0.2678121288350036
0.8973046875,-0.24669814512273908
0.89732421875,-0.03675489235957218
0.89734375,-0.09649099495280813
0.89736328125,-0.23168963624529182
0.8973828125,-0.37403028339497885
0.89740234375,-0.5166038300631762
0.897421875,-0.27404318668994293
0.89744140625,-0.07137386787231959
0.8974609375,-0.5189542912196878
0.89748046875,-0.881293123107014
0.8975,-0.6880486184994974
0.89751953125,-0.6361542681771104
0.8975390625,-0.732815762264905
0.89755859375,-0.5416963443794336
0.897578125,-0.37760860092598403
0.89759765625,-0.5164710602462963
0.8976171875,-0.6474415761934097
0.89763671875,-0.4631807141178505
0.89765625,-0.14266417355855737
0.89767578125,-0.06323418443824823
0.8976953125,-0.13464013549442894
0.89771484375,0.12204450322171054
0.897734375,0.46719971612650757
0.89775390625,0.3110935622268033
0.8977734375,0.12958682562789192
0.89779296875,0.24175544186936804
0.8978125,0.13223337788044076
0.89783203125,-0.08350002037304227
0.8978515625,-0.08990475642196939
0.89787109375,0.04951251763918853
0.897890625,0.13203599711126587
0.89791015625,-0.1432971763586347
0.8979296875,-0.4108542368338922
0.89794921875,-0.33508883680446466
0.89796875,-0.25605042841623255
0.89798828125,-0.28234500636120774
0.8980078125,-0.3415912124736059
0.89802734375,-0.2523081288813009
0.898046875,-0.04022882178878015
0.89806640625,-0.0719620051127079
0.8980859375,-0.16166699637682577
0.89810546875,0.010772596038625279
0.898125,0.22805920154229975
0.89814453125,0.3094565513556129
0.8981640625,0.2980689160448957
0.89818359375,0.1834643166668333
0.898203125,-0.03550358664099173
0.89822265625,-0.14742520117148758
0.8982421875,0.17278030396310629
0.89826171875,0.5671125646781014
0.89828125,0.4299305756947671
0.89830078125,0.19785299946182744
0.8983203125,0.40691288708574946
0.89833984375,0.6185390927029426
0.898359375,0.3533991117839047
0.89837890625,-0.02799382232964196
0.8983984375,-0.039673420451654014
0.89841796875,0.09217157165959529
0.8984375,0.00674442944380205
0.89845703125,-0.07677772329452995
0.8984765625,0.12312092043801741
0.89849609375,0.214207999486561
0.898515625,-0.04850900216127657
0.89853515625,-0.16283596835636266
0.8985546875,0.13237937163670965
0.89857421875,0.4206110917255599
0.89859375,0.41889266117131785
0.89861328125,0.5012281114007915
0.8986328125,0.7107529008291088
0.89865234375,0.6623419039410297
0.898671875,0.5131298572003837
0.89869140625,0.46276359818245905
0.8987109375,0.605745954354084
0.89873046875,0.857634211124825
0.89875,0.740884539500473
0.89876953125,0.4906295058018576
0.8987890625,0.5287848403104218
0.89880859375,0.6259939458376163
0.898828125,0.704166163480124
0.89884765625,0.6988723545076568
0.8988671875,0.4323069748039789
0.89888671875,0.016543778701241817
0.89890625,-0.12379682176467606
0.89892578125,-0.0704464314302354
0.8989453125,-0.3880391615979942
0.89896484375,-0.6116370298460565
0.898984375,-0.3968834569603702
0.89900390625,-0.2939393830344738
0.8990234375,-0.4112858293674717
0.89904296875,-0.5814086979513136
0.8990625,-0.5015782715843303
0.89908203125,-0.45274345165347385
0.8991015625,-0.6313577077038561
0.89912109375,-0.33106218531105636
0.899140625,-0.14564568202882724
0.89916015625,-0.5221829419179875
0.8991796875,-0.601090775675154
0.89919921875,-0.3769297601109712
0.89921875,-0.180410210869916
0.89923828125,-0.1353685265175347
0.8992578125,-0.09594298168399876
0.89927734375,0.03677027632295518
0.899296875,0.025326463165910747
0.89931640625,0.08007148066882863
0.8993359375,0.20938537718269554
0.89935546875,0.3374049362686139
0.899375,0.5439719959298202
0.89939453125,0.6570208652238669
0.8994140625,0.5790821667117088
0.89943359375,0.23632107732222996
0.899453125,0.0007832475634225941
0.89947265625,0.10604022642326899
0.8994921875,0.1882929616852822
0.89951171875,0.1772822163045125
0.89953125,0.11177169577568075
0.89955078125,0.1775967426822611
0.8995703125,0.3672214679691415
0.89958984375,0.3424997233319503
0.899609375,0.34403419477781405
0.89962890625,0.45045324366886313
0.8996484375,0.32064925974976743
0.89966796875,0.13987939891434836
0.8996875,0.2800884703252488
0.89970703125,0.40029106384104335
0.8997265625,0.03808946889543716
0.89974609375,-0.21613459823039619
0.899765625,0.027235493042751996
0.89978515625,0.20297863656282378
0.8998046875,0.08974529420420317
0.89982421875,-0.08611365605091943
0.89984375,-0.03724430557354544
0.89986328125,0.11243634137617885
0.8998828125,0.011069629621548687
0.89990234375,0.010184184562405552
0.899921875,0.1465946390759526
0.89994140625,-0.049310492035862664
0.8999609375,-0.05277289159973925
0.89998046875,0.29364604713704345
0.9,0.10842619776618115
0.90001953125,-0.3128474062462728
0.9000390625,-0.20081559194400245
0.90005859375,0.1488950803836173
0.900078125,0.2771907449513862
0.90009765625,0.1509885203878448
0.9001171875,0.07473147932484206
0.90013671875,0.2204038249859806
0.90015625,0.32686670459307243
0.90017578125,0.20958917420821627
0.9001953125,0.15609615418161424
0.90021484375,0.2816638196680681
0.900234375,0.2073021982079536
0.90025390625,0.06663154882603069
0.9002734375,0.1033692523061845
0.90029296875,0.19428128781631632
0.9003125,0.3154906410566285
0.90033203125,0.3102779720739757
0.9003515625,0.27313706207202626
0.90037109375,0.30137875106004053
0.900390625,0.4096827854738414
0.90041015625,0.7306174955263667
0.9004296875,0.8305750855078079
0.90044921875,0.6890820638016985
0.90046875,0.6132042329538276
0.90048828125,0.3934305497243489
0.9005078125,0.3003791278346729
0.90052734375,0.49382254595198494
0.900546875,0.6278181019708879
0.90056640625,0.5382451787647489
0.9005859375,0.20439185845045027
0.90060546875,0.17790380434403583
0.900625,0.5877186541496323
0.90064453125,0.7737594914764203
0.9006640625,0.8221947119944784
0.90068359375,0.916202987571451
0.900703125,0.969638990476855
0.90072265625,1.0979394332914005
0.9007421875,1.0649743010416663
0.90076171875,0.9051173342969117
0.90078125,0.8492860981010889
0.90080078125,0.8011815450355171
0.9008203125,0.8693416365224584
0.90083984375,0.8976416586896231
0.900859375,0.7024692133491557
0.90087890625,0.4494822491659228
0.9008984375,0.2387273677792749
0.90091796875,0.24912199835937904
0.9009375,0.3022657748151126
0.90095703125,0.30841686505357435
0.9009765625,0.3924483241176243
0.90099609375,0.19651632935332403
0.901015625,0.017416692281779503
0.90103515625,0.06049582943982464
0.9010546875,-0.13308622158219674
0.90107421875,-0.11980985192297768
0.90109375,0.06365249073000845
0.90111328125,0.06473853774130381
0.9011328125,0.31178948844386156
0.90115234375,0.39094678250252834
0.901171875,0.15508522928465035
0.90119140625,0.226970145902848
0.9012109375,0.5398863280478797
0.90123046875,0.7887169421116335
0.90125,0.8428157870492277
0.90126953125,0.8218368994924483
0.9012890625,0.7644253990228216
0.90130859375,0.7057808222856359
0.901328125,0.7287094208156942
0.90134765625,0.582103882567032
0.9013671875,0.4449148799433611
0.90138671875,0.44038989330643064
0.90140625,0.40955848027749486
0.90142578125,0.5014870347103042
0.9014453125,0.482255232122204
0.90146484375,0.36667349816927863
0.901484375,0.41108755190459934
0.90150390625,0.4785022597100846
0.9015234375,0.6155285521888112
0.90154296875,0.5526749160018822
0.9015625,0.35678053043704994
0.90158203125,0.4328193528258296
0.9016015625,0.4108742582424737
0.90162109375,0.33842952498718737
0.901640625,0.3178694805029867
0.90166015625,0.11427658972149654
0.9016796875,0.0739766542405433
0.90169921875,0.18858453472241496
0.90171875,0.03422779531927979
0.90173828125,-0.21338202815724447
0.9017578125,-0.1676195676547297
0.90177734375,-0.047298418742201885
0.901796875,-0.08298591811547225
0.90181640625,-0.15987129695196728
0.9018359375,-0.3768874725022016
0.90185546875,-0.4995127327798071
0.901875,-0.34823151716825856
0.90189453125,-0.2741176523544076
0.9019140625,-0.3482937681554761
0.90193359375,-0.6002082367290429
0.901953125,-0.8163644909390874
0.90197265625,-0.6824078841374277
0.9019921875,-0.47008630719073097
0.90201171875,-0.27505384368934227
0.90203125,0.014064250198613848
0.90205078125,0.2917858863364824
0.9020703125,0.4370584547300766
0.90208984375,0.4431337975273946
0.902109375,0.3360571111734023
0.90212890625,0.22806583152914317
0.9021484375,0.276280979798596
0.90216796875,0.1404985344821462
0.9021875,-0.1592000268249933
0.90220703125,-0.025907446936820996
0.9022265625,0.28216635737323714
0.90224609375,0.09725530259129081
0.902265625,-0.393931395450163
0.90228515625,-0.3987709181835739
0.9023046875,0.028932613016205477
0.90232421875,0.15675857755072042
0.90234375,-0.06662886433572171
0.90236328125,-0.09416452359573749
0.9023828125,0.31159976302687714
0.90240234375,0.44485618394792226
0.902421875,0.10276493071312529
0.90244140625,0.03123935698916075
0.9024609375,0.049754961427911686
0.90248046875,-0.1790805595829873
0.9025,-0.19422563544848148
0.90251953125,-0.04807913751455452
0.9025390625,-0.1367825562723754
0.90255859375,-0.3244002417492861
0.902578125,-0.2581290961862374
0.90259765625,0.06511220339692675
0.9026171875,0.23326317248661693
0.90263671875,0.4314744311414122
0.90265625,0.8166438518669963
0.90267578125,0.7669113144783012
0.9026953125,0.5856329935022413
0.90271484375,0.5608580570616135
0.902734375,0.31076779306676994
0.90275390625,0.14928584643031148
0.9027734375,0.10139342184755823
0.90279296875,0.20404929273623879
0.9028125,0.5314857528928912
0.90283203125,0.48654495538725795
0.9028515625,0.37530176053558584
0.90287109375,0.492198462596373
0.902890625,0.45646758767018275
0.90291015625,0.47360459580852443
0.9029296875,0.32103870269875734
0.90294921875,-0.17812633658148685
0.90296875,-0.4498891533239304
0.90298828125,-0.5268287326909579
0.9030078125,-0.6650974786429599
0.90302734375,-0.8721547511227692
0.903046875,-0.9691635607913718
0.90306640625,-0.7608353482383639
0.9030859375,-0.5420194259397929
0.90310546875,-0.3507087306803516
0.903125,-0.14387191678503206
0.90314453125,-0.16185826597466124
0.9031640625,-0.40008138914992664
0.90318359375,-0.5240049032224111
0.903203125,-0.14033982322600405
0.90322265625,0.10891723016395746
0.9032421875,-0.20922998581629565
0.90326171875,-0.22350160485140372
0.90328125,0.04799267114530775
0.90330078125,0.12118968649902966
0.9033203125,0.22530195798986752
0.90333984375,0.343828271784703
0.903359375,0.3869864855676125
0.90337890625,0.3771652314017639
0.9033984375,0.23335806196967723
0.90341796875,0.061587800684067384
0.9034375,-0.09913632073786886
0.90345703125,-0.27243237295042877
0.9034765625,-0.3296894583984828
0.90349609375,-0.3097040952790082
0.903515625,-0.16071814872573376
0.90353515625,-0.013657455466670257
0.9035546875,-0.12053812994791026
0.90357421875,0.0767475376696621
0.90359375,0.24916971264985577
0.90361328125,-0.37027518490821193
0.9036328125,-0.6445850905106791
0.90365234375,-0.21671836027795804
0.903671875,-0.18401090511053217
0.90369140625,-0.5656172764948351
0.9037109375,-0.7092129808817594
0.90373046875,-0.4331680013154654
0.90375,-0.37746537153227444
0.90376953125,-0.5496127800133599
0.9037890625,-0.3043696712205013
0.90380859375,-0.10940673044752199
0.903828125,-0.2347676044609548
0.90384765625,-0.4027043753597558
0.9038671875,-0.6337747344452664
0.90388671875,-0.8614238603831772
0.90390625,-0.8732848389218804
0.90392578125,-0.5551501842754715
0.9039453125,-0.5528205031538476
0.90396484375,-0.8479844989925758
0.903984375,-0.5639149246746559
0.90400390625,-0.20174828440323295
0.9040234375,-0.14735918301699708
0.90404296875,-0.05431295337689274
0.9040625,-0.007766574902751018
0.90408203125,0.14899552059087098
0.9041015625,0.09641513060994777
0.90412109375,-0.2558206520902872
0.904140625,-0.09509262536732765
0.90416015625,0.16143059535025608
0.9041796875,-0.0556754895308655
0.90419921875,-0.19358733190786231
0.90421875,-0.15921255367020912
0.90423828125,-0.19904277637279028
0.9042578125,-0.23179768260689182
0.90427734375,-0.26768890633477427
0.904296875,-0.40841399028115316
0.90431640625,-0.6119395470561493
0.9043359375,-0.678018194599386
0.90435546875,-0.475381981286847
0.904375,-0.40931856835773717
0.90439453125,-0.6709012683880724
0.9044140625,-0.7041704597523328
0.90443359375,-0.608824666230009
0.904453125,-0.6256266134449348
0.90447265625,-0.49039508301781365
0.9044921875,-0.5105524996142699
0.90451171875,-0.6233541102854963
0.90453125,-0.4459842547312707
0.90455078125,-0.22272761914540332
0.9045703125,-0.05208432219376584
0.90458984375,0.07801696417614157
0.904609375,0.1648043350774323
0.90462890625,0.24294780687701584
0.9046484375,0.06722768802023409
0.90466796875,-0.31413819089170414
0.9046875,-0.23407506003702228
0.90470703125,0.2970574741838493
0.9047265625,0.47530008587536665
0.90474609375,0.4538103944758587
0.904765625,0.6084652009452354
0.90478515625,0.5631641388091224
0.9048046875,0.42052900501174423
0.90482421875,0.3770488774592764
0.90484375,0.25578435074662786
0.90486328125,0.06715728758469783
0.9048828125,-0.21290023982551162
0.90490234375,-0.28857831804787354
0.904921875,-0.056530889090010084
0.90494140625,-0.15646725010184348
0.9049609375,-0.45655236715265335
0.90498046875,-0.5930475224204037
0.905,-0.8874559503021873
0.90501953125,-1.1065973918048257
0.9050390625,-0.9445527123752073
0.90505859375,-0.8295819894399403
0.905078125,-0.989045077963897
0.90509765625,-1.0819750060917785
0.9051171875,-1.0305697446712714
0.90513671875,-1.063943299013504
0.90515625,-1.0316760268572416
0.90517578125,-0.7808272751755043
0.9051953125,-0.49534476924714455
0.90521484375,-0.44019101323215415
0.905234375,-0.5072338669637189
0.90525390625,-0.22617323038892384
0.9052734375,0.033560804912820597
0.90529296875,-0.2517414506846502
0.9053125,-0.310987199839542
0.90533203125,0.013222758154749232
0.9053515625,-0.13842548438056415
0.90537109375,-0.4441211712191977
0.905390625,-0.2935300585052433
0.90541015625,-0.14111450307047155
0.9054296875,-0.41662760565096824
0.90544921875,-0.723445361999669
0.90546875,-0.6441851684217641
0.90548828125,-0.49934140793965537
0.9055078125,-0.5155485930541229
0.90552734375,-0.34223006498143566
0.905546875,0.021902092919017735
0.90556640625,0.043221238797364794
0.9055859375,-0.1494606781744383
0.90560546875,-0.0038596084446144846
0.905625,0.10895186117846047
0.90564453125,-0.2097879814670443
0.9056640625,-0.6259776837877586
0.90568359375,-0.8005013793708786
0.905703125,-0.6300023755423911
0.90572265625,-0.49813348762788745
0.9057421875,-0.6899039657034418
0.90576171875,-0.6664211505568431
0.90578125,-0.19883381462262203
0.90580078125,0.11330755589523613
0.9058203125,0.045319851558972134
0.90583984375,0.001285799947885245
0.905859375,0.07419928496982456
0.90587890625,0.030069390777276522
0.9058984375,-0.10704276790640863
0.90591796875,-0.17806397643538366
0.9059375,-0.13045500251491546
0.90595703125,-0.1570968906404007
0.9059765625,-0.23003641147662504
0.90599609375,0.14690567254752632
0.906015625,0.5493055947684732
0.90603515625,0.2327896714173761
0.9060546875,-0.0848704043454604
0.90607421875,0.16104377371260054
0.90609375,0.35021593958949715
0.90611328125,0.2736065932555415
0.9061328125,0.3699584752873639
0.90615234375,0.5536665119213497
0.906171875,0.31585884576658296
0.90619140625,0.009925508677687857
0.9062109375,0.17184709513335455
0.90623046875,0.3691112237608029
0.90625,0.1820712386532876
0.90626953125,-0.1365543021031935
0.9062890625,-0.032553815530920654
0.90630859375,0.2761969980586762
0.906328125,0.14925901080026246
0.90634765625,0.011601369099705425
0.9063671875,0.10299610409814586
0.90638671875,-0.03561516463874895
0.90640625,-0.18425059987590411
0.90642578125,0.11318064893977192
0.9064453125,0.4218982980492509
0.90646484375,0.12972790288844155
0.906484375,-0.07787017797052136
0.90650390625,0.1988595270930535
0.9065234375,0.15938451509401846
0.90654296875,0.0709675885320681
0.9065625,0.3356918800170403
0.90658203125,0.42708453211549624
0.9066015625,0.48803530895095504
0.90662109375,0.597772103935009
0.906640625,0.608850797120531
0.90666015625,0.8201054985348117
0.9066796875,0.7827835560730988
0.90669921875,0.30899064637903584
0.90671875,0.23926882419171774
0.90673828125,0.5299803971140402
0.9067578125,0.5734238148031157
0.90677734375,0.3420998994075453
0.906796875,0.08682398251372778
0.90681640625,0.024866057003763996
0.9068359375,0.05364338314108958
0.90685546875,0.12499436539007723
0.906875,0.15809527889602337
0.90689453125,-0.18354049267038855
0.9069140625,-0.47177321875538764
0.90693359375,-0.2372932019524387
0.906953125,-0.0027681921377552612
0.90697265625,-0.1461567912921212
0.9069921875,-0.4204262652770109
0.90701171875,-0.39860000641145155
0.90703125,-0.20197267252466977
0.90705078125,-0.3248472868743187
0.9070703125,-0.34771335629325995
0.90708984375,-0.056363638917552625
0.907109375,-0.0999215815095407
0.90712890625,-0.25455481948628095
0.9071484375,-0.1602707853991016
0.90716796875,-0.1568135575834665
0.9071875,-0.2508024863307976
0.90720703125,-0.25168626635545754
0.9072265625,-0.20902664602654863
0.90724609375,-0.27361553512320586
0.907265625,-0.24976695523919012
0.90728515625,-0.008548328969761695
0.9073046875,-0.0026795496702412686
0.90732421875,-0.13559497466274836
0.90734375,0.028617166830346638
0.90736328125,0.13700193050628295
0.9073828125,0.04935808530368325
0.90740234375,0.21984094695156894
0.907421875,0.551913793132625
0.90744140625,0.5553895443081135
0.9074609375,0.17824633011267194
0.90748046875,-0.13667783181107807
0.9075,-0.050348950712302526
0.90751953125,0.15139443899645225
0.9075390625,0.10017275257080746
0.90755859375,0.07212968436826898
0.907578125,0.31224858209705053
0.90759765625,0.32579786679480005
0.9076171875,-0.013088306304046289
0.90763671875,-0.19042181695020619
0.90765625,-0.17650755141034463
0.90767578125,-0.22090430474144312
0.9076953125,-0.34937886783042194
0.90771484375,-0.32869638890896025
0.907734375,-0.001054273282020901
0.90775390625,0.2233965938593517
0.9077734375,0.08068078559926185
0.90779296875,0.003659765130879851
0.9078125,0.02073431328924865
0.90783203125,-0.21339572988347946
0.9078515625,-0.1853551150197493
0.90787109375,0.13836931542982447
0.907890625,0.07978155191369782
0.90791015625,0.022387823012082697
0.9079296875,0.17805623315242702
0.90794921875,0.1892184273450854
0.90796875,0.16244176448088346
0.90798828125,0.1762222680208707
0.9080078125,0.37721903913252397
0.90802734375,0.6514789597656425
0.908046875,0.5217047028696105
0.90806640625,0.1776537258089303
0.9080859375,0.19491399516881744
0.90810546875,0.47440551485744087
0.908125,0.44729046323446076
0.90814453125,0.2517342873967724
0.9081640625,0.27479219105090136
0.90818359375,0.3105986308499351
0.908203125,0.25631732867577983
0.90822265625,0.16502146510979357
0.9082421875,0.032676702614251145
0.90826171875,-0.043225813384582944
0.90828125,0.022812046934536714
0.90830078125,0.19823057865778695
0.9083203125,0.11646167102393827
0.90833984375,-0.1150025729256185
0.908359375,0.16582223256628853
0.90837890625,0.6514243641334881
0.9083984375,0.6819985309427948
0.90841796875,0.4484743556775616
0.9084375,0.4406830080470726
0.90845703125,0.6870416678251546
0.9084765625,0.6581947681859237
0.90849609375,0.16134680272248456
0.908515625,-0.07115285548672418
0.90853515625,0.4207573016822522
0.9085546875,0.8742814931244046
0.90857421875,0.817935338290801
0.90859375,0.7442891809513918
0.90861328125,0.8897353982114922
0.9086328125,1.0058462194831055
0.90865234375,0.7178186294999676
0.908671875,0.44647881878162193
0.90869140625,0.701604584411866
0.9087109375,0.7598299213214467
0.90873046875,0.6654847224578011
0.90875,0.959931490879784
0.90876953125,1.086463578657138
0.9087890625,0.951646764827048
0.90880859375,0.9381572085570313
0.908828125,1.0086153185609879
0.90884765625,0.8592000232758729
0.9088671875,0.5490793987202979
0.90888671875,0.5460548013856258
0.90890625,0.3683360987266104
0.90892578125,-0.2679604535223435
0.9089453125,-0.5054422355194024
0.90896484375,-0.2509966977478676
0.908984375,-0.05338496881026371
0.90900390625,-0.23029704269662632
0.9090234375,-0.5158406160366511
0.90904296875,-0.19909266133955572
0.9090625,0.2154976132200435
0.90908203125,0.18984941305124114
0.9091015625,0.3272464822335269
0.90912109375,0.3835513945903492
0.909140625,0.08014753898361032
0.90916015625,0.02022033656156068
0.9091796875,0.18167744055060447
0.90919921875,0.19076536463074123
0.90921875,0.20284509343756268
0.90923828125,0.42345760592954607
0.9092578125,0.44730180411164056
0.90927734375,0.1795941130944907
0.909296875,0.2883172486791306
0.90931640625,0.8441599052541965
0.9093359375,1.070699141155809
0.90935546875,0.6148796495236302
0.909375,0.2800022292138846
0.90939453125,0.48399404434817606
0.9094140625,0.594680928205495
0.90943359375,0.4083134083753999
0.909453125,0.22749037220368504
0.90947265625,0.2608045283257045
0.9094921875,0.28658697803160266
0.90951171875,0.24366213479296606
0.90953125,0.4358613960870604
0.90955078125,0.589592385776128
0.9095703125,0.64361932705309
0.90958984375,0.7108583610879071
0.909609375,0.5569554860719925
0.90962890625,0.3614100704379881
0.9096484375,0.1744129466651695
0.90966796875,-0.02254253958717631
0.9096875,-0.08713989487677185
0.90970703125,-0.2305254384497455
0.9097265625,-0.46348678021765277
0.90974609375,-0.5080146700568486
0.909765625,-0.1710359287870992
0.90978515625,0.20028643933532356
0.9098046875,0.0747595340973741
0.90982421875,-0.18424707565807547
0.90984375,-0.0906422128443899
0.90986328125,0.16570432060588447
0.9098828125,0.13936771161074663
0.90990234375,-0.10087650026368605
0.909921875,-0.1603861268141905
0.90994140625,-0.2619555240646617
0.9099609375,-0.42862180139579875
0.90998046875,-0.4457600314756378
0.91,-0.47800210406054405
0.91001953125,-0.3824540950334311
0.9100390625,-0.23163283560931908
0.91005859375,-0.10085515816969824
0.910078125,0.3161500186042675
0.91009765625,0.523564119620421
0.9101171875,0.4607311657225621
0.91013671875,0.5507430149190112
0.91015625,0.20898889123359146
0.91017578125,-0.30713661273749787
0.9101953125,-0.2602387787199626
0.91021484375,-0.02618597674798708
0.910234375,-0.06590457622973304
0.91025390625,-0.3672719735461729
0.9102734375,-0.4314851379673523
0.91029296875,-0.22638561498217086
0.9103125,-0.21584495085489178
0.91033203125,-0.23360267048799566
0.9103515625,0.01409559822801247
0.91037109375,0.2762787326978527
0.910390625,0.10000193537417124
0.91041015625,-0.16772372549996462
0.9104296875,-0.05686152555764438
0.91044921875,-0.05119744538502605
0.91046875,-0.15690819535452102
0.91048828125,0.05354058567313802
0.9105078125,0.21378020113933072
0.91052734375,0.11292118743477654
0.910546875,-0.009746418733459335
0.91056640625,-0.09997110033672849
0.9105859375,-0.09956457808577521
0.91060546875,-0.00876144557415107
0.910625,0.15213663529083643
0.91064453125,0.4592651686336393
0.9106640625,0.6201374778765187
0.91068359375,0.40727044628276865
0.910703125,0.26204543833653904
0.91072265625,0.37550309023427353
0.9107421875,0.457467746588824
0.91076171875,0.443498911374706
0.91078125,0.408011389124277
0.91080078125,0.3681265271094353
0.9108203125,0.24326876572855854
0.91083984375,0.2556213516994946
0.910859375,0.6603890129590366
0.91087890625,0.8683379425433917
0.9108984375,0.4909039406598647
0.91091796875,0.022169075236785733
0.9109375,-0.10413073728588877
0.91095703125,0.05459739269906109
0.9109765625,-0.030563136215315118
0.91099609375,-0.5384360811509704
0.911015625,-0.9793318650042122
0.91103515625,-1.0520590567986792
0.9110546875,-0.7366871356261014
0.91107421875,-0.4044738584257054
0.91109375,-0.36827611099751767
0.91111328125,-0.3077450663564952
0.9111328125,-0.2070543311569754
0.91115234375,-0.3499776269875243
0.911171875,-0.5533380377502966
0.91119140625,-0.49868586518634084
0.9112109375,-0.39596499169143456
0.91123046875,-0.48934720321761693
0.91125,-0.510640037176806
0.91126953125,-0.3947298026312783
0.9112890625,-0.22629934255624942
0.91130859375,-0.036480937664712734
0.911328125,-0.05282354043436792
0.91134765625,-0.15640764312114291
0.9113671875,-0.059567753616255784
0.91138671875,0.16747848791013226
0.91140625,0.40351893374815045
0.91142578125,0.3960534399154276
0.9114453125,0.07035683389163178
0.91146484375,0.0022727327417882415
0.911484375,0.2812358807874017
0.91150390625,0.28056394307915966
0.9115234375,-0.015517002752784032
0.91154296875,-0.24982780442699198
0.9115625,-0.28850884560882706
0.91158203125,-0.10715770352156354
0.9116015625,-0.08652466362884373
0.91162109375,-0.3224947766881064
0.911640625,-0.38017606377851837
0.91166015625,-0.3809203768094416
0.9116796875,-0.5731441211661067
0.91169921875,-0.7540800190639809
0.91171875,-0.8669301069484804
0.91173828125,-0.9117565659373185
0.9117578125,-0.8070989595086635
0.91177734375,-0.7823435875709929
0.911796875,-0.9696358127666472
0.91181640625,-1.1109017682707163
0.9118359375,-1.0851635360441323
0.91185546875,-0.8678223504191083
0.911875,-0.5848754596977138
0.91189453125,-0.6409340827285608
0.9119140625,-0.6342451973406679
0.91193359375,0.024679124930739246
0.911953125,0.42919979908940337
0.91197265625,0.014875111638784133
0.9119921875,-0.440836947510394
0.91201171875,-0.49922819860422346
0.91203125,-0.2710370925667215
0.91205078125,-0.3283774778356404
0.9120703125,-0.6364555695504074
0.91208984375,-0.5168825023332191
0.912109375,-0.37827339347109623
0.91212890625,-0.4402292012194541
0.9121484375,-0.3486322912325937
0.91216796875,-0.10342118757358984
0.9121875,0.1993734017773187
0.91220703125,0.07585188594205913
0.9122265625,-0.3171518920643754
0.91224609375,-0.3737080553487955
0.912265625,-0.45488637750975947
0.91228515625,-0.6507168637721448
0.9123046875,-0.5731658143001903
0.91232421875,-0.45099116271001405
0.91234375,-0.432701264546996
0.91236328125,-0.3798242223637561
0.9123828125,-0.34765972616113416
0.91240234375,-0.32900517982874977
0.912421875,-0.4235656929517203
0.91244140625,-0.5307201925094691
0.9124609375,-0.37427291575358834
0.91248046875,-0.2918200292591497
0.9125,-0.44028129738595234
0.91251953125,-0.5781967509068378
0.9125390625,-0.5590666089116528
0.91255859375,-0.32965611194220995
0.912578125,-0.2958171416471255
0.91259765625,-0.5169310140264423
0.9126171875,-0.47725666024567476
0.91263671875,-0.16296607713167813
0.91265625,0.12802916433037942
0.91267578125,0.20672104116394652
0.9126953125,0.100656037469578
0.91271484375,0.06321907014697456
0.912734375,0.2126853722290409
0.91275390625,0.37608110019473606
0.9127734375,0.2027393264028699
0.91279296875,-0.12761311446915913
0.9128125,-0.07029096515540753
0.91283203125,0.1464847138157057
0.9128515625,0.0394072352668659
0.91287109375,-0.2541711019527365
0.912890625,-0.2951008160122822
0.91291015625,-0.19476427121480888
0.9129296875,-0.3785710172258037
0.91294921875,-0.459569692152823
0.91296875,-0.3503097989663712
0.91298828125,-0.5581878405528733
0.9130078125,-0.8498680029184251
0.91302734375,-0.9954648150660106
0.913046875,-0.9234008205114794
0.91306640625,-0.8088505136680653
0.9130859375,-0.9743521013994647
0.91310546875,-0.8767209785574839
0.913125,-0.6565083043872303
0.91314453125,-0.8423018008396724
0.9131640625,-0.8442369852057602
0.91318359375,-0.5581453145510229
0.913203125,-0.43750929618758894
0.91322265625,-0.3978909930269442
0.9132421875,-0.32689849617840605
0.91326171875,-0.3672758204909753
0.91328125,-0.36755620496930136
0.91330078125,-0.16811065851544446
0.9133203125,-0.06568399939289696
0.91333984375,-0.1819648763037961
0.913359375,-0.3236434746134565
0.91337890625,-0.25778003530851573
0.9133984375,-0.18939032265655847
0.91341796875,-0.370768844395016
0.9134375,-0.3003090037148878
0.91345703125,-0.05600637906649773
0.9134765625,-0.1498100873516669
0.91349609375,-0.4074800281627932
0.913515625,-0.642373555892805
0.91353515625,-0.5336294022434035
0.9135546875,-0.2867958696194184
0.91357421875,-0.4199905113135833
0.91359375,-0.34830171873214
0.91361328125,-0.09611077423193133
0.9136328125,-0.21461262840189765
0.91365234375,-0.2572659969991552
0.913671875,-0.04057424914909753
0.91369140625,0.09637050218483509
0.9137109375,0.03722678360544715
0.91373046875,-0.0821637489511988
0.91375,-0.11325607412431726
0.91376953125,-0.1114582796947799
0.9137890625,-0.017722048283562976
0.91380859375,0.18629660454781907
0.913828125,0.029283087529322557
0.91384765625,-0.3970408244963362
0.9138671875,-0.32094183105480756
0.91388671875,-0.07004839048825379
0.91390625,-0.17436757091224986
0.91392578125,-0.21630506221438908
0.9139453125,-0.10083715307610198
0.91396484375,-0.150123607404727
0.913984375,-0.4515401464582869
0.91400390625,-0.44929726313119306
0.9140234375,0.03615719329306883
0.91404296875,0.17326506197780828
0.9140625,0.09034382452449237
0.91408203125,0.30803336728140723
0.9141015625,0.3450606478218678
0.91412109375,0.10796569277570879
0.914140625,0.1476701878169453
0.91416015625,0.2722333925171095
0.9141796875,-0.08530317262293678
0.91419921875,-0.3421153214486518
0.91421875,0.006282947121785537
0.91423828125,0.13905288677326677
0.9142578125,-0.27737406270595033
0.91427734375,-0.5976109616137343
0.914296875,-0.528075845504492
0.91431640625,-0.31049218622851826
0.9143359375,-0.20965457668787374
0.91435546875,-0.19876913756433967
0.914375,-0.13403318097728517
0.91439453125,-0.06924252645710716
0.9144140625,-0.2007914342624458
0.91443359375,-0.42357674640877185
0.914453125,-0.36087474618931004
0.91447265625,-0.2762451828711576
0.9144921875,-0.3992763344295137
0.91451171875,-0.26770627567108735
0.91453125,-0.09354056061953686
0.91455078125,-0.1573680864450264
0.9145703125,0.019177789296414546
0.91458984375,0.3244333928555505
0.914609375,0.344765745270909
0.91462890625,0.2780916624620773
0.9146484375,0.3568227289889331
0.91466796875,0.45242661506610254
0.9146875,0.47390929960883355
0.91470703125,0.6733491674252019
0.9147265625,0.8455416121580981
0.91474609375,0.5897793194409648
0.914765625,0.45549670877455023
0.91478515625,0.4683417589413317
0.9148046875,0.12120870326006583
0.91482421875,0.05495442197855527
0.91484375,0.37428453167649167
0.91486328125,0.3177820377668996
0.9148828125,0.05956356812497261
0.91490234375,-0.009896757431503613
0.914921875,-0.04327114569817791
0.91494140625,-0.11617391863889592
0.9149609375,-0.037951474173214976
0.91498046875,0.1764435386687394
0.915,0.19326651635771486
0.91501953125,0.08973887278065254
0.9150390625,0.11134435590319117
0.91505859375,0.04297636307404013
0.915078125,0.026520237417602455
0.91509765625,0.2972660429843197
0.9151171875,0.43421042428268164
0.91513671875,0.09077483309621
0.91515625,-0.5368285689392733
0.91517578125,-0.7183719508174042
0.9151953125,-0.4147355809038369
0.91521484375,-0.3872639403939375
0.915234375,-0.47421239791477415
0.91525390625,-0.3747163968527248
0.9152734375,-0.2313969717890476
0.91529296875,-0.03702380827852414
0.9153125,0.17039901297791812
0.91533203125,0.4112837023246749
0.9153515625,0.4480273002985715
0.91537109375,0.37566311241964756
0.915390625,0.712081901508844
0.91541015625,0.9598799446793741
0.9154296875,0.5559369913291208
0.91544921875,0.24407649685474442
0.91546875,0.47405019226728384
0.91548828125,0.4314191107544063
0.9155078125,0.09381865038885018
0.91552734375,0.18827425709355058
0.915546875,0.43897937569010514
0.91556640625,0.3773071639644534
0.9155859375,0.13783448796849232
0.91560546875,0.16477818930290378
0.915625,0.36167476150906896
0.91564453125,0.2047769139088696
0.9156640625,-0.049235334957201504
0.91568359375,-0.1944536325603008
0.915703125,-0.41053817947661536
0.91572265625,-0.5038538463193825
0.9157421875,-0.4741935012555938
0.91576171875,-0.36369697223017117
0.91578125,-0.1161294129919575
0.91580078125,0.05326870839219744
0.9158203125,0.1518874711411391
0.91583984375,0.2380536430673093
0.915859375,0.27630343806940816
0.91587890625,0.294325683180132
0.9158984375,0.2379684219186659
0.91591796875,0.2715138297507843
0.9159375,0.3057202058148774
0.91595703125,0.16475906105727645
0.9159765625,0.3785401225783226
0.91599609375,0.8346677790258339
0.916015625,0.8051556362806034
0.91603515625,0.5821327953898217
0.9160546875,0.5203211698175436
0.91607421875,0.4024294131485346
0.91609375,0.28247466032994156
0.91611328125,0.3286686015866549
0.9161328125,0.5646743169469217
0.91615234375,0.7170577833160439
0.916171875,0.5010543262142657
0.91619140625,0.25027858964986555
0.9162109375,0.1821667512993644
0.91623046875,0.14391998073404105
0.91625,0.28237460852180124
0.91626953125,0.3471948411956276
0.9162890625,0.1309012771970396
0.91630859375,0.04454788893068021
0.916328125,0.0752092539242103
0.91634765625,0.2670165514475966
0.9163671875,0.37670904645883974
0.91638671875,0.05704322261936877
0.91640625,0.04205978091723646
0.91642578125,0.3063029595896376
0.9164453125,0.2659113990316482
0.91646484375,0.20698753722935564
0.916484375,0.424701551522446
0.91650390625,0.7629346062903435
0.9165234375,0.6928354141210993
0.91654296875,0.5237128890732679
0.9165625,0.7916524284923157
0.91658203125,0.985933796948695
0.9166015625,1.027669743556797
0.91662109375,1.0123281761206178
0.916640625,0.9468436065768708
0.91666015625,1.025361585441696
0.9166796875,0.8682598423558836
0.91669921875,0.6385551984161033
0.91671875,0.718122953305014
0.91673828125,0.6891812006086951
0.9167578125,0.6020004629482447
0.91677734375,0.6949670269694395
0.916796875,0.7345283875349402
0.91681640625,0.8308968081137809
0.9168359375,0.9573793180319204
0.91685546875,0.8552629298405947
0.916875,0.7134344552814407
0.91689453125,0.37269140974474163
0.9169140625,0.07407881112412341
0.91693359375,0.33544877636043297
0.916953125,0.31477148122764603
0.91697265625,-0.10364979732930944
0.9169921875,-0.27063244812998255
0.91701171875,-0.35256911982350947
0.91703125,-0.1680408692085599
0.91705078125,0.055461777319369354
0.9170703125,-0.035787412172886696
0.91708984375,0.15890057299874843
0.917109375,0.49065147148496924
0.91712890625,0.40498180759917574
0.9171484375,0.2315301310125673
0.91716796875,0.21711022273343195
0.9171875,0.2576583667763034
0.91720703125,0.36286004722327647
0.9172265625,0.490771295383331
0.91724609375,0.5797226764617125
0.917265625,0.30964866155186355
0.91728515625,-0.17052987395425617
0.9173046875,-0.012311466279042685
0.91732421875,0.4785210656372337
0.91734375,0.6787490980364004
0.91736328125,0.6366524000060991
0.9173828125,0.4010380898845587
0.91740234375,0.5076203385975682
0.917421875,0.8076285200005879
0.91744140625,0.7045155561097607
0.9174609375,0.5199164425111928
0.91748046875,0.3115867572878934
0.9175,0.26738748304999516
0.91751953125,0.4892306624685504
0.9175390625,0.46018852884991324
0.91755859375,0.4715685776614993
0.917578125,0.5769501260077805
0.91759765625,0.4735472112954514
0.9176171875,0.4939809916072707
0.91763671875,0.4851480398821
0.91765625,0.3018827042241745
0.91767578125,0.16804076984911076
0.9176953125,-0.008749828282444964
0.91771484375,-0.14069133270323603
0.917734375,-0.1630811278927276
0.91775390625,-0.350968167900298
0.9177734375,-0.5234105355826624
0.91779296875,-0.24557250614737677
0.9178125,-0.04139367302059509
0.91783203125,-0.3796176618817717
0.9178515625,-0.5008855882850451
0.91787109375,-0.19873309815193335
0.917890625,-0.06208721604058566
0.91791015625,-0.10194987605778909
0.9179296875,-0.24081229360417247
0.91794921875,-0.4272441102151683
0.91796875,-0.37417598648627354
0.91798828125,-0.22184631349853776
0.9180078125,-0.2656923130328568
0.91802734375,-0.3192833210368813
0.918046875,-0.21905113426794628
0.91806640625,0.07650103628306293
0.9180859375,0.3672078285705863
0.91810546875,0.17373592947458322
0.918125,0.09083947199335932
0.91814453125,0.5504834901668009
0.9181640625,0.5925877323405173
0.91818359375,0.1977104668736805
0.918203125,0.06757859971514851
0.91822265625,0.29633891495292836
0.9182421875,0.50039971464163
0.91826171875,0.0852867850135076
0.91828125,-0.41078541437790533
0.91830078125,-0.41889273895875645
0.9183203125,-0.3733531953940056
0.91833984375,-0.22767033700110476
0.918359375,-0.18508181905597515
0.91837890625,-0.47625671660059843
0.9183984375,-0.48367850717668925
0.91841796875,-0.23937149455939327
0.9184375,-0.1515262678619125
0.91845703125,-0.26094099535314597
0.9184765625,-0.4913304773955117
0.91849609375,-0.40495672158945184
0.918515625,0.04061515103369795
0.91853515625,0.24814623498527488
0.9185546875,0.17462096655042073
0.91857421875,0.2538776454845433
0.91859375,0.46754762151922685
0.91861328125,0.5025073206205225
0.9186328125,0.2989130378691266
0.91865234375,0.10959091283868565
0.918671875,0.2614401899397736
0.91869140625,0.5089020746787796
0.9187109375,0.3741482577912512
0.91873046875,0.31421028561657127
0.91875,0.5915464980531829
0.91876953125,0.5447802852886351
0.9187890625,0.333205264490604
0.91880859375,0.4789950416633618
0.918828125,0.5282574059322342
0.91884765625,0.21701558239939758
0.9188671875,-0.13104003844695927
0.91888671875,-0.29137916361226834
0.91890625,-0.21133253920919062
0.91892578125,-0.31429449358612704
0.9189453125,-0.5972776208367729
0.91896484375,-0.5006635970340145
0.918984375,-0.4423364144426557
0.91900390625,-0.5256877887841207
0.9190234375,-0.2645043088970582
0.91904296875,-0.2557712938078658
0.9190625,-0.5913478206673376
0.91908203125,-0.5480511973942006
0.9191015625,-0.35491908685916196
0.91912109375,-0.4577941022107639
0.919140625,-0.6355191903704479
0.91916015625,-0.550704306997537
0.9191796875,-0.3142476382036421
0.91919921875,-0.2845452002065788
0.91921875,-0.2617464042931562
0.91923828125,-0.0280072033549793
0.9192578125,-0.051015762976825044
0.91927734375,-0.25411197783089695
0.919296875,-0.1936840018052292
0.91931640625,-0.05733440723477376
0.9193359375,-0.033727752905543605
0.91935546875,-0.09661913093614637
0.919375,0.025796838760263563
0.91939453125,0.25253217085443075
0.9194140625,0.12280047109216197
0.91943359375,-0.038480052977474144
0.919453125,0.003488312878131269
0.91947265625,-0.057544956980755735
0.9194921875,-0.2403030989328358
0.91951171875,-0.3532595084019695
0.91953125,-0.2797112579768103
0.91955078125,-0.2717432668232014
0.9195703125,-0.42684950002835487
0.91958984375,-0.49106790584198023
0.919609375,-0.4112500617436776
0.91962890625,-0.19820098626691232
0.9196484375,-0.1845134482933523
0.91966796875,-0.41235669628395294
0.9196875,-0.3883405295311543
0.91970703125,-0.4989741050182955
0.9197265625,-0.8268958219053407
0.91974609375,-0.6365217661155638
0.919765625,-0.4027539387495477
0.91978515625,-0.7446191868381042
0.9198046875,-0.9949547883257097
0.91982421875,-0.7232730341476147
0.91984375,-0.4246179897312039
0.91986328125,-0.4874213754660678
0.9198828125,-0.5945844484372054
0.91990234375,-0.33209675208766776
0.919921875,-0.1321742682874245
0.91994140625,-0.3954273876008947
0.9199609375,-0.5700977484394927
0.91998046875,-0.5070248575995377
0.92,-0.5615116837479833
0.92001953125,-0.5674880910693062
0.9200390625,-0.44995923918169956
0.92005859375,-0.4035354372311103
0.920078125,-0.3829697824703502
0.92009765625,-0.41894338099935347
0.9201171875,-0.5500198676811646
0.92013671875,-0.4605614516026835
0.92015625,-0.08124577839772591
0.92017578125,0.11264703473087787
0.9201953125,0.13641481329892996
0.92021484375,0.3227587996196821
0.920234375,0.24560544634528625
0.92025390625,0.019373063141942606
0.9202734375,0.094262493470656
0.92029296875,-0.10262873355956695
0.9203125,-0.41317955512832777
0.92033203125,-0.3879354333417079
0.9203515625,-0.47303300660601344
0.92037109375,-0.4734241459334747
0.920390625,-0.2656071633994765
0.92041015625,-0.2651018959330957
0.9204296875,-0.3242795672880221
0.92044921875,-0.3978950232670263
0.92046875,-0.35811515997076904
0.92048828125,-0.15197614610541155
0.9205078125,-0.34977020060523795
0.92052734375,-0.5971161699735783
0.920546875,-0.41800532682503544
0.92056640625,-0.3406017220409972
0.9205859375,-0.3189564355772986
0.92060546875,-0.03635900964272301
0.920625,0.22618770504802485
0.92064453125,0.25261061351261566
0.9206640625,0.25665315252571363
0.92068359375,0.4690580274393161
0.920703125,0.5716089056907198
0.92072265625,0.43375369938980646
0.9207421875,0.37548432448857505
0.92076171875,0.3054405866758403
0.92078125,0.12671875344308384
0.92080078125,-0.02145819215438969
0.9208203125,-0.12299409519168134
0.92083984375,-0.23435145407548527
0.920859375,-0.3202840825192879
0.92087890625,-0.23604539801381336
0.9208984375,-0.24873372425060547
0.92091796875,-0.46280571241374396
0.9209375,-0.4784508787804341
0.92095703125,-0.42035139128757226
0.9209765625,-0.5427040601140798
0.92099609375,-0.7653586626373077
0.921015625,-0.8444934451191254
0.92103515625,-0.6018436657849602
0.9210546875,-0.45862857445994387
0.92107421875,-0.6554829187970305
0.92109375,-0.7574657823196497
0.92111328125,-0.6140145735262874
0.9211328125,-0.44890344547984
0.92115234375,-0.3458590540104169
0.921171875,-0.3568074127252285
0.92119140625,-0.4231135318816812
0.9212109375,-0.3573817768341138
0.92123046875,-0.18975173524430694
0.92125,-0.06456980281901453
0.92126953125,-0.03563126420783012
0.9212890625,-0.08331209836864215
0.92130859375,-0.16337138991340527
0.921328125,-0.19310072677109086
0.92134765625,-0.09856788504527522
0.9213671875,-0.1237442501193533
0.92138671875,-0.3846313739545698
0.92140625,-0.44359652937562055
0.92142578125,-0.21245564700690245
0.9214453125,-0.06470896046570734
0.92146484375,-0.16111737370395002
0.921484375,-0.2665160863497059
0.92150390625,-0.11847980751869601
0.9215234375,-0.07848426491172174
0.92154296875,-0.18354375712519494
0.9215625,-0.07134067613620483
0.92158203125,-0.06082499110968256
0.9216015625,-0.09865530688926558
0.92162109375,-0.10612182369291787
0.921640625,-0.28531572011217593
0.92166015625,-0.269395766552462
0.9216796875,-0.31144497456472203
0.92169921875,-0.3747011959001373
0.92171875,-0.0950411979294591
0.92173828125,-0.07998286541382574
0.9217578125,-0.0625829766331151
0.92177734375,0.2664930309857906
0.921796875,0.2985488619758546
0.92181640625,0.07553745596664851
0.9218359375,-0.04209022960006354
0.92185546875,0.042537442670144206
0.921875,-0.01041147334396706
0.92189453125,-0.16948430762116184
0.9219140625,0.03561933339242047
0.92193359375,0.18367646376526905
0.921953125,-0.054408039086419877
0.92197265625,-0.4075073834301054
0.9219921875,-0.6078488747323783
0.92201171875,-0.3213773502060616
0.92203125,0.1895731915447576
0.92205078125,0.3828879613428624
0.9220703125,0.31778445877736006
0.92208984375,0.2829252734910181
0.922109375,0.4935651546918135
0.92212890625,0.575901762304947
0.9221484375,0.05105225224456206
0.92216796875,-0.2449498947254075
0.9221875,0.13601307952508188
0.92220703125,0.30013914056954677
0.9222265625,0.07480454694359377
0.92224609375,-0.11931414390345252
0.922265625,-0.24468724644032525
0.92228515625,-0.3355384951027724
0.9223046875,-0.4100179435209572
0.92232421875,-0.4107817847524483
0.92234375,-0.20626153676128686
0.92236328125,-0.15959479517927674
0.9223828125,-0.4712072954695036
0.92240234375,-0.561768312787786
0.922421875,-0.4336398751602656
0.92244140625,-0.29972935235062514
0.9224609375,-0.012483951096744252
0.92248046875,0.11702842309795779
0.9225,0.04347234066209346
0.92251953125,0.19859039544408075
0.9225390625,0.5314813887922194
0.92255859375,0.49994045859949104
0.922578125,0.19058382095448154
0.92259765625,0.1137420829537225
0.9226171875,0.17271337042232132
0.92263671875,0.27559392465914034
0.92265625,0.36975779619129834
0.92267578125,0.37701432228056425
0.9226953125,0.3970207266889103
0.92271484375,0.4464380607937908
0.922734375,0.4995590771421625
0.92275390625,0.19039069279150242
0.9227734375,-0.2523583741097191
0.92279296875,-0.24405335211335574
0.9228125,-0.18036784939112857
0.92283203125,-0.13783966929465746
0.9228515625,0.03328113794740878
0.92287109375,0.1072953225124196
0.922890625,0.15387166035546043
0.92291015625,0.07959419420378738
0.9229296875,0.005940875994595127
0.92294921875,0.12415175520993599
0.92296875,0.030476981257231653
0.92298828125,-0.3551396499775066
0.9230078125,-0.6591075586719664
0.92302734375,-0.6215429859555781
0.923046875,-0.4019300865328739
0.92306640625,-0.37901904634085515
0.9230859375,-0.45503138467895793
0.92310546875,-0.41990583509769297
0.923125,-0.29838952888317255
0.92314453125,-0.13127732973223522
0.9231640625,-0.10388369410828405
0.92318359375,-0.1584136327160397
0.923203125,-0.15476486509766607
0.92322265625,-0.0792304198023805
0.9232421875,0.26299444473510736
0.92326171875,0.4321971372773301
0.92328125,0.08346161034353136
0.92330078125,-0.08610443157788594
0.9233203125,0.17968943845933907
0.92333984375,0.34362631426415546
0.923359375,0.12427966587043685
0.92337890625,0.014813296239263682
0.9233984375,0.2609431417674876
0.92341796875,0.36248337366978317
0.9234375,0.4098409977950246
0.92345703125,0.47756805067717345
0.9234765625,0.3287516809722077
0.92349609375,0.2627668595746666
0.923515625,0.31634262870781193
0.92353515625,0.39969891822369297
0.9235546875,0.3764487399639207
0.92357421875,0.14106359921638045
0.92359375,0.04749442420905998
0.92361328125,-0.021501489750277034
0.9236328125,-0.08148131943070086
0.92365234375,0.1430732451321038
0.923671875,0.23192202920094293
0.92369140625,-0.06083004260029902
0.9237109375,-0.28009770216517405
0.92373046875,0.00527795453183591
0.92375,0.5267853082815513
0.92376953125,0.580743828713448
0.9237890625,0.2876187322719638
0.92380859375,0.1886736858530986
0.923828125,0.07828790374327302
0.92384765625,0.027723707174275428
0.9238671875,0.17502979757418607
0.92388671875,0.10868178899601008
0.92390625,0.10602520398945622
0.92392578125,0.14124283716983166
0.9239453125,-0.14163985901030357
0.92396484375,-0.3433064580109194
0.923984375,-0.3345300149011918
0.92400390625,-0.03377108020970372
0.9240234375,0.31061222002930533
0.92404296875,0.18229578373702954
0.9240625,0.052295782963100924
0.92408203125,0.16430278544223856
0.9241015625,0.3290037395781947
0.92412109375,0.49705194164328476
0.924140625,0.39475257324065993
0.92416015625,0.3989368755673288
0.9241796875,0.6714477948280779
0.92419921875,0.5842145373106691
0.92421875,0.36318428584574575
0.92423828125,0.41434001126871745
0.9242578125,0.5903321927216411
0.92427734375,0.7570153705042363
0.924296875,0.6558105441876927
0.92431640625,0.3875092931988312
0.9243359375,0.330929595837313
0.92435546875,0.3317784983686233
0.924375,0.3601491507376601
0.92439453125,0.5287250924850253
0.9244140625,0.46134670787287674
0.92443359375,0.2722804285486783
0.924453125,0.3599093067838547
0.92447265625,0.41180162790394487
0.9244921875,0.26428930584240384
0.92451171875,0.20020339520600844
0.92453125,0.2933236810005266
0.92455078125,0.48998249910214
0.9245703125,0.6810779497498687
0.92458984375,0.7354604882747038
0.924609375,0.8677686606709671
0.92462890625,1.205657642591063
0.9246484375,1.2852036347429359
0.92466796875,1.01954729883021
0.9246875,0.9273836909885103
0.92470703125,0.9356655343505218
0.9247265625,0.9410666032361815
0.92474609375,1.0584162717540857
0.924765625,0.8515039340449772
0.92478515625,0.5060160836567316
0.9248046875,0.5280441575364632
0.92482421875,0.7531371932264882
0.92484375,0.9209205352664285
0.92486328125,0.8491916729356157
0.9248828125,0.7862109341039893
0.92490234375,0.8032887167859706
0.924921875,0.5989433848552757
0.92494140625,0.3361141859879656
0.9249609375,0.21657618620246416
0.92498046875,0.14865469141756496
0.925,-0.13731139304274048
0.92501953125,-0.383004549521435
0.9250390625,-0.1504743295670434
0.92505859375,0.07732639655851972
0.925078125,0.15560057197124408
0.92509765625,0.31496637883616485
0.9251171875,0.3013955155227638
0.92513671875,0.34158095979106895
0.92515625,0.5149020586632873
0.92517578125,0.34950195064143763
0.9251953125,-0.013507241168287575
0.92521484375,-0.12579940908443143
0.925234375,-0.02646280289251573
0.92525390625,-0.13372010388690586
0.9252734375,-0.18616428982470998
0.92529296875,0.16366450481136224
0.9253125,0.3215260006719977
0.92533203125,0.36879979585110284
0.9253515625,0.6469301543560015
0.92537109375,0.7182080263333088
0.925390625,0.6493909183288107
0.92541015625,0.6416093301015608
0.9254296875,0.5019043009332996
0.92544921875,0.3783949783655709
0.92546875,0.41416757755459854
0.92548828125,0.4325391350483494
0.9255078125,0.37817301851326934
0.92552734375,0.37847579541641807
0.925546875,0.4380595947454014
0.92556640625,0.36763418247794655
0.9255859375,0.3335887235214936
0.92560546875,0.48467394279334564
0.925625,0.4702325270361265
0.92564453125,0.34620708448099996
0.9256640625,0.2561123187825068
0.92568359375,0.22319443494121458
0.925703125,0.3733247432544238
0.92572265625,0.19331352537136057
0.9257421875,-0.18216668734940494
0.92576171875,-0.020282355549478763
0.92578125,0.30170962083432984
0.92580078125,0.39783778448917895
0.9258203125,0.10778158216551666
0.92583984375,-0.4209269088198496
0.925859375,-0.4396233681679485
0.92587890625,-0.17733611017943735
0.9258984375,-0.09108497181361112
0.92591796875,-0.2493879476065333
0.9259375,-0.7509233942022222
0.92595703125,-0.7581124439780813
0.9259765625,-0.1925288727561275
0.92599609375,-0.13515612318947862
0.926015625,-0.27676104898944753
0.92603515625,-0.07232003372687132
0.9260546875,0.328047396607797
0.92607421875,0.7343025911505155
0.92609375,0.5120407732059761
0.92611328125,0.12228424317167774
0.9261328125,0.31384873226510196
0.92615234375,0.3951649697182672
0.926171875,0.29629558068703965
0.92619140625,0.22562782698579487
0.9262109375,0.0400151579071513
0.92623046875,0.10071512579075523
0.92625,0.23351389653370502
0.92626953125,0.206164518702469
0.9262890625,0.20807997869912895
0.92630859375,0.13128934969413328
0.926328125,0.04277229796023464
0.92634765625,0.11110881933706054
0.9263671875,0.18887258902723153
0.92638671875,0.22126288634563818
0.92640625,0.3950378932989331
0.92642578125,0.5373869207386791
0.9264453125,0.3325606197632248
0.92646484375,0.1642004403689747
0.926484375,0.272044115715275
0.92650390625,0.3120302358778883
0.9265234375,0.16297585225313904
0.92654296875,-0.04058577389025039
0.9265625,0.1197724148382667
0.92658203125,0.4941372097803326
0.9266015625,0.4313262406836566
0.92662109375,0.34136648884609416
0.926640625,0.4440599421084946
0.92666015625,0.42047927543680597
0.9266796875,0.5152956877367928
0.92669921875,0.6154771372218821
0.92671875,0.6745873812721246
0.92673828125,0.7701212267028646
0.9267578125,0.5151188297635395
0.92677734375,0.1916896984353549
0.926796875,0.2732326639080148
0.92681640625,0.5184856083669663
0.9268359375,0.6523538429923192
0.92685546875,0.5794572018820674
0.926875,0.25205705869945527
0.92689453125,-0.05431736409637949
0.9269140625,-0.17400651831551361
0.92693359375,-0.2230333380528755
0.926953125,-0.18012125567633186
0.92697265625,-0.33290947038417373
0.9269921875,-0.5291826632987289
0.92701171875,-0.2992877726909955
0.92703125,-0.2856006796745275
0.92705078125,-0.5251665317820744
0.9270703125,-0.3789867719022578
0.92708984375,-0.2349890782731099
0.927109375,-0.25322090867635516
0.92712890625,-0.24699919839449067
0.9271484375,-0.14360546441173874
0.92716796875,0.08062934689299538
0.9271875,-0.07289536431792061
0.92720703125,-0.2712737413300501
0.9272265625,-0.023876816015998486
0.92724609375,0.014432912614236786
0.927265625,-0.14105954709440882
0.92728515625,-0.16276496222760972
0.9273046875,-0.19531083511926284
0.92732421875,-0.21173292417235234
0.92734375,-0.27642015348755256
0.92736328125,-0.2215091651080209
0.9273828125,-0.05281352085028017
0.92740234375,-0.08692156453910799
0.927421875,-0.07612625891288909
0.92744140625,-0.01883651785306841
0.9274609375,-0.12542013488865922
0.92748046875,-0.22401911137233682
0.9275,-0.385255781484123
0.92751953125,-0.610533592352954
0.9275390625,-0.7539386277507983
0.92755859375,-0.6993097375002688
0.927578125,-0.5045836320005063
0.92759765625,-0.45065052267177297
0.9276171875,-0.32788346000691715
0.92763671875,-0.25707406641912034
0.92765625,-0.3530497090882608
0.92767578125,-0.1829525323695437
0.9276953125,-0.2055185390487478
0.92771484375,-0.5985478364703152
0.927734375,-0.7578259890879862
0.92775390625,-0.6745430415326272
0.9277734375,-0.6063841230604002
0.92779296875,-0.49100563460353697
0.9278125,-0.2016944385881021
0.92783203125,-0.13073773741863226
0.9278515625,-0.3254277557097265
0.92787109375,-0.33293919637300556
0.927890625,-0.33092384329716734
0.92791015625,-0.30585216943613214
0.9279296875,-0.2205271637278212
0.92794921875,-0.4908254962145755
0.92796875,-0.6900457166947402
0.92798828125,-0.5509020547483016
0.9280078125,-0.5188351179970697
0.92802734375,-0.5139955917836747
0.928046875,-0.5327822166588657
0.92806640625,-0.4718561228400299
0.9280859375,-0.19875129533044245
0.92810546875,0.00805187288400333
0.928125,0.38337220076835304
0.92814453125,0.698203065063036
0.9281640625,0.5757670134174917
0.92818359375,0.4786471442304955
0.928203125,0.3335862751349028
0.92822265625,-0.03609152540536986
0.9282421875,-0.3884138607714066
0.92826171875,-0.5270621069223577
0.92828125,-0.3119603757405463
0.92830078125,-0.17244024882747575
0.9283203125,-0.4671583602254398
0.92833984375,-0.5967471999999823
0.928359375,-0.1673619696007899
0.92837890625,0.12047547307136322
0.9283984375,-0.1042711134681535
0.92841796875,-0.2966573566324992
0.9284375,-0.17381526630699037
0.92845703125,0.011048211060992602
0.9284765625,-0.064857102885178
0.92849609375,-0.1961651651150888
0.928515625,-0.06539440339490428
0.92853515625,0.038642281392854014
0.9285546875,0.04554532009438321
0.92857421875,0.11302776534175195
0.92859375,0.07803389486482086
0.92861328125,-0.04811616995063857
0.9286328125,-0.028237144906481923
0.92865234375,0.245709666739518
0.928671875,0.38643218523345313
0.92869140625,0.1679275719740003
0.9287109375,0.20921859259320633
0.92873046875,0.5267759595102577
0.92875,0.484082652055828
0.92876953125,0.22478133209887485
0.9287890625,0.20533732199583796
0.92880859375,0.33282819378741124
0.928828125,0.2305518090073415
0.92884765625,-0.006174833445517863
0.9288671875,-0.06747024693871123
0.92888671875,-0.16958665316507662
0.92890625,-0.3354976819249319
0.92892578125,-0.3075648801287045
0.9289453125,-0.32144316542144635
0.92896484375,-0.4124922880015282
0.928984375,-0.4695735764547628
0.92900390625,-0.5392041771639998
0.9290234375,-0.5330569044983264
0.92904296875,-0.6766570724476403
0.9290625,-0.9198894834395522
0.92908203125,-0.9643779272541486
0.9291015625,-0.8236372705623699
0.92912109375,-0.6768590808595474
0.929140625,-0.8850752457912953
0.92916015625,-1.041181905853956
0.9291796875,-0.7343549643872533
0.92919921875,-0.5614238561154199
0.92921875,-0.6959199743348088
0.92923828125,-0.800065466105303
0.9292578125,-0.6287523165388096
0.92927734375,-0.2125334621252737
0.929296875,-0.09699907285059955
0.92931640625,-0.446836057600882
0.9293359375,-0.5996035178229246
0.92935546875,-0.22752191011729353
0.929375,0.03399825898734521
0.92939453125,-0.16237873219004345
0.9294140625,-0.30412063886718654
0.92943359375,-0.18879732630326523
0.929453125,-0.030674835603845006
0.92947265625,-0.002903878320672945
0.9294921875,-0.22951359109664576
0.92951171875,-0.3646195979668722
0.92953125,-0.21573038978620715
0.92955078125,-0.19161056563461298
0.9295703125,-0.42021924607642447
0.92958984375,-0.6865850554337553
0.929609375,-0.7262183384851104
0.92962890625,-0.6219103769906438
0.9296484375,-0.718030314654432
0.92966796875,-0.8337207398742019
0.9296875,-0.748069155512638
0.92970703125,-0.6728464377275811
0.9297265625,-0.7597829122304498
0.92974609375,-0.7720692536680231
0.929765625,-0.43445836117895664
0.92978515625,-0.004133771848187862
0.9298046875,0.208725671818337
0.92982421875,0.19830942620654768
0.92984375,-0.01385729945459882
0.92986328125,-0.060492436282946635
0.9298828125,0.22555920359540949
0.92990234375,0.16174594763185937
0.929921875,-0.2102084304789519
0.92994140625,-0.12471346840693175
0.9299609375,0.06399051174804092
0.92998046875,0.04700326363301533
0.93,0.19487407515908
0.93001953125,0.3399579756305221
0.9300390625,0.36776937275351035
0.93005859375,0.14690113360228035
0.930078125,-0.3267283534111529
0.93009765625,-0.4147834165927566
0.9301171875,-0.2804503908077657
0.93013671875,-0.27633449690070355
0.93015625,-0.17926260298149355
0.93017578125,-0.16545556845547466
0.9301953125,-0.22505575767743158
0.93021484375,-0.274969049437386
0.930234375,-0.306947045866628
0.93025390625,-0.1949741621108551
0.9302734375,-0.18636703627918239
0.93029296875,-0.11323169519506059
0.9303125,0.1463596864082033
0.93033203125,0.1635629952268857
0.9303515625,-0.06293943842359206
0.93037109375,-0.27652626896838683
0.930390625,-0.20120249104627372
0.93041015625,0.03066834666470891
0.9304296875,-0.10084585567807601
0.93044921875,-0.34935233003350363
0.93046875,-0.07972110073133752
0.93048828125,0.3280199112352515
0.9305078125,0.18001020330652712
0.93052734375,-0.021342516079951912
0.930546875,0.08616044066401836
0.93056640625,0.08512275135838485
0.9305859375,0.32403885486712963
0.93060546875,0.8050106539996068
0.930625,0.6791405801311233
0.93064453125,0.15860382179236904
0.9306640625,-0.00810913544889691
0.93068359375,0.29758859089967027
0.930703125,0.561107879424223
0.93072265625,0.3029864207097487
0.9307421875,0.12444125640160064
0.93076171875,0.2960075308399726
0.93078125,0.2665657549776035
0.93080078125,0.03131030748221894
0.9308203125,-0.29207862788032823
0.93083984375,-0.39971060852302853
0.930859375,-0.28671426057468774
0.93087890625,-0.2914371133012638
0.9308984375,-0.0977832594924576
0.93091796875,0.09215158534589382
0.9309375,0.09021455850769211
0.93095703125,0.08330264050579095
0.9309765625,-0.12186672084580867
0.93099609375,-0.12316874939774322
0.931015625,-0.03988593236082743
0.93103515625,-0.27900533110057935
0.9310546875,-0.4169524227366789
0.93107421875,-0.5396474714941588
0.93109375,-0.565045415809162
0.93111328125,-0.42715613909617567
0.9311328125,-0.4654287285666899
0.93115234375,-0.33010058063868886
0.931171875,-0.1796873957466329
0.93119140625,-0.31200601375599535
0.9312109375,-0.259143840221714
0.93123046875,0.050026135071693525
0.93125,0.3810463800795333
0.93126953125,0.45172435534840316
0.9312890625,0.2671134847746002
0.93130859375,0.23708287238309741
0.931328125,0.26741409788812903
0.93134765625,0.1542503495669716
0.9313671875,0.10315740747582898
0.93138671875,0.30379351130853627
0.93140625,0.528375267739895
0.93142578125,0.4486229032165442
0.9314453125,0.4227476297813755
0.93146484375,0.5347996281996529
0.931484375,0.2781967704553986
0.93150390625,0.01795805529618252
0.9315234375,0.15697681358129256
0.93154296875,0.2644264257787592
0.9315625,0.2715379007429549
0.93158203125,0.46528987142426437
0.9316015625,0.6160535968838685
0.93162109375,0.36528810062066236
0.931640625,-0.025924109153148564
0.93166015625,-0.20775545525105485
0.9316796875,-0.21361099457993715
0.93169921875,-0.19935406730102292
0.93171875,-0.2910303114745576
0.93173828125,-0.3977431823977585
0.9317578125,-0.5544075382100883
0.93177734375,-0.7898413430786255
0.931796875,-0.7969401865080148
0.93181640625,-0.6088192551648898
0.9318359375,-0.5515806532575981
0.93185546875,-0.49145780972338887
0.931875,-0.15852656260850412
0.93189453125,0.036512895427910703
0.9319140625,-0.13313395688526777
0.93193359375,-0.058081803028320854
0.931953125,0.17677875107885785
0.93197265625,-0.03935938229669504
0.9319921875,-0.1696013281755788
0.93201171875,0.2581120863891463
0.93203125,0.4678254474282181
0.93205078125,0.25176785060867424
0.9320703125,0.16443973682648783
0.93208984375,0.25727488237308427
0.932109375,0.3823886808332955
0.93212890625,0.34821402146099434
0.9321484375,0.18660106525461326
0.93216796875,0.025424438230990443
0.9321875,-0.07758715572807605
0.93220703125,0.18093237485291253
0.9322265625,0.378361007761192
0.93224609375,0.05401102103740588
0.932265625,-0.14755654861167197
0.93228515625,0.1441762378407162
0.9323046875,0.3828056342796492
0.93232421875,0.12819398536951992
0.93234375,-0.15971370588919112
0.93236328125,-0.1447361703734813
0.9323828125,-0.1462859453459245
0.93240234375,0.047702994590687525
0.932421875,0.41849452458937875
0.93244140625,0.43074522708580454
0.9324609375,0.27742478546435667
0.93248046875,0.14165090718121046
0.9325,-0.02225542017908235
0.93251953125,-0.07919516016712563
0.9325390625,-0.03490613278454319
0.93255859375,0.1318162858762183
0.932578125,0.27755106657290946
0.93259765625,0.4003379281614262
0.9326171875,0.6725324344434073
0.93263671875,0.7544844315331232
0.93265625,0.6161261231571269
0.93267578125,0.6755988230496599
0.9326953125,0.8806652904756644
0.93271484375,0.9092208055532425
0.932734375,0.8078813974430948
0.93275390625,0.8955232774196198
0.9327734375,0.9257292023033159
0.93279296875,0.714168433976753
0.9328125,0.6326029468747018
0.93283203125,0.6555797973833148
0.9328515625,0.5876522165026888
0.93287109375,0.30919222320899914
0.932890625,0.06705742347320702
0.93291015625,0.23473990195720584
0.9329296875,0.32957458844636456
0.93294921875,0.154982091393739
0.93296875,0.023642168645906944
0.93298828125,-0.23716768930676202
0.9330078125,-0.3140253326305895
0.93302734375,0.05727282492282273
0.933046875,0.11378064008605417
0.93306640625,-0.22289584973371085
0.9330859375,-0.3441444529295829
0.93310546875,-0.16912760623055623
0.933125,0.04468329189335254
0.93314453125,0.014508567003066236
0.9331640625,0.017470519473660115
0.93318359375,0.28225012764615054
0.933203125,0.4236116839229997
0.93322265625,0.5378224403166366
0.9332421875,0.740965714468688
0.93326171875,0.5439311493503114
0.93328125,0.03541791896599471
0.93330078125,-0.07282440721385341
0.9333203125,0.20104683194912734
0.93333984375,0.2774606311704694
0.933359375,0.17885249947249982
0.93337890625,0.1961512305855961
0.9333984375,0.44306974207707717
0.93341796875,0.6364668625376523
0.9334375,0.3809933935675121
0.93345703125,0.20901756286673365
0.9334765625,0.31064192140754004
0.93349609375,0.2844351543112284
0.933515625,0.30070753305818093
0.93353515625,0.2558186915612266
0.9335546875,0.20953831491962568
0.93357421875,0.21003311017127096
0.93359375,0.009106438008300854
0.93361328125,0.12798757472692773
0.9336328125,0.45947632551896234
0.93365234375,0.5120968479745757
0.933671875,0.4565534454427541
0.93369140625,0.2443390902231875
0.9337109375,0.18592491654229287
0.93373046875,0.3815570670902629
0.93375,0.17248783201665258
0.93376953125,-0.24261665472533203
0.9337890625,-0.21090791793538408
0.93380859375,0.0881740974856602
0.933828125,0.012433155290997921
0.93384765625,-0.4350416585527799
0.9338671875,-0.4686116118170245
0.93388671875,-0.18980188369760848
0.93390625,-0.3353466681052242
0.93392578125,-0.5741506468680884
0.9339453125,-0.5687112329050767
0.93396484375,-0.5906006468297141
0.933984375,-0.5275774311968182
0.93400390625,-0.24111698296083425
0.9340234375,0.006267121831261478
0.93404296875,0.034302900854317024
0.9340625,0.11023795401248797
0.93408203125,0.411664037251524
0.9341015625,0.5025852237276834
0.93412109375,0.15876614463128505
0.934140625,-0.13554567237104231
0.93416015625,-0.10450976098599737
0.9341796875,-0.08263486804845449
0.93419921875,-0.12767410352653022
0.93421875,-0.20431008113745913
0.93423828125,-0.5407063053710126
0.9342578125,-0.6353231751091832
0.93427734375,-0.3387342756051292
0.934296875,-0.2620568683821859
0.93431640625,-0.21297501584505774
0.9343359375,-0.18099263342412436
0.93435546875,-0.33507461399220795
0.934375,-0.425775311771809
0.93439453125,-0.5116614256315337
0.9344140625,-0.31751627887589734
0.93443359375,-0.025632538576065997
0.934453125,-0.13666653051807623
0.93447265625,-0.29026246382442633
0.9344921875,-0.44831279927528456
0.93451171875,-0.30582890748716685
0.93453125,0.17664809320758867
0.93455078125,0.19504436264621985
0.9345703125,0.23049876173233685
0.93458984375,0.4491563802748427
0.934609375,0.34332331532095556
0.93462890625,0.31445262382364164
0.9346484375,0.4200746367653371
0.93466796875,0.689590685832041
0.9346875,0.8525410522680095
0.93470703125,0.4634372398813398
0.9347265625,0.31146016946656896
0.93474609375,0.3894862006388629
0.934765625,0.2294261944016769
0.93478515625,0.19764081892988405
0.9348046875,0.06837545223003726
0.93482421875,0.005549850636634247
0.93484375,0.045161664337198884
0.93486328125,-0.3003677471227516
0.9348828125,-0.3152078472809682
0.93490234375,0.06613643537468879
0.934921875,0.1299827048903806
0.93494140625,-0.037899675361937044
0.9349609375,-0.27041204478950176
0.93498046875,-0.3086111101851083
0.935,-0.3164316166462886
0.93501953125,-0.7177794502698667
0.9350390625,-0.95683399022288
0.93505859375,-0.7754074264608428
0.935078125,-0.6488388381292265
0.93509765625,-0.4593793827395095
0.9351171875,-0.289076280935214
0.93513671875,-0.5251748387876636
0.93515625,-0.639600644441829
0.93517578125,-0.4046357876949786
0.9351953125,-0.4039692978431282
0.93521484375,-0.6719195198061607
0.935234375,-0.6425455535418336
0.93525390625,-0.22536976763379776
0.9352734375,-0.29634761641715307
0.93529296875,-0.7827455496389983
0.9353125,-0.600095469252308
0.93533203125,-0.0875523782867049
0.9353515625,0.034752356685908134
0.93537109375,-0.008197121252209352
0.935390625,0.1308503344129381
0.93541015625,0.35444546070551086
0.9354296875,0.3656138999533309
0.93544921875,0.25717505654152534
0.93546875,0.09331949097067077
0.93548828125,-0.16468883469638262
0.9355078125,-0.3458609923816592
0.93552734375,-0.36881427040656223
0.935546875,-0.30549409319444293
0.93556640625,-0.23615026749376128
0.9355859375,-0.14260906889251387
0.93560546875,-0.09019212257744014
0.935625,-0.2316527239129912
0.93564453125,-0.3875923864925783
0.9356640625,-0.2870236526457458
0.93568359375,-0.17291123344539652
0.935703125,-0.41985706111774895
0.93572265625,-0.9676112505330756
0.9357421875,-1.2217693057111845
0.93576171875,-0.8602479130640567
0.93578125,-0.6292870773400886
0.93580078125,-0.9312953246345517
0.9358203125,-1.219433289400444
0.93583984375,-1.1209502400579145
0.935859375,-0.8258205701313205
0.93587890625,-0.860365596492774
0.9358984375,-1.0767694312952856
0.93591796875,-0.8268683187641817
0.9359375,-0.3352457595062197
0.93595703125,-0.21363719066252057
0.9359765625,-0.5064720277939687
0.93599609375,-0.7311455448923857
0.936015625,-0.40304202814061413
0.93603515625,0.0031714298393021798
0.9360546875,-0.2446969909810613
0.93607421875,-0.48706623028230567
0.93609375,-0.1711144997170197
0.93611328125,-0.08763597652880811
0.9361328125,-0.3513582168294821
0.93615234375,-0.4611494574484587
0.936171875,-0.42385115187823574
0.93619140625,-0.2434239000152491
0.9362109375,-0.32812815370282294
0.93623046875,-0.6739758294140195
0.93625,-0.5952768443379699
0.93626953125,-0.4613832516927614
0.9362890625,-0.5073271216862767
0.93630859375,-0.42894883259870575
0.936328125,-0.3877371299806073
0.93634765625,-0.36668087293434304
0.9363671875,-0.40078343221266793
0.93638671875,-0.3099863610621483
0.93640625,-0.1692211662685309
0.93642578125,-0.41613419746901226
0.9364453125,-0.460567109263181
0.93646484375,-0.24824510125479915
0.936484375,-0.20655913273234727
0.93650390625,-0.052445167386659386
0.9365234375,-0.05930422037369406
0.93654296875,-0.28418093741408834
0.9365625,-0.2710000969561696
0.93658203125,-0.07886700156589357
0.9366015625,-0.0003353854925688543
0.93662109375,-0.25820352892708154
0.936640625,-0.3777639897405644
0.93666015625,-0.07157318774449713
0.9366796875,-0.027029387930423254
0.93669921875,-0.26428528513261296
0.93671875,-0.2545364643049627
0.93673828125,0.051706417172446784
0.9367578125,0.45279843205758924
0.93677734375,0.538783886900807
0.936796875,0.16525866265776562
0.93681640625,-0.17282895347970564
0.9368359375,-0.1266759514193866
0.93685546875,0.12765219868481337
0.936875,0.15377994984027651
0.93689453125,-0.39266106713319915
0.9369140625,-0.9360132581886949
0.93693359375,-0.9186395639274955
0.936953125,-0.9029379667424193
0.93697265625,-0.990387812920546
0.9369921875,-0.9515285567094571
0.93701171875,-0.9952262856541731
0.93703125,-0.9173878385013772
0.93705078125,-0.658910804478821
0.9370703125,-0.36280113187946683
0.93708984375,-0.18579867212458415
0.937109375,-0.42282679855891603
0.93712890625,-0.692341133848336
0.9371484375,-0.8143198539609404
0.93716796875,-0.9870988625717805
0.9371875,-0.8693325741351382
0.93720703125,-0.6746257416386607
0.9372265625,-0.8280051093517553
0.93724609375,-0.9155491347159582
0.937265625,-0.751605694439704
0.93728515625,-0.4876134884501456
0.9373046875,-0.3165719670605911
0.93732421875,-0.484350729826912
0.93734375,-0.4986567273308667
0.93736328125,-0.22266409195278086
0.9373828125,-0.24086929509578514
0.93740234375,-0.30856077631055656
0.937421875,-0.2621931962809976
0.93744140625,-0.2937002889169715
0.9374609375,-0.166064644177718
0.93748046875,-0.09302981947878781
0.9375,-0.1157609069988569
0.93751953125,0.08890081441843992
0.9375390625,0.1870847679590944
0.93755859375,0.09002511997430439
0.937578125,-0.061935650904827624
0.93759765625,-0.3219527078599693
0.9376171875,-0.4946872538238112
0.93763671875,-0.609793904911332
0.93765625,-0.706712375034739
0.93767578125,-0.6172150339379975
0.9376953125,-0.49767407747327164
0.93771484375,-0.4408720138959617
0.937734375,-0.3835698482104918
0.93775390625,-0.3947179924190391
0.9377734375,-0.31387571522746815
0.93779296875,-0.14681704097295956
0.9378125,-0.12810676957004338
0.93783203125,-0.2734502384311903
0.9378515625,-0.4845861656566335
0.93787109375,-0.3011697656317981
0.937890625,0.0806956836772935
0.93791015625,0.02308421852085826
0.9379296875,0.040489936106585855
0.93794921875,0.2109495356235851
0.93796875,0.027124262001501157
0.93798828125,-0.07006820785215875
0.9380078125,0.11210389167115482
0.93802734375,0.24054187549398612
0.938046875,0.21005465378313198
0.93806640625,0.1600037059219435
0.9380859375,0.34350012592501317
0.93810546875,0.36023064926110115
0.938125,0.09904567985693795
0.93814453125,0.10419234503105244
0.9381640625,0.05508075061321749
0.93818359375,-0.2537863834943336
0.938203125,-0.3581502506685523
0.93822265625,-0.12685751772193918
0.9382421875,0.03508456311300602
0.93826171875,-0.12452875049577171
0.93828125,-0.011314609787383155
0.93830078125,0.16227777078354147
0.9383203125,-0.10345799757494664
0.93833984375,-0.12856860355512142
0.938359375,0.06466938140105659
0.93837890625,0.20690084652259091
0.9383984375,0.3258381157650333
0.93841796875,0.167646226316017
0.9384375,-0.016862456393054483
0.93845703125,-0.22471733559210796
0.9384765625,-0.335372679556806
0.93849609375,-0.0144889853741812
0.938515625,0.21720868366147927
0.93853515625,0.1925446099649644
0.9385546875,0.06973404268955916
0.93857421875,0.09799066448114249
0.93859375,0.5889813420223072
0.93861328125,0.7854587310842006
0.9386328125,0.4677802468355388
0.93865234375,0.3772650424098803
0.938671875,0.49386629417579325
0.93869140625,0.6211822200468565
0.9387109375,0.6271873742341059
0.93873046875,0.5013163838624297
0.93875,0.4831042183944887
0.93876953125,0.3553246387747818
0.9387890625,0.23452179784705987
0.93880859375,0.27122910474807205
0.938828125,0.15917403350678522
0.93884765625,0.2305787955489716
0.9388671875,0.41524159109277226
0.93888671875,0.2161267942786305
0.93890625,-0.042690967744773545
0.93892578125,-0.14605379980734823
0.9389453125,-0.14403244259586123
0.93896484375,-0.06735657596902801
0.938984375,-0.18149227561935682
0.93900390625,-0.4364141111333003
0.9390234375,-0.5262563145448128
0.93904296875,-0.3788931879782521
0.9390625,-0.10107681414164203
0.93908203125,0.04927033168114981
0.9391015625,-0.006422698052629277
0.93912109375,-0.09581033874445116
0.939140625,0.015279607146862287
0.93916015625,0.36945852758785025
0.9391796875,0.3211629565575373
0.93919921875,-0.024643415065241675
0.93921875,0.21181946723921977
0.93923828125,0.49081654834882577
0.9392578125,0.37153192462913087
0.93927734375,0.2780869786090181
0.939296875,0.048973485648317244
0.93931640625,0.011681819104357977
0.9393359375,0.3513598709137856
0.93935546875,0.33967142376620646
0.939375,0.20945770077131787
0.93939453125,0.34374734560685505
0.9394140625,0.40718473631369734
0.93943359375,0.4525740387943915
0.939453125,0.5281235405917081
0.93947265625,0.4940293233273528
0.9394921875,0.39501530983009614
0.93951171875,0.405473997883396
0.93953125,0.6389159327651504
0.93955078125,0.6404156208970013
0.9395703125,0.22508271243173772
0.93958984375,0.14414364176207187
0.939609375,0.491446948158012
0.93962890625,0.4804541698884287
0.9396484375,0.02731667216067188
0.93966796875,-0.16106559903520845
0.9396875,0.09172856852298064
0.93970703125,0.10618922079385981
0.9397265625,-0.14037161854957383
0.93974609375,-0.19097968652131214
0.939765625,-0.3476533903131016
0.93978515625,-0.4173748768094559
0.9398046875,0.13414600590156944
0.93982421875,0.535414151122831
0.93984375,0.08813332441580536
0.93986328125,-0.3277514062392305
0.9398828125,0.028795923980713317
0.93990234375,0.40601111978596044
0.939921875,0.20576801457985988
0.93994140625,-0.11407074110712902
0.9399609375,-0.018546745617974786
0.93998046875,0.32019844050101626
0.94,0.35127808199971683
0.94001953125,0.2823648564786184
0.9400390625,0.314022924963342
0.94005859375,0.17708219306597872
0.940078125,0.09359661513777959
0.94009765625,0.1954226370779712
0.9401171875,0.3235219217706238
0.94013671875,0.25824950403927366
0.94015625,-0.03792038156809463
0.94017578125,-0.07702058667701021
0.9401953125,0.13483728470634815
0.94021484375,0.15380795689467486
0.940234375,0.04821427265784395
0.94025390625,0.20998393532505186
0.9402734375,0.5787671293439695
0.94029296875,0.5508890608889032
0.9403125,0.3006567078674889
0.94033203125,0.3930631725310669
0.9403515625,0.614360213954548
0.94037109375,0.613664900361081
0.940390625,0.3021546672414981
0.94041015625,0.053376408397678377
0.9404296875,0.24934869204414775
0.94044921875,0.554895056923207
0.94046875,0.5766874143169978
0.94048828125,0.45627357705560256
0.9405078125,0.4252535704316061
0.94052734375,0.48373730491254885
0.940546875,0.7067586140467781
0.94056640625,0.9138761507045683
0.9405859375,0.8185873510218088
0.94060546875,0.7583224059316459
0.940625,0.8628135780962402
0.94064453125,0.7787327988367821
0.9406640625,0.7519309130283772
0.94068359375,1.0303073347908627
0.940703125,1.1585521368623386
0.94072265625,1.1670106936264415
0.9407421875,1.2216330056659221
0.94076171875,1.0872695371030552
0.94078125,0.9537906977033674
0.94080078125,0.8503399166571348
0.9408203125,0.8025536545227185
0.94083984375,1.008124079294562
0.940859375,1.0028918545384318
0.94087890625,0.6915138741453286
0.9408984375,0.47413602233498964
0.94091796875,0.34127606948690026
0.9409375,0.2955316045111772
0.94095703125,0.23434055202977586
0.9409765625,0.08388017883054931
0.94099609375,0.05284081633021567
0.941015625,0.08393294802460151
0.94103515625,0.0661913458228991
0.9410546875,0.030943988355291472
0.94107421875,-0.022582479310994896
0.94109375,-0.04575646840346323
0.94111328125,-0.06526503094909682
0.9411328125,-0.03564105793524303
0.94115234375,0.21872597171105762
0.941171875,0.4296136415756331
0.94119140625,0.40771381299982934
0.9412109375,0.42627020666216464
0.94123046875,0.542435170544437
0.94125,0.7882761667001381
0.94126953125,1.0000422190137839
0.9412890625,0.9196883195516592
0.94130859375,0.8951679469010629
0.941328125,1.042475605771489
0.94134765625,0.9289826692595795
0.9413671875,0.5436286108922452
0.94138671875,0.3979376199781026
0.94140625,0.5654801143491998
0.94142578125,0.473374404053202
0.9414453125,0.1965868857817293
0.94146484375,0.4044063404049514
0.941484375,0.9452249207090513
0.94150390625,1.124464985378843
0.9415234375,0.8320022696945059
0.94154296875,0.5617334177619928
0.9415625,0.6926475373080334
0.94158203125,0.923267216271533
0.9416015625,0.7917671734014939
0.94162109375,0.6446924937120002
0.941640625,0.6739856559382266
0.94166015625,0.5506033119212397
0.9416796875,0.5220401714471316
0.94169921875,0.5582003986221944
0.94171875,0.3466142573967735
0.94173828125,0.16166056352083272
0.9417578125,0.21714215937080994
0.94177734375,0.466178380551451
0.941796875,0.4659447673511407
0.94181640625,0.10197496349974369
0.9418359375,-0.012113627298343485
0.94185546875,0.025515074545358386
0.941875,0.03862618149607037
0.94189453125,0.09687137598824062
0.9419140625,-0.20472059946564466
0.94193359375,-0.4875659833747488
0.941953125,-0.33882797643202484
0.94197265625,-0.22555735597664478
0.9419921875,-0.26914314066590395
0.94201171875,-0.25946335458695285
0.94203125,0.05677882140246131
0.94205078125,0.4333613075694066
0.9420703125,0.4248610030796047
0.94208984375,0.3410035052653635
0.942109375,0.4233890570035297
0.94212890625,0.7208219826498083
0.9421484375,0.9215391153752256
0.94216796875,0.5508389374969815
0.9421875,0.1296606378261006
0.94220703125,0.08288687946366449
0.9422265625,0.06335664015070125
0.94224609375,-0.09987223896346994
0.942265625,-0.1631642978516464
0.94228515625,-0.044542702779379134
0.9423046875,0.09592121333758453
0.94232421875,0.2940707985579649
0.94234375,0.3297821523753577
0.94236328125,-0.0759965994449044
0.9423828125,-0.4204671378900414
0.94240234375,-0.18669741705904344
0.942421875,0.17532093009049454
0.94244140625,0.22269830224477405
0.9424609375,0.12325784322578537
0.94248046875,-0.018624466722077345
0.9425,0.13954570593577048
0.94251953125,0.5085086388708864
0.9425390625,0.3568160910619584
0.94255859375,0.16188938741804243
0.942578125,0.3963134130701315
0.94259765625,0.48115053877346003
0.9426171875,0.5249597725215018
0.94263671875,0.688565950929843
0.94265625,0.8276861873088488
0.94267578125,0.9515599099485053
0.9426953125,0.8047344129776809
0.94271484375,0.6639822878033748
0.942734375,0.6678966670791076
0.94275390625,0.4726935160084523
0.9427734375,0.3296767702550931
0.94279296875,0.44490875906147487
0.9428125,0.639774883817522
0.94283203125,0.4866937755191668
0.9428515625,0.017648026321395283
0.94287109375,-0.16496740861190162
0.942890625,-0.09095324831842631
0.94291015625,0.03319391369776469
0.9429296875,-0.12907013418657345
0.94294921875,-0.5933975080797484
0.94296875,-0.5771662734334965
0.94298828125,-0.4182843427636718
0.9430078125,-0.5731782592434818
0.94302734375,-0.6015683816702059
0.943046875,-0.7094360334421617
0.94306640625,-0.8673542115458752
0.9430859375,-0.6211621011274986
0.94310546875,-0.2513567003813414
0.943125,-0.19800725060535795
0.94314453125,-0.27361799090064665
0.9431640625,-0.13747269066452938
0.94318359375,-0.01855530257817479
0.943203125,-0.22358536228101394
0.94322265625,-0.5064110821640446
0.9432421875,-0.30519158302873645
0.94326171875,0.17328005170977656
0.94328125,0.12748271436475922
0.94330078125,-0.11838003126360172
0.9433203125,-0.0076600094987252475
0.94333984375,0.05479508228043303
0.943359375,0.0034289630726566274
0.94337890625,0.19741601438893705
0.9433984375,0.4797927966369797
0.94341796875,0.3888782186305738
0.9434375,0.0585727907257214
0.94345703125,0.08128873129324597
0.9434765625,0.2504857613427253
0.94349609375,0.10888516816286906
0.943515625,-0.0029431936725895363
0.94353515625,0.19221562988915453
0.9435546875,0.2345261761098348
0.94357421875,-0.13945889717949705
0.94359375,-0.42415491130301264
0.94361328125,-0.6049737854155655
0.9436328125,-0.755195778748343
0.94365234375,-0.4297050233660451
0.943671875,-0.23269540343793935
0.94369140625,-0.5014537397759659
0.9437109375,-0.5064787899187879
0.94373046875,-0.3331525144408959
0.94375,-0.5082188895324775
0.94376953125,-0.9260779695859938
0.9437890625,-0.8593731084098803
0.94380859375,-0.37146509247209103
0.943828125,-0.24883761450452418
0.94384765625,-0.3690375830455046
0.9438671875,-0.4352912097035235
0.94388671875,-0.22328974842123767
0.94390625,0.03446920315683551
0.94392578125,-0.21856547035909812
0.9439453125,-0.28438591475980896
0.94396484375,0.02504221316211542
0.943984375,0.07300815042718448
0.94400390625,0.13292427379702965
0.9440234375,0.2643089912518063
0.94404296875,0.0884475364614776
0.9440625,-0.19907199577645826
0.94408203125,-0.1312919209917109
0.9441015625,-0.021814342250569593
0.94412109375,-0.4077853258452628
0.944140625,-0.5945024881390588
0.94416015625,-0.2930958802771345
0.9441796875,-0.3530433010359238
0.94419921875,-0.5802326092624455
0.94421875,-0.48561068929379225
0.94423828125,-0.48121825358190784
0.9442578125,-0.5682208270096387
0.94427734375,-0.4118617763434884
0.944296875,-0.06704100417394904
0.94431640625,0.04763988440193339
0.9443359375,-0.32875579060198157
0.94435546875,-0.6950889931264486
0.944375,-0.7473232955016434
0.94439453125,-0.5983751998899652
0.9444140625,-0.4575192571140816
0.94443359375,-0.6367253771304764
0.944453125,-0.665202060074475
0.94447265625,-0.44155152318677127
0.9444921875,-0.44282375884796266
0.94451171875,-0.23033323774093847
0.94453125,0.04073988562177663
0.94455078125,-0.1397482146755169
0.9445703125,-0.13937426670987776
0.94458984375,0.22345444049995367
0.944609375,0.38582101266505775
0.94462890625,0.31228465128830285
0.9446484375,0.35012193496401606
0.94466796875,0.5133583514716507
0.9446875,0.5587891364752009
0.94470703125,0.4061662382071055
0.9447265625,0.28918721548104304
0.94474609375,0.4759608469215028
0.944765625,0.5447760002219585
0.94478515625,0.19538051221755062
0.9448046875,-0.017967669848797562
0.94482421875,-0.00716430905535434
0.94484375,-0.1453810672709663
0.94486328125,-0.3231340633342909
0.9448828125,-0.2962697203446024
0.94490234375,-0.08938485837697838
0.944921875,0.00102652029716159
0.94494140625,-0.21119321040975347
0.9449609375,-0.3502431363140547
0.94498046875,-0.29585133772216365
0.945,-0.4442442264325261
0.94501953125,-0.5691127587618737
0.9450390625,-0.47835576469021884
0.94505859375,-0.45038755583946377
0.945078125,-0.3934336141417406
0.94509765625,-0.3616936889772865
0.9451171875,-0.4111485964342786
0.94513671875,-0.4145090033877371
0.94515625,-0.48848357130812375
0.94517578125,-0.4635335130693558
0.9451953125,-0.3468304311729873
0.94521484375,-0.3852139941923406
0.945234375,-0.30517657691510314
0.94525390625,-0.14763936516697967
0.9452734375,-0.05167348123138144
0.94529296875,0.08795084536478086
0.9453125,0.06926913979371377
0.94533203125,0.1039236841427964
0.9453515625,0.058555218601450604
0.94537109375,-0.24637773231263776
0.945390625,-0.269461449008529
0.94541015625,-0.47753721933041593
0.9454296875,-0.6831755274570969
0.94544921875,-0.14388332999179765
0.94546875,0.06153347108288271
0.94548828125,-0.24840006037202278
0.9455078125,-0.2982769178541167
0.94552734375,-0.2250955772997436
0.945546875,0.02950170025585326
0.94556640625,0.116484401814514
0.9455859375,-0.3084365090875094
0.94560546875,-0.5883647220462805
0.945625,-0.48429460656158163
0.94564453125,-0.11474205397002946
0.9456640625,0.24117207878103622
0.94568359375,0.08127751529176226
0.945703125,-0.28888654443107625
0.94572265625,-0.3986944456517765
0.9457421875,-0.20535905305874164
0.94576171875,0.06102109102055733
0.94578125,-0.049412368622240264
0.94580078125,-0.14726868947877958
0.9458203125,0.12250359157252527
0.94583984375,0.004745132628619822
0.945859375,-0.4365548736070598
0.94587890625,-0.4676186990028003
0.9458984375,-0.19620310419746015
0.94591796875,0.028861380141519427
0.9459375,-0.013506102858447448
0.94595703125,-0.1749728319858183
0.9459765625,-0.26338639874486847
0.94599609375,-0.25232673230732927
0.946015625,0.14588080280973054
0.94603515625,0.4719592584641591
0.9460546875,0.30485261522129914
0.94607421875,0.23486164551007055
0.94609375,0.30914142726359295
0.94611328125,0.34979234710242846
0.9461328125,0.34403957107859195
0.94615234375,0.19241685935986322
0.946171875,0.23500926589477603
0.94619140625,0.34902254793680465
0.9462109375,0.27039054783217176
0.94623046875,0.20438145625656623
0.94625,0.15268177387303195
0.94626953125,0.19753498097763694
0.9462890625,0.3014730464781138
0.94630859375,0.32596926604745824
0.946328125,0.12060776995597938
0.94634765625,-0.30754914904285946
0.9463671875,-0.345003913764391
0.94638671875,-0.041413550771566644
0.94640625,0.13510357098044373
0.94642578125,0.1305348750900358
0.9464453125,-0.14078374568079446
0.94646484375,-0.16956632266045976
0.946484375,0.24105485747986038
0.94650390625,0.40845644125110486
0.9465234375,0.35948694306710793
0.94654296875,0.3488688077539562
0.9465625,0.3123342511931154
0.94658203125,0.34782096582063693
0.9466015625,0.3850180337470922
0.94662109375,0.5774006923306498
0.946640625,0.955318790759921
0.94666015625,0.8532312348510094
0.9466796875,0.43116429890951197
0.94669921875,0.4847122752014702
0.94671875,0.7982037652138365
0.94673828125,0.8781988158671123
0.9467578125,0.8727817964127343
0.94677734375,0.8286374847159181
0.946796875,0.49746232749205144
0.94681640625,0.26984006321643483
0.9468359375,0.4310014485345963
0.94685546875,0.3167734197434082
0.946875,0.04756642814410389
0.94689453125,0.16753074333788676
0.9469140625,0.02255486629296806
0.94693359375,-0.4840366300700833
0.946953125,-0.5875029126450163
0.94697265625,-0.37772374998661856
0.9469921875,-0.2507504249944462
0.94701171875,-0.38309127505991625
0.94703125,-0.49657547578996714
0.94705078125,-0.25849284701304465
0.9470703125,-0.11601478050373686
0.94708984375,0.022130639984533657
0.947109375,0.2205907497175531
0.94712890625,-0.14402850433172237
0.9471484375,-0.40197652527568545
0.94716796875,-0.10832214556272907
0.9471875,-0.225457372112768
0.94720703125,-0.47871828799348976
0.9472265625,-0.08698354511003074
0.94724609375,0.24108414108026474
0.947265625,0.03331621719106953
0.94728515625,-0.06739551475805504
0.9473046875,0.23216734675482503
0.94732421875,0.5575719501448354
0.94734375,0.587629076883122
0.94736328125,0.35603666550104857
0.9473828125,0.13920848765718769
0.94740234375,0.15419386734407703
0.947421875,0.30210035570743704
0.94744140625,0.1835757301342472
0.9474609375,-0.08642281238799863
0.94748046875,0.003036711861382841
0.9475,0.1200209641213413
0.94751953125,-0.0002825442706019428
0.9475390625,-0.06777012673728838
0.94755859375,-0.085333415171339
0.947578125,0.015343913009040835
0.94759765625,0.021084163243233756
0.9476171875,-0.22592624865441333
0.94763671875,-0.21338976368900794
0.94765625,-0.038844155655522454
0.94767578125,-0.02824475837064882
0.9476953125,0.023203615265886414
0.94771484375,-0.010746602569513153
0.947734375,-0.1614314971954209
0.94775390625,-0.10213935725170366
0.9477734375,-0.051797009914749906
0.94779296875,-0.26059280219420256
0.9478125,-0.3540280348785309
0.94783203125,-0.1832417281836662
0.9478515625,-0.11746085730885471
0.94787109375,-0.2144282586144114
0.947890625,-0.1088200331409038
0.94791015625,0.25197274114624924
0.9479296875,0.23482329396862703
0.94794921875,-0.34911128617589077
0.94796875,-0.5080779822503225
0.94798828125,-0.1609948105291423
0.9480078125,-0.14679942015401484
0.94802734375,-0.13176408472862436
0.948046875,0.036145646385796454
0.94806640625,-0.0026716225185324585
0.9480859375,0.05379767931694053
0.94810546875,0.05648618255629211
0.948125,-0.004523834672881102
0.94814453125,0.26133991119855554
0.9481640625,0.3045503266192991
0.94818359375,0.018321916179654257
0.948203125,-0.07355017347684219
0.94822265625,-0.037793741711945814
0.9482421875,-0.024254328718458406
0.94826171875,-0.04471410681562622
0.94828125,0.057745203396337014
0.94830078125,0.10206879466856345
0.9483203125,-0.14508177957648752
0.94833984375,-0.22551826584910442
0.948359375,-0.1205898859244969
0.94837890625,-0.11221428666785321
0.9483984375,-0.04441108680737267
0.94841796875,0.1060706544699706
0.9484375,0.1432092911764618
0.94845703125,0.09193459943667233
0.9484765625,0.20393902194144814
0.94849609375,0.422932925002913
0.948515625,0.6189372768304935
0.94853515625,0.772758216802064
0.9485546875,0.7508609120142316
0.94857421875,0.6486493415296166
0.94859375,0.598986804947035
0.94861328125,0.6498280069690348
0.9486328125,0.7217764074516306
0.94865234375,0.6100666619558526
0.948671875,0.4822570442192575
0.94869140625,0.48104222910663763
0.9487109375,0.5611875507044496
0.94873046875,0.7204942015164268
0.94875,0.7183174763923504
0.94876953125,0.524708959356294
0.9487890625,0.46080715164971103
0.94880859375,0.4673229273927716
0.948828125,0.35774202496507834
0.94884765625,0.3140489604883146
0.9488671875,0.43943183282987136
0.94888671875,0.5088963014829017
0.94890625,0.2594626254922188
0.94892578125,0.0150158313571956
0.9489453125,0.1562371142243608
0.94896484375,0.03327845970749456
0.948984375,-0.3324312318133354
0.94900390625,-0.07072005415963387
0.9490234375,0.32600869882630484
0.94904296875,0.24542949415804813
0.9490625,-0.061485794656048684
0.94908203125,-0.3271271061675823
0.9491015625,-0.24191810088743676
0.94912109375,-0.021194761879589987
0.949140625,0.06697214425921147
0.94916015625,0.27415460877977793
0.9491796875,0.3157381616079822
0.94919921875,0.02569858844145725
0.94921875,0.0006382198543753541
0.94923828125,0.13550052530955728
0.9492578125,-0.016547707256668973
0.94927734375,-0.09062047613628751
0.949296875,0.12735316599200314
0.94931640625,0.3141252825651428
0.9493359375,0.41755112768686
0.94935546875,0.6755654000340423
0.949375,0.7866160728129074
0.94939453125,0.5023281959511309
0.9494140625,0.6017202163549039
0.94943359375,1.0702366837130315
0.949453125,0.93926571187168
0.94947265625,0.5899100138167603
0.9494921875,0.7862886392739667
0.94951171875,1.0650989119746237
0.94953125,0.969526583796263
0.94955078125,0.7358050012082841
0.9495703125,0.5729393813921602
0.94958984375,0.5671007006512405
0.949609375,0.6691023785768081
0.94962890625,0.6853429650683794
0.9496484375,0.42243087073406227
0.94966796875,0.04584159423247588
0.9496875,0.11089442707027107
0.94970703125,0.20500799712245885
0.9497265625,-0.1496756910401732
0.94974609375,-0.2791789065194209
0.949765625,-0.18244669530464303
0.94978515625,-0.1921132462747829
0.9498046875,-0.07626303678968362
0.94982421875,0.025350749939879562
0.94984375,-0.15187613293157656
0.94986328125,-0.40719653544709894
0.9498828125,-0.3627651895663
0.94990234375,-0.1740442805952699
0.949921875,-0.1543108649883427
0.94994140625,-0.19235401666159502
0.9499609375,-0.34823842542811445
0.94998046875,-0.6048584715568752
0.95,-0.4982355750892413
0.95001953125,-0.10983342607226698
0.9500390625,-0.013644397817095979
0.95005859375,-0.13046415151829066
0.950078125,-0.17983285281541087
0.95009765625,-0.06696259035918226
0.9501171875,0.3436034828944394
0.95013671875,0.5811040975103737
0.95015625,0.3385677018471559
0.95017578125,0.066190134476223
0.9501953125,-0.02010694188541879
0.95021484375,0.04848985692754263
0.950234375,-0.05597142120245474
0.95025390625,-0.3984809077137017
0.9502734375,-0.2919652777516051
0.95029296875,0.049610434446029736
0.9503125,0.026000027133758923
0.95033203125,0.02134150431733926
0.9503515625,0.06163876316891521
0.95037109375,0.05721077782451553
0.950390625,0.2799149090227498
0.95041015625,0.20527959892743675
0.9504296875,-0.2745966283961909
0.95044921875,-0.3439281800837584
0.95046875,-0.02705094855124908
0.95048828125,-0.04544735359624698
0.9505078125,-0.365043793849297
0.95052734375,-0.22369461472207042
0.950546875,0.2412098326681759
0.95056640625,0.2982266813932353
0.9505859375,0.13779434120138262
0.95060546875,0.21221846455304114
0.950625,0.5015159241374941
0.95064453125,0.5897588047740197
0.9506640625,0.5022944490807114
0.95068359375,0.7349160305062477
0.950703125,0.7069292850662211
0.95072265625,0.22415321535464072
0.9507421875,0.2261468632019638
0.95076171875,0.4039480134812227
0.95078125,0.3140321561927575
0.95080078125,0.30492456270727486
0.9508203125,0.15176660378734752
0.95083984375,-0.054378666053540574
0.950859375,-0.029370446839639883
0.95087890625,-0.0932921717630453
0.9508984375,-0.27129166245090697
0.95091796875,-0.36533691584126277
0.9509375,-0.2322628327377089
0.95095703125,-0.015968394687631463
0.9509765625,-0.19946472659567235
0.95099609375,-0.5465170648159261
0.951015625,-0.6563912459554844
0.95103515625,-0.6476096238807107
0.9510546875,-0.5839921847544708
0.95107421875,-0.6217933710829875
0.95109375,-0.5815686755897532
0.95111328125,-0.2385242659923311
0.9511328125,-0.07808032111828356
0.95115234375,-0.30626824440461964
0.951171875,-0.5927721860495074
0.95119140625,-0.6678613793063943
0.9512109375,-0.6018227059725041
0.95123046875,-0.5892309263479649
0.95125,-0.42597218399014203
0.95126953125,-0.09070853513161942
0.9512890625,-0.0072262654720398455
0.95130859375,0.025586971134944556
0.951328125,0.2260489377937755
0.95134765625,0.01679687042622762
0.9513671875,-0.2549585981219813
0.95138671875,-0.11903999213824057
0.95140625,-0.13750304734962804
0.95142578125,-0.21063609257145488
0.9514453125,-0.24082862513499603
0.95146484375,-0.22812681156440062
0.951484375,0.0962716730699091
0.95150390625,0.21557999531497213
0.9515234375,0.11809953827605213
0.95154296875,0.26914280026415033
0.9515625,0.3009974605545068
0.95158203125,0.015449319552285089
0.9516015625,-0.1437349414097299
0.95162109375,-0.041590020626297956
0.951640625,-0.1282202382174446
0.95166015625,-0.46527927186827966
0.9516796875,-0.5805425338780343
0.95169921875,-0.4982827806808866
0.95171875,-0.6711861502770871
0.95173828125,-0.9497855313207316
0.9517578125,-0.8332472669794612
0.95177734375,-0.7230364254199713
0.951796875,-0.7663059423663698
0.95181640625,-0.4788708500669918
0.9518359375,-0.46562879168149346
0.95185546875,-0.800245067788884
0.951875,-0.6607894602762429
0.95189453125,-0.35324360853454934
0.9519140625,-0.2071142451387382
0.95193359375,-0.25270382004087655
0.951953125,-0.5466449576635876
0.95197265625,-0.5420169527512325
0.9519921875,-0.5246410662014136
0.95201171875,-0.828365017146441
0.95203125,-0.7706044442114675
0.95205078125,-0.57380705760468
0.9520703125,-0.4264583518269609
0.95208984375,-0.20103652016396112
0.952109375,-0.2782222973020868
0.95212890625,-0.07739624092503052
0.9521484375,0.4654535572941084
0.95216796875,0.39710056763651425
0.9521875,-0.027166300050939465
0.95220703125,-0.3779273410082853
0.9522265625,-0.46157764260920003
0.95224609375,-0.14184157526944474
0.952265625,-0.1494623935329195
0.95228515625,-0.38088502334913277
0.9523046875,-0.5218134403896536
0.95232421875,-0.9414474476685188
0.95234375,-0.9272120504318018
0.95236328125,-0.5683326790346819
0.9523828125,-0.6393555661796362
0.95240234375,-0.679833421820812
0.952421875,-0.7476099573179911
0.95244140625,-0.8487648797898287
0.9524609375,-0.6871657926673622
0.95248046875,-0.5222704646007783
0.9525,-0.18781016998722488
0.95251953125,0.08262285719701956
0.9525390625,-0.01932930625950431
0.95255859375,-0.1600943913100542
0.952578125,-0.2524965639942077
0.95259765625,-0.16516581480992107
0.9526171875,-0.0794777610996651
0.95263671875,-0.13828459141457405
0.95265625,0.024345253157025078
0.95267578125,0.14440344370972438
0.9526953125,-0.0360225884677718
0.95271484375,-0.0507371460484809
0.952734375,0.25312040801294955
0.95275390625,0.37982890727312674
0.9527734375,0.12106747689958015
0.95279296875,-0.20722537482388825
0.9528125,-0.31584391681101787
0.95283203125,-0.22559530147893386
0.9528515625,-0.37082222622998634
0.95287109375,-0.6207611211508816
0.952890625,-0.6013720501664841
0.95291015625,-0.5879048224957386
0.9529296875,-0.3921118989428456
0.95294921875,-0.13297895057842493
0.95296875,-0.22937720771369963
0.95298828125,-0.27585194353132314
0.9530078125,-0.2908055286432364
0.95302734375,-0.34315444623749114
0.953046875,-0.42695776215806513
0.95306640625,-0.7889805803151767
0.9530859375,-0.9424941756189771
0.95310546875,-0.8031533743975545
0.953125,-0.8842078023184154
0.95314453125,-1.1349956856100056
0.9531640625,-1.3046540071783572
0.95318359375,-1.2212523512632447
0.953203125,-0.9553650068770203
0.95322265625,-0.5657483205291698
0.9532421875,-0.20838897930191155
0.95326171875,-0.2010594652336304
0.95328125,-0.1485943213688451
0.95330078125,0.06084057945607788
0.9533203125,0.08553824330583294
0.95333984375,0.046459782089635256
0.953359375,-0.08429914225553313
0.95337890625,-0.239654606279127
0.9533984375,-0.29190964579436635
0.95341796875,-0.37814556252569465
0.9534375,-0.55196476647103
0.95345703125,-0.645018799856139
0.9534765625,-0.4427134499502471
0.95349609375,-0.30779009739669927
0.953515625,-0.39923992537640696
0.95353515625,-0.20651549222726134
0.9535546875,0.10022115425100153
0.95357421875,-0.039141057875341737
0.95359375,-0.30871192644728096
0.95361328125,-0.36891476899766146
0.9536328125,-0.5368702253283936
0.95365234375,-0.676201396697301
0.953671875,-0.580697122870435
0.95369140625,-0.43584080283591564
0.9537109375,-0.16432444201995947
0.95373046875,0.0051115313434744215
0.95375,-0.07130165029226125
0.95376953125,-0.02985896256896523
0.9537890625,0.03165264138252723
0.95380859375,-0.11397044003989137
0.953828125,-0.30908703957318245
0.95384765625,-0.34984255002937853
0.9538671875,-0.24071991067350207
0.95388671875,-0.17060190191619015
0.95390625,-0.1507636380317954
0.95392578125,-0.1172181845050331
0.9539453125,-0.2739773237460834
0.95396484375,-0.5183914699648096
0.953984375,-0.42100257305989075
0.95400390625,-0.19045502435300615
0.9540234375,-0.07750581974718543
0.95404296875,0.05133845175204038
0.9540625,0.12163836840474619
0.95408203125,0.30307289176300845
0.9541015625,0.6016150278361915
0.95412109375,0.5970873532869793
0.954140625,0.3721491460368805
0.95416015625,0.2247176669874247
0.9541796875,0.16844719144106163
0.95419921875,0.09862251487945047
0.95421875,-0.02569951229629429
0.95423828125,-0.11929068279828474
0.9542578125,-0.15373467413160252
0.95427734375,-0.29795057457824525
0.954296875,-0.45742521126278923
0.95431640625,-0.4462659983677941
0.9543359375,-0.48246296549225887
0.95435546875,-0.28681569419335085
0.954375,0.0944427267698927
0.95439453125,-0.005459826130102659
0.9544140625,-0.008082437371620545
0.95443359375,0.227217825111487
0.954453125,0.07091112483178545
0.95447265625,0.11524773199175259
0.9544921875,0.5127290371417719
0.95451171875,0.6346280941658241
0.95453125,0.40552681148164604
0.95455078125,0.10589380832094948
0.9545703125,0.11633782897270578
0.95458984375,0.2520845871796271
0.954609375,0.13362658443525127
0.95462890625,0.03046091326344779
0.9546484375,0.2850493341249224
0.95466796875,0.6944339455041566
0.9546875,0.7208588269752152
0.95470703125,0.569385418682032
0.9547265625,0.6926439037417554
0.95474609375,0.6825101970865984
0.954765625,0.4904896869337796
0.95478515625,0.36365894579796776
0.9548046875,0.18511135776470317
0.95482421875,0.0759996375098259
0.95484375,0.02755621938890112
0.95486328125,0.13769658531525603
0.9548828125,0.3501870381508033
0.95490234375,0.3654146882102144
0.954921875,0.4787384970401829
0.95494140625,0.3843211633872211
0.9549609375,-0.1534193254101956
0.95498046875,-0.4200088234019136
0.955,-0.3749272717408947
0.95501953125,-0.3185598469001744
0.9550390625,-0.5056737121256829
0.95505859375,-0.7832280190160825
0.955078125,-0.5888729711684899
0.95509765625,-0.49554257480977054
0.9551171875,-0.6181447182752502
0.95513671875,-0.4633091940311976
0.95515625,-0.5208257229402738
0.95517578125,-0.5240470570665814
0.9551953125,-0.32672960186919836
0.95521484375,-0.27496920434229805
0.955234375,0.10515735220934726
0.95525390625,0.35275273347790315
0.9552734375,0.18847637485725047
0.95529296875,0.32389001311285864
0.9553125,0.4811846420692073
0.95533203125,0.3871361179765441
0.9553515625,0.2930339589048549
0.95537109375,0.22328886529251724
0.955390625,0.1987302300548308
0.95541015625,0.02034945041621357
0.9554296875,-0.1492771378397154
0.95544921875,0.07229524005690505
0.95546875,0.20063417343941548
0.95548828125,0.03794486342524239
0.9555078125,0.03658267932125718
0.95552734375,0.22544839670763098
0.955546875,0.2878889281146961
0.95556640625,0.1274974544959543
0.9555859375,0.09670377202709086
0.95560546875,0.29266541038300764
0.955625,0.3353507756297149
0.95564453125,0.10038822433354734
0.9556640625,-0.11995513978247291
0.95568359375,-0.19515727120230233
0.955703125,-0.16655490731436462
0.95572265625,0.045891149229581804
0.9557421875,0.016515198498501582
0.95576171875,-0.35825785485766504
0.95578125,-0.42104876255778456
0.95580078125,-0.3653092704174365
0.9558203125,-0.43134824471620437
0.95583984375,-0.39943487221217766
0.955859375,-0.43472647468974907
0.95587890625,-0.4255142130294988
0.9558984375,-0.4625898111648484
0.95591796875,-0.539755268182327
0.9559375,-0.29508352996852416
0.95595703125,-0.23160843856951135
0.9559765625,-0.3073646407811196
0.95599609375,-0.05987396789497852
0.956015625,0.1108219519671088
0.95603515625,0.12354129409070909
0.9560546875,0.09836195778353163
0.95607421875,0.1562161186433466
0.95609375,0.2384714409316058
0.95611328125,0.009572257415769921
0.9561328125,0.0435667681674537
0.95615234375,0.4695210082180101
0.956171875,0.530971956846519
0.95619140625,0.31388797183617007
0.9562109375,0.14139866562615275
0.95623046875,0.2175332270017134
0.95625,0.44182779338460926
0.95626953125,0.2198719988894077
0.9562890625,-0.13037512734126183
0.95630859375,-0.08049648681555341
0.956328125,0.008993458109655263
0.95634765625,-0.010222151978643845
0.9563671875,-0.11781051661713562
0.95638671875,-0.18002899964452115
0.95640625,0.08567924308292768
0.95642578125,0.32382789407003437
0.9564453125,0.3666555018201145
0.95646484375,0.38639731530120136
0.956484375,0.3515880689979387
0.95650390625,0.28402039805298585
0.9565234375,0.17968700863786202
0.95654296875,0.15576005410334226
0.9565625,0.22433373450959096
0.95658203125,0.3237189804169506
0.9566015625,0.5075530325695436
0.95662109375,0.6266399527207669
0.956640625,0.6148230892404505
0.95666015625,0.5937565283176287
0.9566796875,0.6000604123421109
0.95669921875,0.5362656377865609
0.95671875,0.3927003227023589
0.95673828125,0.35881874052839546
0.9567578125,0.43999699130566317
0.95677734375,0.4414744105414537
0.956796875,0.3023705978418515
0.95681640625,0.2090261122435379
0.9568359375,0.2883728697510813
0.95685546875,0.40411561034748267
0.956875,0.5919146183651001
0.95689453125,0.7215488819996874
0.9569140625,0.538004379211391
0.95693359375,0.30265028958524437
0.956953125,0.1701495624004875
0.95697265625,0.07871169717580997
0.9569921875,0.031254189545364054
0.95701171875,0.0987600925232543
0.95703125,0.14122566940570652
0.95705078125,-0.22400884370475235
0.9570703125,-0.3419487894755868
0.95708984375,0.0991747560380913
0.957109375,-0.014109965194810503
0.95712890625,-0.3624741257874654
0.9571484375,-0.10238127482889868
0.95716796875,0.18054000039847934
0.9571875,0.11707401081339577
0.95720703125,-0.07804525010889031
0.9572265625,0.02433334381361041
0.95724609375,0.3515821532192308
0.957265625,0.4787519864997072
0.95728515625,0.5806706310073406
0.9573046875,0.5826029416476092
0.95732421875,0.6079542689307491
0.95734375,0.7935142489912959
0.95736328125,0.6675498743014692
0.9573828125,0.5706169876552076
0.95740234375,0.6327072508173551
0.957421875,0.5001018881392723
0.95744140625,0.574021435219357
0.9574609375,0.8046148777658175
0.95748046875,0.9478207028887067
0.9575,0.9459682828569834
0.95751953125,0.576207526445189
0.9575390625,0.5059394365541059
0.95755859375,0.8891611086566489
0.957578125,0.8668934230103353
0.95759765625,0.708798603567347
0.9576171875,0.592039467005013
0.95763671875,0.37326057673737834
0.95765625,0.5453480188274109
0.95767578125,0.45309373219732507
0.9576953125,-0.09679022501117193
0.95771484375,-0.19021908747858035
0.957734375,-0.10761080828268227
0.95775390625,0.019206412801733068
0.9577734375,0.11224593720920392
0.95779296875,-0.25529417308366
0.9578125,-0.5381610215317587
0.95783203125,-0.5508714205768777
0.9578515625,-0.5665974138790529
0.95787109375,-0.5271012558976369
0.957890625,-0.5495014731265524
0.95791015625,-0.47423096667107134
0.9579296875,-0.11357692529975597
0.95794921875,0.10024294263421284
0.95796875,0.015253659679325118
0.95798828125,-0.026964155299777713
0.9580078125,0.007888681409756682
0.95802734375,0.1659952183639935
0.958046875,0.4141114964205953
0.95806640625,0.5041787394088422
0.9580859375,0.49563682071623283
0.95810546875,0.3512641702697455
0.958125,0.21912049602205771
0.95814453125,0.24702267592866092
0.9581640625,0.09608821597516391
0.95818359375,-0.09956680066725879
0.958203125,-0.17327350930054153
0.95822265625,-0.35099108432890463
0.9582421875,-0.49173474656836413
0.95826171875,-0.3981970736070706
0.95828125,-0.23388178069229423
0.95830078125,-0.30586947313067453
0.9583203125,-0.5087972995805934
0.95833984375,-0.4732327205905894
0.958359375,-0.3272885416494412
0.95837890625,-0.24699679373497674
0.9583984375,-0.18003367815903148
0.95841796875,-0.028157809080213828
0.9584375,0.2094047641555496
0.95845703125,0.16590477240905319
0.9584765625,0.13164976076595347
0.95849609375,0.45373912229203184
0.958515625,0.34327948119678164
0.95853515625,-0.07350770225760321
0.9585546875,0.10738990836161359
0.95857421875,0.4049207570469371
0.95859375,0.20137671932522933
0.95861328125,-0.1125194895072448
0.9586328125,-0.015325593704212659
0.95865234375,0.46357074526869
0.958671875,0.5985096990197434
0.95869140625,0.48252687900725016
0.9587109375,0.8026361331092831
0.95873046875,0.8829375046859798
0.95875,0.6027633773442838
0.95876953125,0.731169368702459
0.9587890625,0.7859352027052471
0.95880859375,0.4512023002083402
0.958828125,0.19398878699734973
0.95884765625,0.2152879792281887
0.9588671875,0.3699676316047627
0.95888671875,0.29171162223182184
0.95890625,0.13144527451244792
0.95892578125,0.00563392846912307
0.9589453125,-0.2768709254044107
0.95896484375,-0.36638505201549804
0.958984375,-0.309639364287819
0.95900390625,-0.412351154432996
0.9590234375,-0.6387041233382562
0.95904296875,-0.900713836095238
0.9590625,-0.783400415672931
0.95908203125,-0.4462154816911791
0.9591015625,-0.2991828147435472
0.95912109375,-0.10265847594335265
0.959140625,-0.09444527245734521
0.95916015625,-0.3806894703047985
0.9591796875,-0.2859608158266483
0.95919921875,-0.006670082490912915
0.95921875,-0.15369962360151057
0.95923828125,-0.3382140858936772
0.9592578125,-0.23215963195892098
0.95927734375,-0.07600200510738352
0.959296875,-0.09518226689978258
0.95931640625,-0.24051376822598775
0.9593359375,-0.11224674368607995
0.95935546875,0.14298185827348173
0.959375,0.20694587611185528
0.95939453125,0.25141856796621037
0.9594140625,0.029663764109911575
0.95943359375,-0.24121803616933973
0.959453125,0.10123294920424843
0.95947265625,0.3714891197423187
0.9594921875,-0.01887035429424641
0.95951171875,-0.3229831652978362
0.95953125,-0.26210021151899476
0.95955078125,-0.2614430902724958
0.9595703125,-0.2966442310265677
0.95958984375,-0.32949943316839647
0.959609375,-0.4948476497095545
0.95962890625,-0.48036228361562716
0.9596484375,-0.26344587922782003
0.95966796875,-0.3187031717224921
0.9596875,-0.4766873379275336
0.95970703125,-0.4132280199365781
0.9597265625,-0.4539185034592409
0.95974609375,-0.6375179942104171
0.959765625,-0.5847260266594447
0.95978515625,-0.5400463991019625
0.9598046875,-0.6500179287507777
0.95982421875,-0.5239057501180525
0.95984375,-0.4342441691426774
0.95986328125,-0.5494930389052657
0.9598828125,-0.4737973848753105
0.95990234375,-0.32642403544538645
0.959921875,-0.2411256477680815
0.95994140625,-0.2502955287149037
0.9599609375,-0.45235626036853327
0.95998046875,-0.4676616985350882
0.96,-0.2713051552364333
0.96001953125,-0.2615455506183286
0.9600390625,-0.298932107241117
0.96005859375,-0.30978104551629093
0.960078125,-0.47910323117906645
0.96009765625,-0.6907591607308917
0.9601171875,-0.6773113847296113
0.96013671875,-0.35717137218291084
0.96015625,-0.11163106398314443
0.96017578125,-0.1847805996390955
0.9601953125,-0.3280818419642308
0.96021484375,-0.285094493770242
0.960234375,-0.019832960767520252
0.96025390625,-0.03664721604902649
0.9602734375,-0.3542634650152274
0.96029296875,-0.385036478028432
0.9603125,-0.43530911410395545
0.96033203125,-0.6470193955306808
0.9603515625,-0.6468185613008948
0.96037109375,-0.46270128048654535
0.960390625,-0.21303028880651748
0.96041015625,-0.17238374129291084
0.9604296875,-0.13373149356213523
0.96044921875,0.051757057005309734
0.96046875,-0.16117495572077375
0.96048828125,-0.48127099490663156
0.9605078125,-0.5738700574743093
0.96052734375,-0.6281596546787029
0.960546875,-0.5592441816436978
0.96056640625,-0.5291294255241838
0.9605859375,-0.5083384743763717
0.96060546875,-0.41877258339997603
0.960625,-0.417218083980617
0.96064453125,-0.2576254285977902
0.9606640625,0.03431340989836164
0.96068359375,0.17238978845107408
0.960703125,0.22045648276141488
0.96072265625,0.2918497761613925
0.9607421875,0.4397325911135449
0.96076171875,0.5221049240148461
0.96078125,0.31936154833666963
0.96080078125,0.017556248905316263
0.9608203125,-0.0899559706517888
0.96083984375,-0.04035523629861568
0.960859375,-0.05274108949268863
0.96087890625,-0.11798777159033005
0.9608984375,-0.13916084265291995
0.96091796875,-0.3415226391314351
0.9609375,-0.42068197075738634
0.96095703125,-0.06331243917944389
0.9609765625,-0.05635019392511127
0.96099609375,-0.45929517126910335
0.961015625,-0.6962514109215556
0.96103515625,-0.9018665896038606
0.9610546875,-0.9322217432885002
0.96107421875,-0.9118881471016329
0.96109375,-1.162824665248217
0.96111328125,-1.2263785132133536
0.9611328125,-1.1124949895593512
0.96115234375,-1.0128152536850001
0.961171875,-0.7959269811159002
0.96119140625,-0.6662953358585397
0.9612109375,-0.5964569579410262
0.96123046875,-0.3734996674859642
0.96125,-0.12648486280515758
0.96126953125,-0.019413414811704027
0.9612890625,0.007053772220465004
0.96130859375,-0.01875201300027951
0.961328125,0.023426967983192604
0.96134765625,0.15956637606282176
0.9613671875,0.06514627979177103
0.96138671875,-0.0828772314217878
0.96140625,-0.10757401718607906
0.96142578125,-0.2600476302824652
0.9614453125,-0.47179276026454103
0.96146484375,-0.6481439359768065
0.961484375,-0.6411827581256225
0.96150390625,-0.38326479252691636
0.9615234375,-0.238730446155976
0.96154296875,-0.2311162997690171
0.9615625,-0.2007520879307077
0.96158203125,-0.2904100889802902
0.9616015625,-0.3288432597457145
0.96162109375,-0.2457341333188883
0.961640625,-0.1936255330031379
0.96166015625,0.0374839095066933
0.9616796875,0.18435611798241222
0.96169921875,0.008499635515877808
0.96171875,-0.12966605139957155
0.96173828125,-0.13798017864838646
0.9617578125,0.036662220284677444
0.96177734375,0.15602390920085427
0.961796875,-0.08749390014942715
0.96181640625,-0.3072052492725311
0.9618359375,-0.14353603277049573
0.96185546875,0.1425334596444712
0.961875,0.04312761869276344
0.96189453125,-0.16743630215348693
0.9619140625,-0.07404164837010291
0.96193359375,-0.1357479813511026
0.961953125,-0.325137724702134
0.96197265625,-0.15239597520610043
0.9619921875,0.08266193737400618
0.96201171875,0.07867723552500165
0.96203125,0.004769861428842229
0.96205078125,0.018614125832432257
0.9620703125,0.2564878959948903
0.96208984375,0.3568831900484881
0.962109375,0.14950781065791843
0.96212890625,0.28402926101792914
0.9621484375,0.4921437134933057
0.96216796875,0.36980058267891963
0.9621875,0.5197211883384707
0.96220703125,0.6276740617535218
0.9622265625,0.24780600829518246
0.96224609375,-0.05979861967471415
0.962265625,-0.10585415723580305
0.96228515625,-0.15239538829099913
0.9623046875,-0.23672696898558118
0.96232421875,0.04161752265347847
0.96234375,0.5223522546098567
0.96236328125,0.497467121797604
0.9623828125,0.239636917315383
0.96240234375,0.12486761304421157
0.962421875,0.010497801897072456
0.96244140625,-0.03010536306754156
0.9624609375,0.10834397024579347
0.96248046875,0.3210840827560471
0.9625,0.22880177087511097
0.96251953125,-0.08095842913350228
0.9625390625,0.012995191683166138
0.96255859375,0.32266370312471004
0.962578125,0.43188128408677506
0.96259765625,0.5169889149896034
0.9626171875,0.48376045245588495
0.96263671875,0.3573290633906058
0.96265625,0.39511075664847783
0.96267578125,0.41921515047514313
0.9626953125,0.4620220605297586
0.96271484375,0.6128391089770493
0.962734375,0.7309862298249186
0.96275390625,0.8618130910688706
0.9627734375,0.8598533047358201
0.96279296875,0.5493942428539369
0.9628125,0.21928507211857234
0.96283203125,0.15429030172405114
0.9628515625,0.18576642237442376
0.96287109375,0.00557257713669497
0.962890625,-0.2704675488872412
0.96291015625,-0.23263611740753742
0.9629296875,0.08924790185945265
0.96294921875,0.30737280572351894
0.96296875,0.2589615160786072
0.96298828125,0.03609719083650742
0.9630078125,-0.08593276051133035
0.96302734375,-0.0856604033566757
0.963046875,-0.20124299098320814
0.96306640625,-0.3218313188576414
0.9630859375,-0.29865539806023345
0.96310546875,-0.12982387068242665
0.963125,0.042659708412592194
0.96314453125,0.03776329513255362
0.9631640625,0.012763585221149773
0.96318359375,0.052288320097049736
0.963203125,0.225495007348997
0.96322265625,0.31619547216207977
0.9632421875,-0.04411907839845622
0.96326171875,-0.2140478411775444
0.96328125,0.05694354077606614
0.96330078125,0.12623799669400715
0.9633203125,0.06308136889763966
0.96333984375,0.1648220256180298
0.963359375,0.34773588072784944
0.96337890625,0.5269239085365085
0.9633984375,0.6280394795615346
0.96341796875,0.5115447724149478
0.9634375,0.24760651597408181
0.96345703125,0.13445306126378043
0.9634765625,0.16710538747893708
0.96349609375,0.19755259296731476
0.963515625,0.25038837594888896
0.96353515625,0.39159230003710266
0.9635546875,0.5639484562787195
0.96357421875,0.5069098048617571
0.96359375,0.4467952609095463
0.96361328125,0.5598846276602549
0.9636328125,0.3066958762773599
0.96365234375,-0.03214849741577231
0.963671875,0.06834975589434304
0.96369140625,0.1597016467703044
0.9637109375,-0.11542322835965593
0.96373046875,-0.4603181620347573
0.96375,-0.18431519903653446
0.96376953125,0.358165172764173
0.9637890625,0.18467629433382082
0.96380859375,-0.19293088521697044
0.963828125,-0.27488408512838314
0.96384765625,-0.2838593990188749
0.9638671875,-0.11703588550181565
0.96388671875,0.0003855402164357337
0.96390625,-0.13463942837404919
0.96392578125,-0.39780813129737574
0.9639453125,-0.37139116940049605
0.96396484375,0.1240827932874607
0.963984375,0.36662946963783016
0.96400390625,0.4101170361929888
0.9640234375,0.5299059104473126
0.96404296875,0.44725301156742103
0.9640625,0.36111472039967535
0.96408203125,0.14389641103490736
0.9641015625,0.1728216838334148
0.96412109375,0.5648816598897357
0.964140625,0.2413551873851272
0.96416015625,-0.05502533091963155
0.9641796875,0.27580393314606755
0.96419921875,0.10605675213743035
0.96421875,-0.18881095307817058
0.96423828125,0.04683029717657651
0.9642578125,0.30936489709713666
0.96427734375,0.3457687560405208
0.964296875,0.35386062591848355
0.96431640625,0.5431618105439809
0.9643359375,0.5373560030007808
0.96435546875,0.2433360794699087
0.964375,0.21853676810930495
0.96439453125,0.24233457434041686
0.9644140625,0.1386677958562973
0.96443359375,0.31761134918208
0.964453125,0.5106005042759145
0.96447265625,0.37019483029250033
0.9644921875,0.1493685284094842
0.96451171875,0.1790519098135919
0.96453125,0.38309782065206055
0.96455078125,0.37331189177100127
0.9645703125,0.3700719746382939
0.96458984375,0.5981996598890641
0.964609375,0.6918003694926314
0.96462890625,0.7066700047338963
0.9646484375,0.8786528078614877
0.96466796875,0.9636689624746192
0.9646875,0.5691823283215388
0.96470703125,0.080093177030069
0.9647265625,0.2266439483752085
0.96474609375,0.6032389043295673
0.964765625,0.7085196929026747
0.96478515625,0.651157161442728
0.9648046875,0.4724129187934404
0.96482421875,0.5538940985856209
0.96484375,0.7424341242301724
0.96486328125,0.5941616651015397
0.9648828125,0.5919909672028626
0.96490234375,0.5206598999769113
0.964921875,0.13839165450136048
0.96494140625,0.1209522114855803
0.9649609375,0.21170478223755163
0.96498046875,0.24031006949725947
0.965,0.4267467043131533
0.96501953125,0.25281495470433696
0.9650390625,-0.07346945915635565
0.96505859375,-0.04582667272955859
0.965078125,0.07641488187224475
0.96509765625,0.004097850870386929
0.9651171875,-0.35529037757915055
0.96513671875,-0.33022005070260124
0.96515625,0.22133862911461075
0.96517578125,0.21559752566547793
0.9651953125,-0.17921607844597442
0.96521484375,-0.26596494602436593
0.965234375,-0.04035691712138491
0.96525390625,0.41905154795175587
0.9652734375,0.5161854077993071
0.96529296875,0.4115182527876915
0.9653125,0.6953072665520332
0.96533203125,0.7905595460476604
0.9653515625,0.6200949031860917
0.96537109375,0.5599499484634503
0.965390625,0.5046343827994211
0.96541015625,0.48369768094861243
0.9654296875,0.46202211518529157
0.96544921875,0.44589709458470783
0.96546875,0.22096835015064806
0.96548828125,-0.2009420094995948
0.9655078125,-0.05321279263186578
0.96552734375,0.29651003228193046
0.965546875,0.03470017515345978
0.96556640625,-0.08310504150168171
0.9655859375,0.36822458511329115
0.96560546875,0.5723102923514256
0.965625,0.4764452685638426
0.96564453125,0.4576373095931251
0.9656640625,0.3482287232009257
0.96568359375,0.3231263973637898
0.965703125,0.43714309321761546
0.96572265625,0.31928207449979906
0.9657421875,0.22101582746918408
0.96576171875,0.399676583403687
0.96578125,0.4390433090560975
0.96580078125,0.2722751532616676
0.9658203125,0.2048540491297224
0.96583984375,0.20129093004037873
0.965859375,0.16000776911595277
0.96587890625,0.04368760445147967
0.9658984375,-0.08654309000019533
0.96591796875,-0.3005976566946909
0.9659375,-0.6894044872510832
0.96595703125,-0.8177786356677913
0.9659765625,-0.5625811492501435
0.96599609375,-0.29329387630659154
0.966015625,-0.17271967669543106
0.96603515625,-0.2158633427001899
0.9660546875,-0.27229976931160926
0.96607421875,-0.22412671971040543
0.96609375,-0.062456760587826
0.96611328125,0.1129704190934066
0.9661328125,0.07139289004113435
0.96615234375,0.07290361767360803
0.966171875,0.3476747393094667
0.96619140625,0.4698771592924613
0.9662109375,0.3533195889447085
0.96623046875,0.2188867873153678
0.96625,0.1078851852435484
0.96626953125,0.12103322124480527
0.9662890625,0.19804631161175423
0.96630859375,0.243696440430323
0.966328125,0.15817108480289369
0.96634765625,-0.08683302556430586
0.9663671875,-0.19937767220369418
0.96638671875,-0.16545592817558438
0.96640625,-0.1406265048452652
0.96642578125,-0.14723796493245836
0.9664453125,-0.15703844127055247
0.96646484375,-0.08743121529220828
0.966484375,-0.175857185533086
0.96650390625,-0.27912298737552316
0.9665234375,0.007066828314566634
0.96654296875,0.2375330970069806
0.9665625,0.19568903138665575
0.96658203125,0.16153887824910243
0.9666015625,0.13922988613981097
0.96662109375,0.31440588304017075
0.966640625,0.7812290122528749
0.96666015625,1.1389144428736162
0.9666796875,1.082727730616394
0.96669921875,0.8353789599020799
0.96671875,0.8124845083497478
0.96673828125,0.9967458615498748
0.9667578125,0.9236409490778608
0.96677734375,0.5578148091014321
0.966796875,0.34384749210056526
0.96681640625,0.21927638794209908
0.9668359375,0.14040368009794885
0.96685546875,0.13108068017916968
0.966875,-0.0875349918777072
0.96689453125,-0.2258342518992893
0.9669140625,-0.23863812923407385
0.96693359375,-0.2805948703888789
0.966953125,-0.06531145866027807
0.96697265625,-0.02727064520024429
0.9669921875,-0.38503335337732925
0.96701171875,-0.4434940340257104
0.96703125,-0.1707196921984645
0.96705078125,-0.053322799893830784
0.9670703125,-0.17051178983349563
0.96708984375,-0.3416629783919695
0.967109375,-0.25901249615608907
0.96712890625,-0.03471860755065862
0.9671484375,-0.07142637658499412
0.96716796875,-0.33023143767397595
0.9671875,-0.6273618902925224
0.96720703125,-0.6156816110148315
0.9672265625,-0.3136123281684311
0.96724609375,-0.16385992908528604
0.967265625,-0.10004787909159601
0.96728515625,-0.1188509124621571
0.9673046875,-0.06675402667803827
0.96732421875,0.2938361719697379
0.96734375,0.40623504171394237
0.96736328125,0.1966166288103435
0.9673828125,0.2243451296619819
0.96740234375,0.3442163625989285
0.967421875,0.20433780366358267
0.96744140625,0.09372825823167649
0.9674609375,0.20165092156109704
0.96748046875,0.20912909633010277
0.9675,0.08341614748603332
0.96751953125,0.04323615613397663
0.9675390625,0.1653082329729766
0.96755859375,0.24673633608031795
0.967578125,0.09322458621243218
0.96759765625,-0.029400898061313067
0.9676171875,0.030689404430071288
0.96763671875,0.13771393827517397
0.96765625,-0.025378296084658553
0.96767578125,-0.5902747180170587
0.9676953125,-0.9620120004853412
0.96771484375,-0.9466228459008249
0.967734375,-0.9576094707251422
0.96775390625,-1.031535912863633
0.9677734375,-1.101636674946019
0.96779296875,-1.1574102681596616
0.9678125,-1.031255392199748
0.96783203125,-0.6558648006831682
0.9678515625,-0.3900715899807138
0.96787109375,-0.5771266549831273
0.967890625,-0.7507262101353718
0.96791015625,-0.401687227885412
0.9679296875,-0.1468877882954896
0.96794921875,-0.47975898307563025
0.96796875,-0.765427569437949
0.96798828125,-0.6998225334700822
0.9680078125,-0.5561603746590231
0.96802734375,-0.41517348334038473
0.968046875,-0.2938665101262954
0.96806640625,-0.24503676258284487
0.9680859375,-0.4436033030750558
0.96810546875,-0.5710350802956317
0.968125,-0.2499870642696899
0.96814453125,-0.06768999655981042
0.9681640625,-0.08649244099060821
0.96818359375,0.04951569248350135
0.968203125,-0.010945005540997354
0.96822265625,-0.049867297755684034
0.9682421875,0.019239866248603174
0.96826171875,-0.1744617400856338
0.96828125,-0.08404084381502158
0.96830078125,0.11476992865681365
0.9683203125,-0.17231857686975766
0.96833984375,-0.5175300261872784
0.968359375,-0.7625384231807631
0.96837890625,-0.6738659741395656
0.9683984375,-0.35450718624771504
0.96841796875,-0.3974506057318501
0.9684375,-0.5043094256432876
0.96845703125,-0.5654172018714299
0.9684765625,-0.5468069113161057
0.96849609375,-0.2554824378523526
0.968515625,-0.16141986574616943
0.96853515625,-0.29341774869058956
0.9685546875,-0.24719310707795325
0.96857421875,-0.1884824720043478
0.96859375,-0.2710783467872822
0.96861328125,-0.08784363619016819
0.9686328125,0.10903283640466463
0.96865234375,-0.09374225007116851
0.968671875,0.02964408805427457
0.96869140625,0.3692533322095948
0.9687109375,0.2647447146684311
0.96873046875,0.10873863642143479
0.96875,0.09059654585465206
0.96876953125,0.08684655260792865
0.9687890625,-0.017066698992093357
0.96880859375,-0.21681063051099458
0.968828125,-0.11227342795740233
0.96884765625,0.02004111656166438
0.9688671875,-0.24508938396431454
0.96888671875,-0.5145759711281214
0.96890625,-0.6842707750533787
0.96892578125,-0.7836063034972887
0.9689453125,-0.654691157957623
0.96896484375,-0.6195225901751567
0.968984375,-0.8437346852051025
0.96900390625,-1.017888927907877
0.9690234375,-0.9117642964650565
0.96904296875,-0.5639570798064065
0.9690625,-0.30079265456163884
0.96908203125,-0.5218948942331643
0.9691015625,-0.922395102307497
0.96912109375,-0.8176824459379409
0.969140625,-0.5816678730062863
0.96916015625,-0.635690832040695
0.9691796875,-0.6944373716802448
0.96919921875,-0.6769619442462783
0.96921875,-0.5242608182699742
0.96923828125,-0.5855756542425458
0.9692578125,-0.7672842511046417
0.96927734375,-0.5009699435327618
0.969296875,-0.4615970204977611
0.96931640625,-0.6137689288171313
0.9693359375,-0.36988704568850567
0.96935546875,-0.30965251761672963
0.969375,-0.45852018450776233
0.96939453125,-0.4919715595862532
0.9694140625,-0.276818531330302
0.96943359375,-0.12218321436181295
0.969453125,-0.5266246256437968
0.96947265625,-0.5745617780061617
0.9694921875,-0.18965868062200794
0.96951171875,-0.24049079299336634
0.96953125,-0.26898883977611815
0.96955078125,-0.20587671231600307
0.9695703125,-0.252826451001971
0.96958984375,-0.18709091450411322
0.969609375,-0.17754091252956195
0.96962890625,-0.16092012455759616
0.9696484375,-0.24246280349365024
0.96966796875,-0.529916912175648
0.9696875,-0.5460600454710972
0.96970703125,-0.4375662391151587
0.9697265625,-0.47473296746765303
0.96974609375,-0.442450238964484
0.969765625,-0.19828856359022723
0.96978515625,0.19790511918758025
0.9698046875,0.1547710509761464
0.96982421875,-0.037634255877645614
0.96984375,0.25085825402784045
0.96986328125,0.21595463256978245
0.9698828125,-0.13351169249829392
0.96990234375,-0.15362900830248244
0.969921875,-0.10791317779181725
0.96994140625,-0.11747497292906552
0.9699609375,-0.2735501971659068
0.96998046875,-0.3524798684779368
0.97,0.05043229507626282
0.97001953125,0.46443883513282697
0.9700390625,0.5544304215102428
0.97005859375,0.5191715640316722
0.970078125,0.47678061356405965
0.97009765625,0.4480715730434136
0.9701171875,0.15687853863903561
0.97013671875,-0.16650706934547782
0.97015625,-0.020306825590460525
0.97017578125,0.05120213916984588
0.9701953125,-0.0923737043245702
0.97021484375,-0.05278345235032093
0.970234375,0.0028162384448070232
0.97025390625,0.14513417778283344
0.9702734375,0.1248229374255987
0.97029296875,-0.09179317434708333
0.9703125,-0.00596926929190247
0.97033203125,-0.030669569481673875
0.9703515625,-0.1703435044023117
0.97037109375,-0.20042708369147
0.970390625,-0.41069639208650904
0.97041015625,-0.4967282909174231
0.9704296875,-0.40900671744136985
0.97044921875,-0.23435440621750397
0.97046875,0.022752408908075693
0.97048828125,0.07459420937992667
0.9705078125,0.22046359154934012
0.97052734375,0.5299047863430179
0.970546875,0.6481931156251743
0.97056640625,0.630981865583095
0.9705859375,0.4541794093064105
0.97060546875,0.3507266898663639
0.970625,0.6374641152974667
0.97064453125,0.637480464020064
0.9706640625,0.14859543503818662
0.97068359375,0.18771038734302392
0.970703125,0.659531732913608
0.97072265625,0.7542704110822713
0.9707421875,0.6791955325802045
0.97076171875,0.6933302427756277
0.97078125,0.6952906162794175
0.97080078125,0.47923782517579155
0.9708203125,0.08349595774788421
0.97083984375,0.08335565951395646
0.970859375,0.23173826361757532
0.97087890625,-0.18167066246725047
0.9708984375,-0.5388747063417316
0.97091796875,-0.3387559213021172
0.9709375,-0.20421524138711933
0.97095703125,-0.21878427550728968
0.9709765625,-0.11482084310563109
0.97099609375,-0.0501635993203531
0.971015625,-0.1102132054330501
0.97103515625,-0.10923717087551221
0.9710546875,-0.009599998393364895
0.97107421875,-0.19715523367680335
0.97109375,-0.47070902210504323
0.97111328125,-0.3524563741072234
0.9711328125,-0.11933539364428788
0.97115234375,0.019599928714747337
0.971171875,0.02453565014780206
0.97119140625,-0.17194883057974245
0.9712109375,-0.4788260962314501
0.97123046875,-0.4670415188945527
0.97125,0.05958838620924962
0.97126953125,0.19687544540853164
0.9712890625,-0.04505888405971498
0.97130859375,0.13319354885465495
0.971328125,0.31304274730272935
0.97134765625,0.4357746274737632
0.9713671875,0.6400670254411209
0.97138671875,0.6758216526996709
0.97140625,0.760868362571131
0.97142578125,0.7043147219257019
0.9714453125,0.6088551205863308
0.97146484375,0.6947822501567558
0.971484375,0.40221818765809103
0.97150390625,0.07263951513110845
0.9715234375,0.20437879906927187
0.97154296875,0.2317085301691914
0.9715625,-0.05906213700179447
0.97158203125,-0.13038166667939188
0.9716015625,0.10043032797086125
0.97162109375,0.20095159960157338
0.971640625,0.304654091225601
0.97166015625,0.2765499748426365
0.9716796875,-0.1343905550708194
0.97169921875,-0.24612278605212679
0.97171875,0.02578514660742815
0.97173828125,0.06918479495210372
0.9717578125,-0.27421047049754127
0.97177734375,-0.4368500862220009
0.971796875,0.07125733027756444
0.97181640625,0.412649748909341
0.9718359375,0.048227358956736466
0.97185546875,-0.3518829688348121
0.971875,-0.4348352218704127
0.97189453125,-0.20696168474305868
0.9719140625,0.003833342512863269
0.97193359375,-0.2206642048414196
0.971953125,-0.5188953717047016
0.97197265625,-0.47136611280813523
0.9719921875,-0.1541571761010661
0.97201171875,0.04808840620923945
0.97203125,-0.2298326982951055
0.97205078125,-0.536069516763424
0.9720703125,-0.39661030040742234
0.97208984375,-0.05543222903601133
0.972109375,0.22187709950604118
0.97212890625,0.2143366232030552
0.9721484375,0.2237517745353305
0.97216796875,0.5319527968571279
0.9721875,0.5746806052310773
0.97220703125,0.3378140192818577
0.9722265625,0.10204360673658261
0.97224609375,-0.07413908308087053
0.972265625,0.01814908709933958
0.97228515625,0.012442230721526643
0.9723046875,-0.15623434133796174
0.97232421875,-0.11570864824077046
0.97234375,0.02691623540677017
0.97236328125,0.20190747531721343
0.9723828125,0.2497608329665211
0.97240234375,0.2067574651213788
0.972421875,0.2603177844910106
0.97244140625,0.17767368102779174
0.9724609375,0.05746306199045231
0.97248046875,0.058081740057067205
0.9725,-0.000288566635533085
0.97251953125,-0.0721824247706567
0.9725390625,-0.025274313938745487
0.97255859375,0.18599670580976446
0.972578125,0.34544607782551395
0.97259765625,0.25389301563263955
0.9726171875,0.4078022125884362
0.97263671875,0.8813117769581384
0.97265625,0.891691973097745
0.97267578125,0.645879648070627
0.9726953125,0.8679957811212909
0.97271484375,1.0900864297068675
0.972734375,0.7997250576562598
0.97275390625,0.4779810184289469
0.9727734375,0.5052358779100998
0.97279296875,0.6029870155815168
0.9728125,0.5013521233712719
0.97283203125,0.3796910861469436
0.9728515625,0.352296221171727
0.97287109375,0.21092748904286346
0.972890625,0.1539351025165958
0.97291015625,0.2550722865321415
0.9729296875,0.2215608240710929
0.97294921875,0.24504393383776657
0.97296875,0.34711698286101444
0.97298828125,0.44125183999074896
0.9730078125,0.44829498784383526
0.97302734375,0.14188818198443875
0.973046875,-0.19020179650523159
0.97306640625,-0.4320586786903228
0.9730859375,-0.42195879868502373
0.97310546875,0.04718938134928584
0.973125,0.3386592846744931
0.97314453125,0.24647873093744024
0.9731640625,0.15090507349181734
0.97318359375,0.17508753511546932
0.973203125,0.27394580456715356
0.97322265625,0.23886454868196683
0.9732421875,0.11089778691717633
0.97326171875,0.038097728237268556
0.97328125,0.07717065024460937
0.97330078125,0.3072592255654839
0.9733203125,0.5914853339253041
0.97333984375,0.6833718827495785
0.973359375,0.48715055849542394
0.97337890625,0.37372410345414175
0.9733984375,0.45214589147960915
0.97341796875,0.2483760674931903
0.9734375,0.02930541269847406
0.97345703125,0.1755534520876592
0.9734765625,0.34732235293532565
0.97349609375,0.4104449171382344
0.973515625,0.45336816095445687
0.97353515625,0.5019077124993605
0.9735546875,0.579302963925693
0.97357421875,0.6995596420097113
0.97359375,0.6231387963845684
0.97361328125,0.25738008678743907
0.9736328125,0.13424428694534846
0.97365234375,0.212578648345458
0.973671875,0.07507383087679398
0.97369140625,0.04898569679283676
0.9737109375,0.1831330386775101
0.97373046875,0.03759391641496162
0.97375,-0.07711724792521044
0.97376953125,0.11326091934017332
0.9737890625,0.04985967896999322
0.97380859375,-0.2537432733415213
0.973828125,-0.3837364479475308
0.97384765625,-0.3205476432606839
0.9738671875,-0.23592709568191014
0.97388671875,-0.5601991082250604
0.97390625,-0.835947536971437
0.97392578125,-0.6778695816171622
0.9739453125,-0.7180644605383759
0.97396484375,-0.4987900694114047
0.973984375,0.016713345106819145
0.97400390625,0.000625955335027753
0.9740234375,-0.09014663293934295
0.97404296875,0.06790847950429746
0.9740625,0.24878845622642456
0.97408203125,0.20886506174491104
0.9741015625,0.023048121045384562
0.97412109375,0.3063958687839834
0.974140625,0.37543363027325855
0.97416015625,-0.23933094208458483
0.9741796875,-0.37296847727874216
0.97419921875,-0.06486427806306672
0.97421875,-0.07271542564783565
0.97423828125,-0.31867004664558396
0.9742578125,-0.4515540579102091
0.97427734375,-0.23300183263915553
0.974296875,-0.15801436698150384
0.97431640625,-0.19963970285100052
0.9743359375,0.16223639630689732
0.97435546875,0.35735845082679035
0.974375,0.1478975006248291
0.97439453125,-0.022952237287451667
0.9744140625,0.0575585230800755
0.97443359375,0.3079355497972528
0.974453125,0.1769860155354102
0.97447265625,-0.19806572525222912
0.9744921875,-0.07419338993396493
0.97451171875,0.27811838678319345
0.97453125,0.3219769832871383
0.97455078125,0.3248327317933799
0.9745703125,0.41448945369982737
0.97458984375,0.24970969101962182
0.974609375,0.11755975482934096
0.97462890625,0.3307288120394698
0.9746484375,0.37778945187673624
0.97466796875,0.24451220320708383
0.9746875,0.3247813672768878
0.97470703125,0.45088267605046445
0.9747265625,0.5471165297780509
0.97474609375,0.7515129896493891
0.974765625,0.9018561297953904
0.97478515625,0.7392640598321354
0.9748046875,0.475561944100939
0.97482421875,0.44800569866385714
0.97484375,0.41269488960659384
0.97486328125,0.2226583635037185
0.9748828125,0.04464630422223888
0.97490234375,-0.20642967020100395
0.974921875,-0.4316380826621521
0.97494140625,-0.31661077449967173
0.9749609375,-0.07330607926846297
0.97498046875,-0.10991702299341831
0.975,-0.19294735972210075
0.97501953125,-0.07029515510775682
0.9750390625,-0.01152403564062935
0.97505859375,-0.1573752669750973
0.975078125,-0.4029806318017827
0.97509765625,-0.5226457758458511
0.9751171875,-0.44489097118044196
0.97513671875,-0.35626659676453276
0.97515625,-0.31354137880406074
0.97517578125,-0.3658851241292087
0.9751953125,-0.24875019318673972
0.97521484375,0.14676429424011908
0.975234375,0.2454099211330539
0.97525390625,0.11313782975208449
0.9752734375,0.09831249595106438
0.97529296875,0.15031349844330727
0.9753125,0.21492043832578925
0.97533203125,0.025600247032984347
0.9753515625,-0.14193996756154548
0.97537109375,0.07016313671084358
0.975390625,0.2964964745551818
0.97541015625,0.4281191197902393
0.9754296875,0.5065003984636536
0.97544921875,0.5100577684290006
0.97546875,0.3742726906231377
0.97548828125,0.16032825114322397
0.9755078125,0.3059500364236603
0.97552734375,0.477310596136271
0.975546875,0.23099033046774925
0.97556640625,0.10753336060764743
0.9755859375,0.20664559005351463
0.97560546875,0.16815013935735446
0.975625,0.006964632026327258
0.97564453125,-0.08950271088819257
0.9756640625,0.014343491885349245
0.97568359375,-0.11543362800487865
0.975703125,-0.523745446506727
0.97572265625,-0.6416414562952086
0.9757421875,-0.8566358776472549
0.97576171875,-1.1461701908848014
0.97578125,-0.9996677705587445
0.97580078125,-1.0128498081979624
0.9758203125,-1.0348000248259792
0.97583984375,-0.5861052966107347
0.975859375,-0.42977254878688
0.97587890625,-0.6801632083571789
0.9758984375,-0.5048590672545619
0.97591796875,0.05981991815017703
0.9759375,0.1805331490353718
0.97595703125,-0.012758915723134296
0.9759765625,0.04594998222720555
0.97599609375,0.02076788404606421
0.976015625,-0.12349117911238483
0.97603515625,-0.15365438973582682
0.9760546875,-0.2305148981388218
0.97607421875,-0.23456686136970337
0.97609375,-0.18066874012289974
0.97611328125,-0.21104393958413104
0.9761328125,-0.16793833601210134
0.97615234375,-0.19799377212683045
0.976171875,-0.30693358638825474
0.97619140625,-0.2746038067402768
0.9762109375,-0.3411507648256361
0.97623046875,-0.4449579689854788
0.97625,-0.4893679019899254
0.97626953125,-0.5644619325757396
0.9762890625,-0.4232792331163914
0.97630859375,-0.4057179586729088
0.976328125,-0.7330133841050053
0.97634765625,-0.8039872282277896
0.9763671875,-0.47655565282245776
0.97638671875,-0.20003391435092377
0.97640625,-0.240116529938749
0.97642578125,-0.3594376872915056
0.9764453125,-0.446508857299175
0.97646484375,-0.5442156614814572
0.976484375,-0.46098814970169255
0.97650390625,-0.3171111996507689
0.9765234375,-0.19425299667137352
0.97654296875,-0.07153794635579055
0.9765625,-0.0020459514216149693
0.97658203125,0.25305088191777875
0.9766015625,0.487826275676959
0.97662109375,0.3297764190717729
0.976640625,0.009143109476385615
0.97666015625,-0.02273809550780803
0.9766796875,0.23243203690282777
0.97669921875,0.14370049590326336
0.97671875,-0.10140890080033317
0.97673828125,0.026917992698339794
0.9767578125,-0.014719210191969076
0.97677734375,-0.29317763389816753
0.976796875,-0.2547177747513188
0.97681640625,-0.037127747365271704
0.9768359375,0.04167302682075298
0.97685546875,0.019351431871719213
0.976875,-0.046175918705615715
0.97689453125,-0.16704778114578722
0.9769140625,-0.3662560456301943
0.97693359375,-0.7100427798301043
0.976953125,-0.8660109977060194
0.97697265625,-0.633268333515419
0.9769921875,-0.636339118950856
0.97701171875,-0.9751129618588679
0.97703125,-0.9826978209268069
0.97705078125,-0.6713247367042292
0.9770703125,-0.583483192337602
0.97708984375,-0.6974105825383554
0.977109375,-0.595397402900919
0.97712890625,-0.43690249577026635
0.9771484375,-0.41918983937674426
0.97716796875,-0.283837347848767
0.9771875,-0.3310764570719512
0.97720703125,-0.5455352755964329
0.9772265625,-0.30024274092226994
0.97724609375,0.01721434025847238
0.977265625,-0.07898436672702985
0.97728515625,-0.20731325375781098
0.9773046875,0.015883130776397414
0.97732421875,0.1495753497457913
0.97734375,-0.23944685892708062
0.97736328125,-0.40858381940648697
0.9773828125,-0.2963208388619974
0.97740234375,-0.3749851171653329
0.977421875,-0.24482619495994196
0.97744140625,-0.20606164306387645
0.9774609375,-0.5132433369362721
0.97748046875,-0.5576514375324393
0.9775,-0.3554730115011075
0.97751953125,-0.18453581635546906
0.9775390625,-0.09272119398645906
0.97755859375,-0.1421376269813994
0.977578125,-0.18662744375598203
0.97759765625,-0.1758234344869492
0.9776171875,-0.17887488270152216
0.97763671875,-0.19223521817847905
0.97765625,-0.2215347417235198
0.97767578125,-0.047065833029565546
0.9776953125,0.20962381205094927
0.97771484375,0.15511814290349954
0.977734375,0.02121322188558842
0.97775390625,0.05378127616563369
0.9777734375,0.12717223838574535
0.97779296875,0.21708295208540654
0.9778125,0.31063229421811367
0.97783203125,0.22005646069745796
0.9778515625,-0.010733711376372954
0.97787109375,-0.09659516311029828
0.977890625,0.035536620584311715
0.97791015625,0.27067222676379454
0.9779296875,0.39793251121179346
0.97794921875,0.34079249566566827
0.97796875,0.08594700345609145
0.97798828125,-0.1031381826187313
0.9780078125,0.10923760883016703
0.97802734375,0.29177888454872136
0.978046875,0.338170272594232
0.97806640625,0.2722313006030465
0.9780859375,-0.07826695966700202
0.97810546875,-0.035112600550602585
0.978125,0.267331451139739
0.97814453125,0.2048410187048142
0.9781640625,0.12288321024951471
0.97818359375,0.15903623308119436
0.978203125,0.2476072495681204
0.97822265625,0.27581946321293094
0.9782421875,0.1827362998726027
0.97826171875,0.20318969036616522
0.97828125,0.3312528071803945
0.97830078125,0.44436579508549195
0.9783203125,0.35877355620744
0.97833984375,0.2000279509701035
0.978359375,0.2576162945000606
0.97837890625,0.096572869989488
0.9783984375,-0.32906080815923505
0.97841796875,-0.38321146083572155
0.9784375,-0.18612550312977819
0.97845703125,-0.16988746553046297
0.9784765625,-0.13710168324250735
0.97849609375,0.16358957331274737
0.978515625,0.36958215276087314
0.97853515625,0.33734361651014905
0.9785546875,0.47744067970961745
0.97857421875,0.6930673333920301
0.97859375,0.754306592356444
0.97861328125,0.7869060749951046
0.9786328125,0.7332270096920458
0.97865234375,0.5870676739379077
0.978671875,0.6047197670540438
0.97869140625,0.7334308055990904
0.9787109375,0.6992715465090986
0.97873046875,0.5925705275547243
0.97875,0.5373838645736952
0.97876953125,0.5920425490970592
0.9787890625,0.707409681656102
0.97880859375,0.48474977491405125
0.978828125,0.1533354382909273
0.97884765625,0.2567911165017376
0.9788671875,0.4016592072065154
0.97888671875,0.33161651147292526
0.97890625,0.3212930827985306
0.97892578125,0.3260675737972888
0.9789453125,0.20463442207335197
0.97896484375,-0.20362819724101364
0.978984375,-0.5513447221403868
0.97900390625,-0.4269219172238341
0.9790234375,-0.44026683397396327
0.97904296875,-0.6483509085688396
0.9790625,-0.5486853691090784
0.97908203125,-0.5147219686370316
0.9791015625,-0.5788254205915205
0.97912109375,-0.3207362638757913
0.979140625,-0.027909745370410927
0.97916015625,-0.025389441012940647
0.9791796875,-0.12641392038807156
0.97919921875,-0.03978800319970414
0.97921875,0.25209562329457375
0.97923828125,0.4081802237945897
0.9792578125,0.2138929709272346
0.97927734375,-0.005117777598021747
0.979296875,0.23291781406982043
0.97931640625,0.6571624260248528
0.9793359375,0.6553444577449967
0.97935546875,0.4802599409753221
0.979375,0.617151513888117
0.97939453125,1.0189690880387985
0.9794140625,1.2247571454835782
0.97943359375,0.8307085575701088
0.979453125,0.34803625866826476
0.97947265625,0.3192074677086608
0.9794921875,0.37417594178581615
0.97951171875,0.1382279244226284
0.97953125,-0.1304460959010764
0.97955078125,0.05218300343176609
0.9795703125,0.38410429824794584
0.97958984375,0.23954353906503614
0.979609375,0.01826442915343378
0.97962890625,0.19274349731822826
0.9796484375,0.4227106993481061
0.97966796875,0.40366251187362134
0.9796875,0.1978388816249137
0.97970703125,0.11662063259050712
0.9797265625,0.09879183000517172
0.97974609375,-0.22079271095779265
0.979765625,-0.47035904803221723
0.97978515625,-0.3560523664943567
0.9798046875,-0.18403636634891044
0.97982421875,-0.04979055684689959
0.97984375,-0.05340466577468911
0.97986328125,-0.2242563091070728
0.9798828125,-0.10860609661146363
0.97990234375,0.2640959108207497
0.979921875,0.22705597368650107
0.97994140625,-0.07249851870819267
0.9799609375,-0.13913387476380015
0.97998046875,0.050829118795413936
0.98,0.45215488108689356
0.98001953125,0.5471790316189832
0.9800390625,0.28854251855194146
0.98005859375,0.24381412043060025
0.980078125,0.18058902743353902
0.98009765625,0.0255433185970744
0.9801171875,-0.025157931731287435
0.98013671875,-0.13998118417502461
0.98015625,-0.16269194768469628
0.98017578125,0.15516513489224637
0.9801953125,0.44831048407442464
0.98021484375,0.3154281823272722
0.980234375,0.2696354896838803
0.98025390625,0.6740631116328681
0.9802734375,0.9928763945911665
0.98029296875,0.9421829136782348
0.9803125,0.5982415918960796
0.98033203125,0.03501058626440847
0.9803515625,-0.16809796844913175
0.98037109375,0.14955725389510552
0.980390625,0.136049919028513
0.98041015625,0.002503407269011493
0.9804296875,0.3275840770408626
0.98044921875,0.4213254309834108
0.98046875,0.30319745587493757
0.98048828125,0.49303763049783755
0.9805078125,0.692789068822258
0.98052734375,0.7216692828319867
0.980546875,0.6365227035184139
0.98056640625,0.6881213176580449
0.9805859375,0.852902002349174
0.98060546875,0.8015365143369952
0.980625,0.8568351989832954
0.98064453125,1.0213952933796777
0.9806640625,0.9692164561744157
0.98068359375,0.8627644869941711
0.980703125,0.7447162753258212
0.98072265625,0.6998224396817088
0.9807421875,0.7148347760682138
0.98076171875,0.4984244161860947
0.98078125,0.29245166316443466
0.98080078125,0.297516524428308
0.9808203125,0.255297498343134
0.98083984375,0.30527066502439437
0.980859375,0.4589426696132535
0.98087890625,0.49314508381194544
0.9808984375,0.4456726397630315
0.98091796875,0.2950799378798138
0.9809375,0.2538896428623138
0.98095703125,0.36804383903404503
0.9809765625,0.411080597702568
0.98099609375,0.3850697653605413
0.981015625,0.30314785956693796
0.98103515625,0.23044244032829486
0.9810546875,0.07310798225961454
0.98107421875,-0.05212367811199424
0.98109375,0.01762223058208403
0.98111328125,-0.09028166415013131
0.9811328125,-0.2624364316492905
0.98115234375,-0.12837599189821886
0.981171875,0.05337273496054356
0.98119140625,0.009701501477638305
0.9812109375,0.008888417867127768
0.98123046875,0.2881926138467388
0.98125,0.488172849014724
0.98126953125,0.3753386748595495
0.9812890625,0.10655158632205987
0.98130859375,0.015981170607652237
0.981328125,0.24519370627908949
0.98134765625,0.25565970154057677
0.9813671875,0.18190517762587205
0.98138671875,0.5330442540733411
0.98140625,0.7241188120537354
0.98142578125,0.4701342221606561
0.9814453125,0.32503877972345707
0.98146484375,0.5351922929671277
0.981484375,0.6236490107051564
0.98150390625,0.3044940239843239
0.9815234375,0.18679326213116176
0.98154296875,0.2928967204794864
0.9815625,-0.025724064983423098
0.98158203125,-0.2808985208751262
0.9816015625,0.020134258513739275
0.98162109375,0.13973104285104213
0.981640625,-0.0013717686448232493
0.98166015625,0.1427408898084072
0.9816796875,0.2747894114405165
0.98169921875,0.005675451974034962
0.98171875,-0.392127513298296
0.98173828125,-0.39096008927510784
0.9817578125,-0.12911604325810833
0.98177734375,-0.2744037417245082
0.981796875,-0.5962961649673293
0.98181640625,-0.48930241951953685
0.9818359375,-0.3651765255923395
0.98185546875,-0.5615129148905271
0.981875,-0.594967595776996
0.98189453125,-0.3208281650686085
0.9819140625,-0.0934339895149972
0.98193359375,-0.10970325731226671
0.981953125,-0.28583746414705846
0.98197265625,-0.41623626037470507
0.9819921875,-0.3151261046381745
0.98201171875,-0.17388760031132813
0.98203125,-0.22571057255784696
0.98205078125,-0.12485629728530279
0.9820703125,0.06370896036641874
0.98208984375,-0.06368162074251116
0.982109375,-0.11885674788732176
0.98212890625,0.11563461444333364
0.9821484375,0.14717403333822407
0.98216796875,-0.037000054961641146
0.9821875,-0.011307012272917395
0.98220703125,0.05674861145360851
0.9822265625,-0.16737170135025953
0.98224609375,-0.3723930194049935
0.982265625,-0.20402342164498213
0.98228515625,0.08712466845553496
0.9823046875,0.021387860688901902
0.98232421875,-0.29765199841946344
0.98234375,-0.18919593167067678
0.98236328125,0.18860584998198648
0.9823828125,0.2506881712393159
0.98240234375,0.19742440788599686
0.982421875,0.10429524404359701
0.98244140625,0.10384992812903672
0.9824609375,0.27519178705750946
0.98248046875,0.10416795141833399
0.9825,-0.2619840094007914
0.98251953125,-0.2932880919417921
0.9825390625,-0.10171681129263944
0.98255859375,-0.004271693197072962
0.982578125,0.0661265241422921
0.98259765625,0.1099540999119728
0.9826171875,-0.030873767570467375
0.98263671875,-0.024018990567057343
0.98265625,0.26308774019291803
0.98267578125,0.4622040866299313
0.9826953125,0.4329669098217602
0.98271484375,0.40871354401290466
0.982734375,0.6197118580015171
0.98275390625,0.7545684698647456
0.9827734375,0.5807063341636323
0.98279296875,0.5235234342747429
0.9828125,0.573012974762346
0.98283203125,0.4891660765897116
0.9828515625,0.5493134604759118
0.98287109375,0.5138105125662717
0.982890625,0.16804487561682493
0.98291015625,-0.045290293822583226
0.9829296875,-0.04824065988212199
0.98294921875,-0.0009547884733413503
0.98296875,-0.20417718514684163
0.98298828125,-0.5726073786908457
0.9830078125,-0.5348296993966793
0.98302734375,-0.4374330213115848
0.983046875,-0.5902051404990416
0.98306640625,-0.6148292390327998
0.9830859375,-0.6487730214451547
0.98310546875,-0.750303589616919
0.983125,-0.7229841188085577
0.98314453125,-0.7826237327101311
0.9831640625,-0.9292390353615112
0.98318359375,-0.778912920425068
0.983203125,-0.3031787279857044
0.98322265625,0.07117520565278755
0.9832421875,0.13458669407644075
0.98326171875,0.01887939443932298
0.98328125,-0.18529208741110784
0.98330078125,-0.23533558620495157
0.9833203125,0.0834750929973716
0.98333984375,0.40777687899573395
0.983359375,0.27704334554200316
0.98337890625,0.15272353975397826
0.9833984375,0.5953422163115579
0.98341796875,0.7923462608408545
0.9834375,0.49651917477337065
0.98345703125,0.4734969360411842
0.9834765625,0.4148397914315899
0.98349609375,0.26636118724773017
0.983515625,0.2914059965517467
0.98353515625,0.04518924586179117
0.9835546875,-0.43960105137251737
0.98357421875,-0.859781178746138
0.98359375,-0.9650250554752031
0.98361328125,-0.7363820983851017
0.9836328125,-0.6386869702497278
0.98365234375,-0.7626914197610146
0.983671875,-0.6566228591020423
0.98369140625,-0.18709581863382302
0.9837109375,-0.0900008427587844
0.98373046875,-0.5750783092604795
0.98375,-0.7905873964580067
0.98376953125,-0.6143297646495102
0.9837890625,-0.47124747283508067
0.98380859375,-0.5853109051083988
0.983828125,-0.9838166480022006
0.98384765625,-1.1546533309637228
0.9838671875,-0.9111472300918669
0.98388671875,-0.5236068897566892
0.98390625,-0.25899233924211185
0.98392578125,-0.3643946070482259
0.9839453125,-0.5564136026131574
0.98396484375,-0.6309059345493386
0.983984375,-0.5744735810949326
0.98400390625,-0.35325790092960246
0.9840234375,-0.37004704824118806
0.98404296875,-0.5587147043515821
0.9840625,-0.4813857172219217
0.98408203125,-0.19958486296855074
0.9841015625,-0.07183665202297755
0.98412109375,-0.26861727613140796
0.984140625,-0.2545071736203746
0.98416015625,0.07189872183285403
0.9841796875,0.08976460505394773
0.98419921875,-0.13938832321411837
0.98421875,-0.44036019186999364
0.98423828125,-0.5752434419376162
0.9842578125,-0.2900284096861854
0.98427734375,-0.29264926152688653
0.984296875,-0.681593082605088
0.98431640625,-0.8132804443238162
0.9843359375,-0.8413850077845775
0.98435546875,-0.8373321914596423
0.984375,-0.6645595592232579
0.98439453125,-0.5193916250284898
0.9844140625,-0.44311954836008105
0.98443359375,-0.4528138977033792
0.984453125,-0.5320823047551295
0.98447265625,-0.6439074673591972
0.9844921875,-0.7241629938665819
0.98451171875,-0.5514356679418373
0.98453125,-0.4497000993603334
0.98455078125,-0.5866430422256438
0.9845703125,-0.5298993343378793
0.98458984375,-0.4237580476624937
0.984609375,-0.4942424938535284
0.98462890625,-0.39545385059975247
0.9846484375,0.05273600677046468
0.98466796875,0.2536672385844333
0.9846875,-0.011467953929249418
0.98470703125,0.027820766152519223
0.9847265625,0.2149295256142572
0.98474609375,0.07847083382932915
0.984765625,-0.019882660289267936
0.98478515625,-0.12295450259675916
0.9848046875,-0.3751973266716597
0.98482421875,-0.5996819458444277
0.98484375,-0.5310599545702155
0.98486328125,-0.24560522287765346
0.9848828125,-0.27760760837873033
0.98490234375,-0.47168385180920824
0.984921875,-0.525317706651064
0.98494140625,-0.5304842583868574
0.9849609375,-0.4185092722987304
0.98498046875,-0.3777666630511185
0.985,-0.4615747943244084
0.98501953125,-0.6404493422389217
0.9850390625,-1.0131111744473504
0.98505859375,-1.0836476825827108
0.985078125,-0.8819833662120156
0.98509765625,-1.0359865324780702
0.9851171875,-1.243142086691527
0.98513671875,-1.1586902817426878
0.98515625,-1.0824759074782095
0.98517578125,-1.104487886320006
0.9851953125,-0.9842789980389618
0.98521484375,-0.5235436816365041
0.985234375,-0.1882325234136844
0.98525390625,-0.33566957733434777
0.9852734375,-0.2886057602376448
0.98529296875,-0.10126014733583648
0.9853125,-0.29582954587529947
0.98533203125,-0.2795259958406213
0.9853515625,-0.018977613753143933
0.98537109375,-0.2180449020552471
0.985390625,-0.5171045127893589
0.98541015625,-0.28033989213865673
0.9854296875,0.04492266240050344
0.98544921875,-0.1466047924233918
0.98546875,-0.5601990429838979
0.98548828125,-0.6493471877762984
0.9855078125,-0.5116441856867853
0.98552734375,-0.6279221575612457
0.985546875,-0.7347145724969565
0.98556640625,-0.557526740344852
0.9855859375,-0.4612866253909631
0.98560546875,-0.1274486240257502
0.985625,0.18042163807414252
0.98564453125,-0.21666223904636112
0.9856640625,-0.407544916818422
0.98568359375,-0.04425606339091038
0.985703125,0.20797038489579578
0.98572265625,0.2527654191800795
0.9857421875,0.15465327765164322
0.98576171875,0.10305405574894393
0.98578125,0.11275164586709768
0.98580078125,0.08293879103149664
0.9858203125,0.055686505324316155
0.98583984375,-0.1846429202601485
0.985859375,-0.4166440658261862
0.98587890625,-0.32723632478386866
0.9858984375,-0.33549847078975065
0.98591796875,-0.5219170095252862
0.9859375,-0.5823553281161609
0.98595703125,-0.4714745379652905
0.9859765625,-0.21802799812185564
0.98599609375,-0.06136523989909196
0.986015625,0.07961059254632356
0.98603515625,0.36723566260897017
0.9860546875,0.3533436894584837
0.98607421875,0.2217267729731912
0.98609375,0.35968743889994076
0.98611328125,0.2639568049060949
0.9861328125,-0.033011881455227855
0.98615234375,-0.03617535266238546
0.986171875,-0.02419039487529731
0.98619140625,-0.24527917116417677
0.9862109375,-0.3948103025368218
0.98623046875,-0.32933945413862853
0.98625,-0.24658957043684007
0.98626953125,-0.16060871251078668
0.9862890625,0.027375964509978444
0.98630859375,0.02140328055421476
0.986328125,-0.17153408991758887
0.98634765625,-0.05772605702879047
0.9863671875,0.14219948425976459
0.98638671875,-0.10058443887993977
0.98640625,-0.3416966084894845
0.98642578125,-0.11765096581940655
0.9864453125,-0.03395935478160067
0.98646484375,-0.2399488618677322
0.986484375,-0.05481008730013884
0.98650390625,0.39035931208678126
0.9865234375,0.608375790808695
0.98654296875,0.6068091615635041
0.9865625,0.5269396643903774
0.98658203125,0.5542071379476119
0.9866015625,0.6511092790725552
0.98662109375,0.7081169164993207
0.986640625,0.7559706637231371
0.98666015625,0.7223068522819986
0.9866796875,0.7140794965263957
0.98669921875,0.81443236706846
0.98671875,0.8028245859767721
0.98673828125,0.6104964589340157
0.9867578125,0.35119430339189195
0.98677734375,0.20149753316659402
0.986796875,0.16521535102189433
0.98681640625,0.14003533122445844
0.9868359375,0.16481188687532522
0.98685546875,0.1283184229107331
0.986875,0.21420716523620564
0.98689453125,0.34462320689452464
0.9869140625,0.011626838532267147
0.98693359375,-0.20212544328295412
0.986953125,-0.028654692398151303
0.98697265625,-0.09743230053464766
0.9869921875,-0.22710613953529488
0.98701171875,-0.20675955547383734
0.98703125,-0.24939789551036945
0.98705078125,-0.36586810460037716
0.9870703125,-0.430129456049559
0.98708984375,-0.37415153747904983
0.987109375,-0.3922637295691913
0.98712890625,-0.4038138879645905
0.9871484375,-0.15526545103657638
0.98716796875,0.02283675626372958
0.9871875,-0.11471620342927864
0.98720703125,-0.13847567871181188
0.9872265625,0.17385932594925557
0.98724609375,0.43434050391546947
0.987265625,0.6254167615712697
0.98728515625,0.7531243613488783
0.9873046875,0.3365204205017172
0.98732421875,-0.1824594248324372
0.98734375,-0.20002452136080803
0.98736328125,0.029791611263655038
0.9873828125,0.3653196829488359
0.98740234375,0.38350143558647226
0.987421875,0.089714168556662
0.98744140625,0.2021887385253546
0.9874609375,0.45522454876911256
0.98748046875,0.5032578002407597
0.9875,0.44157481058724574
0.98751953125,0.1871082594736779
0.9875390625,0.008811283304039248
0.98755859375,-0.0753406667331462
0.987578125,-0.13151100775510707
0.98759765625,0.10309544220052062
0.9876171875,0.26065372845510265
0.98763671875,0.13468435415236332
0.98765625,0.10282178895263053
0.98767578125,0.1511703733113141
0.9876953125,0.13864701630832832
0.98771484375,0.057892859643624964
0.987734375,-0.016199420713258156
0.98775390625,-0.07366142108637683
0.9877734375,-0.1782736208976488
0.98779296875,-0.10390581507806941
0.9878125,0.0696930328414602
0.98783203125,-0.07122096785945344
0.9878515625,-0.35826114061762915
0.98787109375,-0.24389811030436592
0.987890625,0.022251645968049148
0.98791015625,-0.17822796406217162
0.9879296875,-0.39634145240842183
0.98794921875,-0.288528753355717
0.98796875,-0.15464340514970237
0.98798828125,-0.016204958608471237
0.9880078125,0.05520986562739002
0.98802734375,0.24125685449672166
0.988046875,0.5506840002703353
0.98806640625,0.4207128370436787
0.9880859375,0.076512172157358
0.98810546875,0.2142126560583042
0.988125,0.5471023708493744
0.98814453125,0.5111975554368973
0.9881640625,0.3497122000476335
0.98818359375,0.28668284918368847
0.988203125,0.15005453876823355
0.98822265625,-0.09678959152984956
0.9882421875,-0.17584922829262778
0.98826171875,0.03275986187253541
0.98828125,-0.04250223315161311
0.98830078125,-0.3427515053889335
0.9883203125,-0.04824668220838971
0.98833984375,0.4613198791889599
0.988359375,0.35919472869935404
0.98837890625,0.03316252190850177
0.9883984375,0.07970178788571437
0.98841796875,0.17455911525636048
0.9884375,-0.07771367970778269
0.98845703125,-0.17799689442172523
0.9884765625,0.21867512880973436
0.98849609375,0.5152150346445894
0.988515625,0.6557877257702502
0.98853515625,0.9468982365899928
0.9885546875,0.9976277708949917
0.98857421875,0.7984979938619448
0.98859375,0.7174165215707494
0.98861328125,0.8893331173045407
0.9886328125,1.0746728719791192
0.98865234375,0.7609546103915468
0.988671875,0.4188001317990179
0.98869140625,0.5198299040104448
0.9887109375,0.5268092719105889
0.98873046875,0.4934449385000445
0.98875,0.4650298411439382
0.98876953125,0.2403189915430302
0.9887890625,0.29616667267818697
0.98880859375,0.5000343634772785
0.988828125,0.4781884541280474
0.98884765625,0.42388068396010437
0.9888671875,0.4129353221406775
0.98888671875,0.34375609444678656
0.98890625,0.07712071688029004
0.98892578125,-0.029872494117259535
0.9889453125,0.1578007300547226
0.98896484375,0.02826701051048293
0.988984375,-0.2509630317197995
0.98900390625,-0.07263608102976814
0.9890234375,0.21553732093978586
0.98904296875,0.09473574602146924
0.9890625,-0.10125694705584228
0.98908203125,0.008849149421801466
0.9891015625,0.10769645571435679
0.98912109375,0.13937039825644687
0.989140625,0.3158079815538674
0.98916015625,0.15216561203983037
0.9891796875,-0.20842437445636636
0.98919921875,-0.033437886902170755
0.98921875,0.1860330030559976
0.98923828125,0.08088898863646106
0.9892578125,0.02365626763898886
0.98927734375,0.08646586631793188
0.989296875,0.24723813707023518
0.98931640625,0.24058062004174474
0.9893359375,0.18060295433911444
0.98935546875,0.32568720306575294
0.989375,0.14402789530938678
0.98939453125,-0.0886310962778767
0.9894140625,0.1910412004835525
0.98943359375,0.3946691590497256
0.989453125,0.2969509843978365
0.98947265625,0.22188355090463627
0.9894921875,0.26535892164704283
0.98951171875,0.4236539323241454
0.98953125,0.4229158632782197
0.98955078125,0.1451071908134275
0.9895703125,-0.11150158229647841
0.98958984375,-0.17448273306221918
0.989609375,0.018838053370602514
0.98962890625,0.19165020533163676
0.9896484375,0.05281938097533539
0.98966796875,0.05886066087396788
0.9896875,0.1662739488082998
0.98970703125,0.04493722276784996
0.9897265625,0.15109155831805204
0.98974609375,0.2634243364037125
0.989765625,0.04322916633392358
0.98978515625,-0.19950677942111544
0.9898046875,-0.5090070455364677
0.98982421875,-0.6061066902227494
0.98984375,-0.45699855724463273
0.98986328125,-0.4810728497124759
0.9898828125,-0.3772372213738156
0.98990234375,-0.048741004166237535
0.989921875,0.06936370783078888
0.98994140625,-0.30359156671684373
0.9899609375,-0.7469661459903203
0.98998046875,-0.5470311039224645
0.99,-0.1049187080510996
0.99001953125,0.01571518139099469
0.9900390625,0.10806758800261848
0.99005859375,0.3393272398388356
0.990078125,0.3899723310052356
0.99009765625,-0.010226604483050156
0.9901171875,-0.20052151611875102
0.99013671875,0.22411320740310575
0.99015625,0.26456877820403574
0.99017578125,-0.09213219689781543
0.9901953125,0.058354578665939696
0.99021484375,0.33868288324746465
0.990234375,0.06193846248108473
0.99025390625,-0.5112863979198311
0.9902734375,-0.5630530407643886
0.99029296875,0.01808756179628805
0.9903125,0.34068351339911
0.99033203125,0.06742870761366535
0.9903515625,-0.17742585177684003
0.99037109375,0.01163082111738891
0.990390625,0.22044155859848674
0.99041015625,0.22057830144574042
0.9904296875,0.4084219293592045
0.99044921875,0.5726438037187329
0.99046875,0.432297170299043
0.99048828125,0.4441997128916344
0.9905078125,0.5452719399473811
0.99052734375,0.2701380387822692
0.990546875,-0.06671838997287285
0.99056640625,-0.15914409331038426
0.9905859375,-0.26255398325374324
0.99060546875,-0.25647816445319116
0.990625,-0.001415665080270835
0.99064453125,0.1663013458032564
0.9906640625,0.11375544755787048
0.99068359375,0.07243840264513428
0.990703125,0.21338135459430968
0.99072265625,0.38565430114833704
0.9907421875,0.39164511790428935
0.99076171875,0.3743494109869894
0.99078125,0.5433721748226354
0.99080078125,0.6029939434407687
0.9908203125,0.568119779540059
0.99083984375,0.7710995820885592
0.990859375,0.7289667147015693
0.99087890625,0.379331213412962
0.9908984375,0.10928711138884183
0.99091796875,-0.015228070381509293
0.9909375,0.08542605736835153
0.99095703125,-0.12757090709013716
0.9909765625,-0.43863944684534106
0.99099609375,-0.2578400007270749
0.991015625,-0.327892310986112
0.99103515625,-0.5017686690765397
0.9910546875,-0.5391447565953512
0.99107421875,-0.8683134882009726
0.99109375,-0.8143841960201555
0.99111328125,-0.6280288810294758
0.9911328125,-0.7265764275989297
0.99115234375,-0.455770624865214
0.991171875,-0.2329767040551765
0.99119140625,-0.29441455912543896
0.9912109375,-0.323647265093166
0.99123046875,-0.27852449393090817
0.99125,0.03824880801428266
0.99126953125,0.3143234341672056
0.9912890625,0.39486065726207986
0.99130859375,0.31613968947259935
0.991328125,0.08333747502255581
0.99134765625,0.2673886505610748
0.9913671875,0.5606483616475063
0.99138671875,0.31913911347900586
0.99140625,0.02265431457523245
0.99142578125,-0.11779822275745344
0.9914453125,-0.2911854689755918
0.99146484375,-0.225585442523024
0.991484375,-0.08511352885454311
0.99150390625,-0.2984851995938514
0.9915234375,-0.547950670453603
0.99154296875,-0.5010246011106424
0.9915625,-0.2552486259488562
0.99158203125,-0.07828400969844593
0.9916015625,-0.07564043720717302
0.99162109375,-0.07409665161239654
0.991640625,-0.18711834057076882
0.99166015625,-0.2660238715175667
0.9916796875,-0.1599840199379577
0.99169921875,-0.2682545933994599
0.99171875,-0.28626909859192246
0.99173828125,-0.10496852834150562
0.9917578125,-0.3229491888147406
0.99177734375,-0.6235258561202153
0.991796875,-0.4158257392171656
0.99181640625,0.017251690280354597
0.9918359375,-0.06881157411792893
0.99185546875,-0.4382642682401868
0.991875,-0.3082123015299898
0.99189453125,-0.18728362191546505
0.9919140625,-0.3065425883196811
0.99193359375,-0.2055008515186707
0.991953125,-0.3837190570712582
0.99197265625,-0.8724082276847431
0.9919921875,-0.8625343148335584
0.99201171875,-0.3639630715347137
0.99203125,0.010534834990145545
0.99205078125,0.04830897852094221
0.9920703125,0.07019099827299097
0.99208984375,0.1261835321704312
0.992109375,0.04998839146489158
0.99212890625,0.20264863703910516
0.9921484375,0.3417761896646256
0.99216796875,-0.06598775363738055
0.9921875,-0.2155944281943143
0.99220703125,0.060939368064182986
0.9922265625,-0.1522642967285897
0.99224609375,-0.5059872366640542
0.992265625,-0.4582293712458446
0.99228515625,-0.3533507948914353
0.9923046875,-0.3464113126952258
0.99232421875,-0.4980493931653266
0.99234375,-0.7704341175803077
0.99236328125,-0.8650489593049641
0.9923828125,-0.7891062389888195
0.99240234375,-0.645607515002278
0.992421875,-0.4162705134294861
0.99244140625,-0.21278754684459578
0.9924609375,-0.08138336930403732
0.99248046875,0.07040119170188808
0.9925,0.16011907823649127
0.99251953125,0.03567652216972614
0.9925390625,-0.14256232850385148
0.99255859375,-0.23763541871147825
0.992578125,-0.26049679892263766
0.99259765625,-0.13997000596533302
0.9926171875,0.014673401693777713
0.99263671875,0.04839833218689965
0.99265625,-0.03138054169304085
0.99267578125,-0.09231808981731814
0.9926953125,0.039061050009496556
0.99271484375,0.24646807151179417
0.992734375,0.22718728652659573
0.99275390625,0.09069565913404962
0.9927734375,0.11959708861038382
0.99279296875,0.17120662434151462
0.9928125,0.20469859242730196
0.99283203125,0.2594229539222683
0.9928515625,0.13208475413441664
0.99287109375,-0.05588994550964978
0.992890625,-0.11841393535254117
0.99291015625,-0.1772617249890319
0.9929296875,-0.3139620290100551
0.99294921875,-0.4964417517757094
0.99296875,-0.6958550930675678
0.99298828125,-0.7731777198765326
0.9930078125,-0.6443514188819086
0.99302734375,-0.6866977276986692
0.993046875,-0.9217387337237279
0.99306640625,-0.8362716398356609
0.9930859375,-0.7391515595707607
0.99310546875,-0.9957393442669874
0.993125,-0.996447821413689
0.99314453125,-0.5370929429197684
0.9931640625,-0.2966891661420761
0.99318359375,-0.4079319913186784
0.993203125,-0.3788104179465442
0.99322265625,-0.3012412481096137
0.9932421875,-0.23147715931681692
0.99326171875,-0.06910460368153454
0.99328125,-0.24909891078113808
0.99330078125,-0.4905930200198594
0.9933203125,-0.14381359083480566
0.99333984375,0.16383093293420356
0.993359375,-0.12231156599133104
0.99337890625,-0.2613905572425034
0.9933984375,-0.03539772646922648
0.99341796875,-0.031420777970046054
0.9934375,-0.17242566343835614
0.99345703125,-0.3091857815410036
0.9934765625,-0.4121314250278951
0.99349609375,-0.3097968872825453
0.993515625,-0.2718743848542937
0.99353515625,-0.2518954553740033
0.9935546875,-0.005950277294475699
0.99357421875,-0.06392129824287349
0.99359375,-0.5692045834531951
0.99361328125,-0.7265219405842425
0.9936328125,-0.3959345590458654
0.99365234375,-0.32186670095569764
0.993671875,-0.37330589363295
0.99369140625,0.0221983494326803
0.9937109375,0.23175258514724378
0.99373046875,-0.18508025424486674
0.99375,-0.4478782350181323
0.99376953125,-0.06708953896168855
0.9937890625,0.32220942523856705
0.99380859375,0.0016099267822930474
0.993828125,-0.3786904894117755
0.99384765625,-0.3161286699390793
0.9938671875,-0.5298799225705376
0.99388671875,-0.7859656502563522
0.99390625,-0.5093343672129753
0.99392578125,-0.1723775419449171
0.9939453125,-0.12645354299481754
0.99396484375,-0.21856666391570923
0.993984375,-0.12979031400464375
0.99400390625,0.12496381828240576
0.9940234375,0.2571082140186947
0.99404296875,0.277853978684235
0.9940625,0.18085681934602693
0.99408203125,0.046846402066713214
0.9941015625,0.09944779089759437
0.99412109375,0.1836749490791216
0.994140625,0.1801288371018115
0.99416015625,0.19185064725340845
0.9941796875,0.20121679631541822
0.99419921875,0.24480018631399103
0.99421875,0.20398320271103632
0.99423828125,0.008693528515851857
0.9942578125,0.06324585113875977
0.99427734375,0.22806579569587748
0.994296875,0.022852071315532546
0.99431640625,-0.1753492614815902
0.9943359375,0.1343766923814787
0.99435546875,0.4515496693298162
0.994375,0.0996407241222214
0.99439453125,-0.13698790119141563
0.9944140625,0.2300424360795601
0.99443359375,0.19443255639159995
0.994453125,-0.01480996494461237
0.99447265625,0.28731781293523895
0.9944921875,0.30120046234226505
0.99451171875,-0.08720445048309063
0.99453125,0.06767320087785314
0.99455078125,0.5055553214858742
0.9945703125,0.4125304865431657
0.99458984375,0.1605140227991314
0.994609375,0.17843397060698013
0.99462890625,0.24941653008847137
0.9946484375,0.3501169255747281
0.99466796875,0.4043967698484063
0.9946875,0.330316845838708
0.99470703125,0.37217992984155607
0.9947265625,0.5214246409862779
0.99474609375,0.562361820256793
0.994765625,0.5254984522812625
0.99478515625,0.5526545350017313
0.9948046875,0.5457324683158586
0.99482421875,0.3360362789389197
0.99484375,0.11807433242102525
0.99486328125,0.05086316961945481
0.9948828125,0.044586571241516756
0.99490234375,0.006947334383423945
0.994921875,-0.1213739000020452
0.99494140625,-0.2189462009935018
0.9949609375,-0.20250120706838254
0.99498046875,-0.10880566521336268
0.995,-0.07924523913848326
0.99501953125,-0.2138627761374422
0.9950390625,-0.2708943037941006
0.99505859375,-0.2806422195288101
0.995078125,-0.4042168244140142
0.99509765625,-0.514963253540974
0.9951171875,-0.4299500942904049
0.99513671875,-0.07921633486645793
0.99515625,-0.014174664409526208
0.99517578125,-0.39807380345712556
0.9951953125,-0.4057005826642275
0.99521484375,0.009762016308594041
0.995234375,0.1643271520330412
0.99525390625,0.1931983561519794
0.9952734375,0.31330406133832867
0.99529296875,0.36723931675794885
0.9953125,0.5604860633631651
0.99533203125,0.6304396730083883
0.9953515625,0.39458481401378565
0.99537109375,0.3540880513620398
0.995390625,0.47141194553849713
0.99541015625,0.4987238179958978
0.9954296875,0.41234366889115637
0.99544921875,0.3759456184722802
0.99546875,0.5637868689305492
0.99548828125,0.7300863474537418
0.9955078125,0.7055205795989803
0.99552734375,0.5407501723806198
0.995546875,0.3498816402524329
0.99556640625,0.3728331666354336
0.9955859375,0.4190224545745518
0.99560546875,0.14767176242213584
0.995625,0.05699233626669126
0.99564453125,0.5057661681528647
0.9956640625,0.7980192430508382
0.99568359375,0.5926893960501407
0.995703125,0.2865494774866637
0.99572265625,0.06355482333660128
0.9957421875,-0.07275801023621327
0.99576171875,-0.23894736424093158
0.99578125,-0.3970514013273048
0.99580078125,-0.29070607563367
0.9958203125,-0.20572058917840436
0.99583984375,-0.31677902272171565
0.995859375,-0.3648936768977832
0.99587890625,-0.40771346220798005
0.9958984375,-0.2013029036693993
0.99591796875,0.2348552061188035
0.9959375,0.1866803658774285
0.99595703125,0.01166562361326308
0.9959765625,0.27933582192828066
0.99599609375,0.5440339342149086
0.996015625,0.5817869064994532
0.99603515625,0.5219072345820148
0.9960546875,0.6132147241264105
0.99607421875,0.7896555464666116
0.99609375,0.5929678205527906
0.99611328125,0.5064427342319826
0.9961328125,0.8734475373682158
0.99615234375,0.8478049846600013
0.996171875,0.41270359483150504
0.99619140625,0.2751921641414571
0.9962109375,0.29330507782112347
0.99623046875,0.26203026087128095
0.99625,0.1775345602767374
0.99626953125,-0.1129024052524789
0.9962890625,-0.27391563244205236
0.99630859375,-0.1323662494967788
0.996328125,0.06302527166430712
0.99634765625,0.3270648670794434
0.9963671875,0.3661083406812533
0.99638671875,0.2307470861166549
0.99640625,0.3979437378852055
0.99642578125,0.47618023229170847
0.9964453125,0.387459292692249
0.99646484375,0.3289273305804059
0.996484375,0.12359113672908327
0.99650390625,0.24678341054070585
0.9965234375,0.5201889027593386
0.99654296875,0.3865107451380613
0.9965625,0.5040217386928089
0.99658203125,0.7693731363687984
0.9966015625,0.6267802189353695
0.99662109375,0.6672878496848429
0.996640625,0.8149088205240003
0.99666015625,0.5720730066434693
0.9966796875,0.39020183246059714
0.99669921875,0.6031786200070779
0.99671875,0.9047033822394859
0.99673828125,0.7808013929454665
0.9967578125,0.42229382511174907
0.99677734375,0.4235381834733542
0.996796875,0.38532884999461015
0.99681640625,0.30063878115502324
0.9968359375,0.672886094506722
0.99685546875,0.7600387355178719
0.996875,0.5601777132084402
0.99689453125,0.82042713023325
0.9969140625,0.8932035646456316
0.99693359375,0.5134044727599625
0.996953125,0.2561451177430889
0.99697265625,0.2564419905742184
0.9969921875,0.3382570149005477
0.99701171875,0.09008186115495073
0.99703125,-0.3475220668109784
0.99705078125,-0.3645444377789736
0.9970703125,-0.07756981681598249
0.99708984375,0.00344304989230354
0.997109375,-0.19068796451397607
0.99712890625,-0.32881361905660567
0.9971484375,-0.19613766043886582
0.99716796875,-0.18777616557494042
0.9971875,-0.46951060349563184
0.99720703125,-0.4076530784406713
0.9972265625,-0.18138649401213283
0.99724609375,-0.17710923722245725
0.997265625,0.14662997754301074
0.99728515625,0.5069730747647028
0.9973046875,0.2920157780502341
0.99732421875,-0.0010402606850074326
0.99734375,0.14223591441876476
0.99736328125,0.5203579828393992
0.9973828125,0.5515062756691087
0.99740234375,0.114969106205122
0.997421875,0.027087031623191107
0.99744140625,0.41500984633589333
0.9974609375,0.44258144212581363
0.99748046875,0.176696980549623
0.9975,0.13433675062383515
0.99751953125,0.32638380676880424
0.9975390625,0.5632563556192444
0.99755859375,0.7781203908612639
0.997578125,0.9078090812769137
0.99759765625,0.6236534541418904
0.9976171875,0.2842975823561651
0.99763671875,0.3924842444393331
0.99765625,0.4510717666200375
0.99767578125,0.32532247075333354
0.9976953125,0.3246062395782269
0.99771484375,0.36068205530245223
0.997734375,0.36062331820799143
0.99775390625,0.27154561664349913
0.9977734375,0.07579426342241524
0.99779296875,-0.1803199153319979
0.9978125,-0.47585413418772093
0.99783203125,-0.5318313583871702
0.9978515625,-0.36624975741460675
0.99787109375,-0.36269886697985754
0.997890625,-0.31063878761303126
0.99791015625,-0.2695386978646207
0.9979296875,-0.5659499315167856
0.99794921875,-0.5934517244390958
0.99796875,-0.39149503046155487
0.99798828125,-0.41465235082648544
0.9980078125,-0.153947695761878
0.99802734375,0.10641073498001107
0.998046875,-0.029114694106390022
0.99806640625,-0.014305099123639968
0.9980859375,0.0610459709850631
0.99810546875,0.12075107156518114
0.998125,0.29493316814092047
0.99814453125,0.3312861174520776
0.9981640625,0.46962507146318466
0.99818359375,0.6853849395157832
0.998203125,0.5406933659048307
0.99822265625,0.20656055326301037
0.9982421875,-0.05106901402790483
0.99826171875,-0.06065631225078477
0.99828125,-0.022003676457230587
0.99830078125,-0.2874618752442474
0.9983203125,-0.3725821751736702
0.99833984375,-0.08320852990823024
0.998359375,0.13059623976618978
0.99837890625,0.004691554642697743
0.9983984375,-0.32197949213885857
0.99841796875,-0.20479266455475514
0.9984375,0.08960569410831581
0.99845703125,0.08923048096147557
0.9984765625,0.26774786574795334
0.99849609375,0.41460962688942593
0.998515625,0.37667184897856304
0.99853515625,0.44213298659501216
0.9985546875,0.489295905813379
0.99857421875,0.4324891507879884
0.99859375,0.15331356281561545
0.99861328125,0.06773904175424998
0.9986328125,0.2758458348298301
0.99865234375,0.21539037569126374
0.998671875,0.27573484674616355
0.99869140625,0.5205333478315294
0.9987109375,0.5764860975188608
0.99873046875,0.6554228482071345
0.99875,0.5368439529374066
0.99876953125,0.3109416239478706
0.9987890625,0.3855303616945105
0.99880859375,0.4544075603154495
0.998828125,0.4348503340477149
0.99884765625,0.3707746830641715
0.9988671875,0.15577161149941735
0.99888671875,0.06965815630349814
0.99890625,0.1398104962190596
0.99892578125,0.12718963168752626
0.9989453125,0.03701676589640457
0.99896484375,-0.03879067128090069
0.998984375,0.08329643891378345
0.99900390625,0.2491523775832292
0.9990234375,0.10099386062998159
0.99904296875,-0.11067046921861902
0.9990625,-0.2452339703965441
0.99908203125,-0.45587859415562454
0.9991015625,-0.42541116872790136
0.99912109375,-0.24477809164307876
0.999140625,-0.314544859403515
0.99916015625,-0.3930335576419093
0.9991796875,-0.4600527353421008
0.99919921875,-0.6897352217001014
0.99921875,-0.7720280926494758
0.99923828125,-0.5525310270850262
0.9992578125,-0.26931524793910416
0.99927734375,-0.12667550711900608
0.999296875,-0.17476434435469185
0.99931640625,-0.16654885501871158
0.9993359375,0.12153252953592503
0.99935546875,0.4324237897906397
0.999375,0.5468745409639302
0.99939453125,0.4312315963477775
0.9994140625,0.41495031157938633
0.99943359375,0.5335057513883953
0.999453125,0.08174743475027275
0.99947265625,-0.4570170653607311
0.9994921875,-0.5481834809338564
0.99951171875,-0.5707615086281921
0.99953125,-0.4225386837313172
0.99955078125,-0.3891774750288303
0.9995703125,-0.4167520669426035
0.99958984375,-0.11812496060430654
0.999609375,0.07267573584835416
0.99962890625,0.12869438496090707
0.9996484375,0.04601241729900281
0.99966796875,-0.3922991328830996
0.9996875,-0.6755038429393885
0.99970703125,-0.607175820277664
0.9997265625,-0.844425281368067
0.99974609375,-1.3276180427184954
0.999765625,-1.241570543887153
0.99978515625,-0.7775586960430372
0.9998046875,-0.6951112154567759
0.99982421875,-0.8252000343702062
0.99984375,-0.6007733449400029
0.99986328125,-0.20768364149905932
0.9998828125,-0.12562895669460125
0.99990234375,-0.13747749146650295
0.999921875,-0.09799027532535917
0.99994140625,-0.3363227521141152
0.9999609375,-0.5643730929424926
0.99998046875,-0.48229983772450025
1.0,-0.4422430778558901
